0.03755076923076923
0.045895384615384616
0.034630153846153845
-0.0006258461538461538
-0.06300184615384616
-0.10535076923076922
-0.11077476923076923
-0.07531015384615385
-0.03129230769230769
-0.012934153846153845
0.005215384615384615
0.0077187692307692304
0.015646153846153844
0.005424
-0.03838523076923077
-0.09033046153846153
-0.15082892307692305
-0.15416676923076922
-0.10743692307692307
-0.05507446153846154
-0.003129230769230769
0.033169846153846154
0.07510153846153846
0.10868861538461538
0.11473846153846154
0.0963803076923077
0.033169846153846154
-0.05444861538461539
-0.11411261538461538
-0.12370892307692308
-0.08135999999999999
-0.02899753846153846
0.0008344615384615384
0.029414769230769227
0.06487938461538462
0.09533723076923077
0.10055261538461538
0.06654830769230768
0.003963692307692307
-0.04526953846153846
-0.06195876923076923
-0.03337846153846154
0.018775384615384614
0.04860738461538461
0.05924676923076923
0.07259815384615384
0.09512861538461538
0.10639384615384614
0.08219446153846154
0.015020307692307692
-0.058412307692307694
-0.09325107692307691
-0.06759138461538462
0.0006258461538461538
0.0744756923076923
0.12245723076923076
0.14436184615384615
0.16021661538461537
0.15813046153846153
0.12162276923076921
0.047772923076923074
-0.03483876923076923
-0.09116492307692307
-0.10660246153846153
-0.07697907692307693
-0.016063384615384615
0.04401784615384615
0.07238953846153846
0.08302892307692307
0.09283384615384616
0.08198584615384615
0.04130584615384615
-0.03129230769230769
-0.11202646153846153
-0.15145476923076923
-0.1358086153846154
-0.08156861538461539
-0.021696
0.014185846153846153
0.03755076923076923
0.05611753846153846
0.06946892307692307
0.06613107692307692
0.01814953846153846
-0.0446436923076923
-0.07927384615384615
-0.06487938461538462
-0.011682461538461537
0.05090215384615384
0.10618523076923077
0.12496061538461539
0.12934153846153845
0.12245723076923076
0.10096984615384616
0.06195876923076923
-0.011473846153846154
-0.07405846153846153
-0.10910584615384614
-0.0853236923076923
-0.029623384615384614
0.011891076923076923
0.053405538461538456
0.07468430769230769
0.09116492307692307
0.09930092307692308
0.07948246153846153
0.025659692307692307
-0.040262769230769234
-0.07197230769230768
-0.0771876923076923
-0.04631261538461538
-0.0002086153846153846
0.040679999999999994
0.0828203076923077
0.11828492307692307
0.13205353846153844
0.10159569230769232
0.059664
0.002086153846153846
-0.06592246153846154
-0.09053907692307692
-0.06884307692307692
-0.02232184615384615
0.035464615384615386
0.08574092307692306
0.1178676923076923
0.13393107692307693
0.11348676923076922
0.059872615384615385
-0.021904615384615383
-0.1136953846153846
-0.154584
-0.13706030769230768
-0.09512861538461538
-0.04214030769230769
0.0077187692307692304
0.043392
0.06404492307692307
0.065088
0.040262769230769234
-0.021070153846153846
-0.09909230769230769
-0.14853415384615384
-0.157296
-0.13872923076923074
-0.11703323076923078
-0.08720123076923077
-0.05736923076923077
-0.026702769230769228
0.022530461538461537
0.04547815384615384
0.024408000000000003
-0.03108369230769231
-0.08636676923076922
-0.10430769230769231
-0.08824430769230769
-0.04985907692307692
-0.017315076923076923
0.013768615384615384
0.046104
0.0936683076923077
0.11160923076923077
0.07405846153846153
0.01856676923076923
-0.06571384615384615
-0.11619876923076923
-0.11745046153846153
-0.09387692307692307
-0.04714707692307692
-0.03024923076923077
-0.008136
0.03483876923076923
0.06821723076923077
0.06967753846153846
0.01814953846153846
-0.041514461538461535
-0.09491999999999999
-0.11452984615384615
-0.09116492307692307
-0.06258461538461538
-0.03567323076923076
-0.015228923076923076
0.015646153846153844
0.04714707692307692
0.07259815384615384
0.07280676923076923
0.029623384615384614
-0.015437538461538461
-0.03984553846153846
-0.011265230769230769
0.03880246153846154
0.06967753846153846
0.09387692307692307
0.11223507692307692
0.15562707692307692
0.18900553846153845
0.17481969230769231
0.13497415384615385
0.06446215384615385
0.004798153846153846
-0.011891076923076923
-0.007301538461538462
0.0014603076923076922
0.004589538461538461
0.01397723076923077
0.04735569230769231
0.10764553846153846
0.14206707692307693
0.12725538461538463
0.07030338461538461
-0.01668923076923077
-0.06467076923076923
-0.07051199999999999
-0.059038153846153844
-0.045060923076923075
-0.03963692307692308
-0.007927384615384614
0.04401784615384615
0.08720123076923077
0.103056
0.07280676923076923
0.016480615384615385
-0.03692492307692308
-0.041514461538461535
-0.015437538461538461
-0.0008344615384615384
0.010222153846153844
0.024616615384615383
0.05820369230769231
0.0853236923076923
0.1045163076923077
0.09158215384615384
0.03483876923076923
-0.022530461538461537
-0.06821723076923077
-0.06446215384615385
-0.05820369230769231
-0.07280676923076923
-0.06362769230769232
-0.03400430769230769
0.03400430769230769
0.09429415384615383
0.10743692307692307
0.09053907692307692
