0.13768615384615385
0.14665661538461539
0.10576799999999999
0.04652123076923077
-0.010013538461538461
-0.02482523076923077
-0.0008344615384615384
0.027120000000000002
0.06738276923076922
0.0855323076923077
0.08907876923076924
0.09429415384615383
0.07051199999999999
0.04652123076923077
-0.011473846153846154
-0.08636676923076922
-0.1205796923076923
-0.1178676923076923
-0.07280676923076923
-0.035255999999999996
0.015854769230769228
0.05674338461538461
0.08031692307692308
0.11953661538461538
0.11140061538461538
0.06654830769230768
-0.028788923076923077
-0.1205796923076923
-0.14081538461538462
-0.12767261538461538
-0.09095630769230768
-0.06383630769230769
-0.028788923076923077
0.01814953846153846
0.05507446153846154
0.08448923076923077
0.06341907692307691
-0.0002086153846153846
-0.06049846153846154
-0.08720123076923077
-0.07197230769230768
-0.04214030769230769
-0.009179076923076922
0.006049846153846154
0.015228923076923076
0.04819015384615385
0.07635323076923077
0.09533723076923077
0.06800861538461538
0.0008344615384615384
-0.043392
-0.055491692307692304
-0.037342153846153844
-0.014811692307692307
0.015437538461538461
0.04318338461538461
0.07739630769230768
0.10430769230769231
0.11098338461538461
0.0934596923076923
0.02524246153846154
-0.02086153846153846
-0.03483876923076923
-0.025659692307692307
-0.0012516923076923076
0.011682461538461537
0.02899753846153846
0.050067692307692306
0.08469784615384615
0.11077476923076923
0.11432123076923076
0.08219446153846154
0.013560000000000001
-0.040262769230769234
-0.052571076923076915
-0.042348923076923076
-0.01981846153846154
0.011265230769230769
0.03629907692307692
0.06967753846153846
0.09429415384615383
0.10806276923076923
0.08490646153846154
0.028163076923076923
-0.0070929230769230765
-0.006884307692307692
0.017315076923076923
0.02858030769230769
0.03901107692307692
0.033169846153846154
0.04631261538461538
0.08615815384615384
0.10263876923076923
0.10535076923076922
0.06341907692307691
0.021696
0.0025033846153846152
-0.008344615384615384
-0.0002086153846153846
-0.004798153846153846
-0.002086153846153846
0.02357353846153846
0.07092923076923077
0.13643446153846153
0.17502830769230768
0.15667015384615385
0.09074769230769231
0.016480615384615385
-0.02044430769230769
-0.02357353846153846
-0.011265230769230769
0.0002086153846153846
0.0070929230769230765
0.040679999999999994
0.07280676923076923
0.08448923076923077
0.055491692307692304
-0.013560000000000001
-0.06696553846153847
-0.08574092307692306
-0.055491692307692304
-0.017315076923076923
0.013351384615384614
0.03212676923076923
0.037967999999999995
0.07635323076923077
0.11098338461538461
0.1045163076923077
0.05590892307692308
-0.02273907692307692
-0.0828203076923077
-0.11140061538461538
-0.10868861538461538
-0.07843938461538462
-0.05674338461538461
-0.025033846153846153
0.013351384615384614
0.05507446153846154
0.09095630769230768
0.07531015384615385
0.029623384615384614
-0.029414769230769227
-0.04985907692307692
-0.03379569230769231
-0.023364923076923075
-0.013560000000000001
-0.011265230769230769
0.014603076923076923
0.04130584615384615
0.06404492307692307
0.06717415384615384
0.017940923076923077
-0.026911384615384615
-0.06195876923076923
-0.06362769230769232
-0.03921969230769231
-0.021278769230769233
-0.007510153846153846
-0.003755076923076923
0.021696
0.06425353846153846
0.0855323076923077
0.06154153846153846
0.0008344615384615384
-0.07364123076923076
-0.11640738461538462
-0.10994030769230768
-0.08866153846153846
-0.06383630769230769
-0.03108369230769231
0.010848
0.056951999999999996
0.08386338461538462
0.07218092307692307
0.03629907692307692
-0.012934153846153845
-0.034630153846153845
-0.028371692307692306
-0.021278769230769233
-0.0029206153846153843
0.0025033846153846152
0.021278769230769233
0.05277969230769231
0.07572738461538461
0.07927384615384615
0.019609846153846155
-0.05194523076923077
-0.11202646153846153
-0.13121907692307694
-0.10681107692307691
-0.08323753846153846
-0.04672984615384615
-0.025033846153846153
0.008761846153846153
0.051528
0.07134646153846153
0.056951999999999996
-0.003129230769230769
-0.05319692307692307
-0.07969107692307692
-0.07614461538461538
-0.056326153846153845
-0.033169846153846154
-0.009804923076923077
-0.006258461538461538
0.02586830769230769
0.055491692307692304
0.035464615384615386
-0.015228923076923076
-0.0826116923076923
-0.12037107692307693
-0.11098338461538461
-0.06300184615384616
-0.0022947692307692304
0.016480615384615385
0.018358153846153843
0.028163076923076923
0.03024923076923077
0.03150092307692308
0.006884307692307692
-0.030040615384615384
-0.061750153846153844
-0.07259815384615384
-0.04631261538461538
-0.02211323076923077
-0.018358153846153843
-0.027328615384615382
-0.01668923076923077
0.004589538461538461
0.02357353846153846
0.0446436923076923
0.035255999999999996
0.015020307692307692
0.015228923076923076
0.052153846153846155
0.09679753846153846
0.09825784615384614
0.07635323076923077
0.04214030769230769
0.010222153846153844
0.004798153846153846
0.006049846153846154
-0.005841230769230769
-0.022947692307692308
