-0.002086153846153846
-0.011265230769230769
-0.012308307692307691
0.01272553846153846
0.051319384615384614
0.06341907692307691
0.044435076923076924
0.006884307692307692
-0.02273907692307692
-0.024408000000000003
-0.0043809230769230765
0.014394461538461538
0.010848
0.012308307692307691
0.021696
0.03838523076923077
0.043600615384615383
0.017315076923076923
-0.03567323076923076
-0.09325107692307691
-0.10827138461538462
-0.08490646153846154
-0.04985907692307692
-0.027328615384615382
-0.010222153846153844
0.008970461538461538
0.035464615384615386
0.07238953846153846
0.08720123076923077
0.051528
-0.008761846153846153
-0.0446436923076923
-0.042557538461538466
-0.011891076923076923
0.005215384615384615
0.006884307692307692
0.012516923076923077
0.024616615384615383
0.061124307692307686
0.08991323076923076
0.07510153846153846
0.031918153846153846
-0.018775384615384614
-0.04088861538461538
-0.015646153846153844
0.011473846153846154
0.022947692307692308
0.023990769230769232
0.03233538461538461
0.06341907692307691
0.07697907692307693
0.06529661538461538
0.02482523076923077
-0.03629907692307692
-0.06884307692307692
-0.06300184615384616
-0.03567323076923076
-0.023364923076923075
-0.028788923076923077
-0.0002086153846153846
0.0446436923076923
0.08761846153846153
0.12016246153846154
0.10389046153846154
0.05444861538461539
-0.003963692307692307
-0.030040615384615384
-0.015646153846153844
0.004589538461538461
0.016272
0.01668923076923077
0.011682461538461537
0.010222153846153844
0.016897846153846156
-0.0002086153846153846
-0.04318338461538461
-0.06905169230769231
-0.07405846153846153
-0.046104
-0.015228923076923076
-0.021070153846153846
-0.03483876923076923
-0.054657230769230764
-0.047772923076923074
-0.01710646153846154
-0.013142769230769229
-0.034630153846153845
-0.0678
-0.078648
-0.07489292307692308
-0.07009476923076922
-0.051319384615384614
-0.06905169230769231
-0.09158215384615384
-0.08156861538461539
-0.051528
-0.004172307692307692
-0.0014603076923076922
-0.02524246153846154
-0.04944184615384615
-0.050067692307692306
-0.025033846153846153
-0.007927384615384614
-0.004589538461538461
-0.026494153846153844
-0.031709538461538456
-0.010222153846153844
0.03024923076923077
0.07405846153846153
0.07572738461538461
0.051319384615384614
0.034630153846153845
0.040679999999999994
0.06133292307692308
0.05090215384615384
0.014394461538461538
-0.024408000000000003
-0.038176615384615385
0.003755076923076923
0.06133292307692308
0.10514215384615383
0.12099692307692309
0.1316363076923077
0.168144
0.19568123076923075
0.206112
0.16710092307692306
0.09074769230769231
0.03859384615384615
0.01814953846153846
0.044435076923076924
0.06738276923076922
0.07510153846153846
0.07259815384615384
0.06592246153846154
0.08156861538461539
0.08448923076923077
0.07030338461538461
0.02357353846153846
-0.029623384615384614
-0.044435076923076924
-0.017523692307692306
0.03755076923076923
0.04965046153846154
0.028163076923076923
-0.009596307692307692
-0.05444861538461539
-0.05862092307692307
-0.06404492307692307
-0.073224
-0.11286092307692308
-0.16480615384615382
-0.14999446153846155
-0.11140061538461538
-0.05820369230769231
-0.010013538461538461
0.020652923076923076
0.05111076923076923
0.06613107692307692
0.07343261538461537
0.03337846153846154
-0.05653476923076922
-0.13330523076923076
-0.16897846153846155
-0.1531236923076923
-0.10827138461538462
-0.04401784615384615
0.013351384615384614
0.04526953846153846
0.07468430769230769
0.07301538461538462
0.03567323076923076
-0.023782153846153845
-0.09158215384615384
-0.12329169230769231
-0.10827138461538462
-0.04860738461538461
0.02023569230769231
0.0678
0.09930092307692308
0.1136953846153846
0.10910584615384614
0.07092923076923077
-0.0014603076923076922
-0.07113784615384615
-0.12308307692307692
-0.14039815384615384
-0.10055261538461538
-0.027120000000000002
0.05382276923076923
0.11849353846153846
0.154584
0.16647507692307692
0.16418030769230768
0.12204
0.03775938461538462
-0.05799507692307692
-0.127464
-0.11870215384615385
-0.06884307692307692
-0.011265230769230769
0.05382276923076923
0.10785415384615385
0.15625292307692307
0.16981292307692308
0.12808984615384614
0.045895384615384616
-0.058412307692307694
-0.13184492307692308
-0.14728246153846153
-0.10055261538461538
-0.02315630769230769
0.03379569230769231
0.07948246153846153
0.12141415384615384
0.14686523076923075
0.12913292307692306
0.0678
-0.009596307692307692
-0.09116492307692307
-0.12099692307692309
-0.08511507692307693
-0.017315076923076923
0.050067692307692306
0.08866153846153846
0.12099692307692309
0.1314276923076923
0.10514215384615383
0.061124307692307686
-0.01668923076923077
-0.09491999999999999
-0.12642092307692307
-0.10576799999999999
-0.03859384615384615
0.015020307692307692
0.05757784615384615
0.11599015384615384
0.14060676923076923
0.12829846153846153
0.0934596923076923
0.026285538461538457
-0.07155507692307693
-0.15520984615384617
-0.17481969230769231
