0.021070153846153846
-0.07572738461538461
-0.1314276923076923
-0.1314276923076923
-0.07781353846153846
-0.029623384615384614
0.015228923076923076
0.047981538461538464
0.07092923076923077
0.09930092307692308
0.08761846153846153
0.03233538461538461
-0.03963692307692308
-0.09053907692307692
-0.09179076923076923
-0.06362769230769232
0.0035464615384615383
0.07697907692307693
0.12662953846153846
0.17648861538461538
0.20235692307692305
0.1940123076923077
0.1178676923076923
-0.002086153846153846
-0.09450276923076922
-0.14519630769230768
-0.12016246153846154
-0.04568676923076923
0.02273907692307692
0.07092923076923077
0.11599015384615384
0.15395815384615386
0.15667015384615385
0.12934153846153845
0.06675692307692307
-0.006049846153846154
-0.03942830769230769
-0.02858030769230769
0.015854769230769228
0.05382276923076923
0.07656184615384615
0.10514215384615383
0.11870215384615385
0.13497415384615385
0.13309661538461537
0.09199938461538461
0.030875076923076922
-0.03671630769230769
-0.04735569230769231
-0.023364923076923075
0.0012516923076923076
0.0446436923076923
0.07927384615384615
0.10201292307692307
0.1314276923076923
0.14436184615384615
0.13497415384615385
0.08302892307692307
0.005841230769230769
-0.03629907692307692
-0.04693846153846153
-0.02858030769230769
-0.009804923076923077
0.005215384615384615
0.025659692307692307
0.06613107692307692
0.11995384615384615
0.11870215384615385
0.07823076923076923
0.013560000000000001
-0.0609156923076923
-0.0828203076923077
-0.07405846153846153
-0.04756430769230769
0.0070929230769230765
0.04631261538461538
0.09596307692307693
0.13706030769230768
0.12120553846153845
0.07364123076923076
-0.010848
-0.08052553846153847
-0.12120553846153845
-0.12224861538461537
-0.08428061538461538
-0.07092923076923077
-0.03880246153846154
-0.0035464615384615383
0.042557538461538466
0.09450276923076922
0.09450276923076922
0.07009476923076922
0.006467076923076923
-0.059872615384615385
-0.07948246153846153
-0.07259815384615384
-0.05403138461538461
-0.03212676923076923
0.0029206153846153843
0.040679999999999994
0.07197230769230768
0.07906523076923076
0.049233230769230765
-0.0077187692307692304
-0.06988615384615385
-0.09033046153846153
-0.08031692307692308
-0.056951999999999996
-0.035464615384615386
-0.019609846153846155
0.018775384615384614
0.06341907692307691
0.09283384615384616
0.08740984615384616
0.041514461538461535
-0.00855323076923077
-0.03421292307692308
-0.021070153846153846
0.003129230769230769
0.013768615384615384
0.040054153846153843
0.06383630769230769
0.10201292307692307
0.13893784615384613
0.13455692307692307
0.09074769230769231
0.014185846153846153
-0.0446436923076923
-0.07426707692307692
-0.059038153846153844
-0.035464615384615386
-0.01856676923076923
0.021904615384615383
0.05653476923076922
0.10263876923076923
0.1353913846153846
0.11265230769230769
0.06759138461538462
0.012934153846153845
-0.02044430769230769
-0.01397723076923077
0.0008344615384615384
0.01668923076923077
0.024616615384615383
0.05382276923076923
0.10493353846153847
0.14811692307692306
0.1652233846153846
0.11703323076923078
0.03838523076923077
-0.02858030769230769
-0.05298830769230769
-0.04401784615384615
-0.03588184615384615
-0.025659692307692307
-0.010639384615384617
0.040054153846153843
0.10243015384615384
0.13789476923076924
0.12245723076923076
0.05444861538461539
-0.0014603076923076922
-0.029414769230769227
-0.03296123076923077
-0.029623384615384614
-0.04047138461538462
-0.052153846153846155
-0.04088861538461538
0.006049846153846154
0.06905169230769231
0.11286092307692308
0.09930092307692308
0.055491692307692304
0.013560000000000001
-0.0050067692307692304
-0.0002086153846153846
-0.004798153846153846
-0.003129230769230769
0.00855323076923077
0.03921969230769231
0.08740984615384616
0.119328
0.10493353846153847
0.04172307692307692
-0.02795446153846154
-0.06529661538461538
-0.06675692307692307
-0.06571384615384615
-0.05653476923076922
-0.030875076923076922
0.017523692307692306
0.07405846153846153
0.10994030769230768
0.10368184615384615
0.033169846153846154
-0.056951999999999996
-0.12662953846153846
-0.1489513846153846
-0.1356
-0.11432123076923076
-0.0988836923076923
-0.07677046153846154
-0.03504738461538461
0.009596307692307692
0.04088861538461538
0.01668923076923077
-0.030875076923076922
-0.0744756923076923
-0.10994030769230768
-0.10117846153846152
-0.0880356923076923
-0.06529661538461538
-0.026494153846153844
0.006049846153846154
0.06633969230769231
0.10430769230769231
0.10263876923076923
0.06821723076923077
0.005841230769230769
-0.03609046153846154
-0.061124307692307686
-0.07092923076923077
-0.0892873846153846
-0.08219446153846154
-0.052571076923076915
-0.012934153846153845
0.054240000000000003
0.08219446153846154
0.0853236923076923
0.04819015384615385
-0.003963692307692307
-0.012516923076923077
-0.03483876923076923
-0.042348923076923076
-0.05382276923076923
-0.059038153846153844
-0.014394461538461538
0.005841230769230769
0.017315076923076923
-0.008136
-0.06362769230769232
-0.09325107692307691
-0.11181784615384616
-0.08720123076923077
