-0.05799507692307692
-0.003755076923076923
0.05277969230769231
0.09053907692307692
0.11265230769230769
0.1178676923076923
0.11953661538461538
0.10138707692307691
0.04902461538461538
-0.016897846153846156
-0.06800861538461538
-0.08323753846153846
-0.047981538461538464
0.017940923076923077
0.07656184615384615
0.12120553846153845
0.14832553846153845
0.16751815384615384
0.1656406153846154
0.14206707692307693
0.09471138461538461
0.02586830769230769
-0.029623384615384614
-0.04276615384615385
0.0002086153846153846
0.03692492307692308
0.04672984615384615
0.059038153846153844
0.07113784615384615
0.07510153846153846
0.05945538461538461
0.040262769230769234
0.005215384615384615
-0.04047138461538462
-0.04380923076923077
-0.009804923076923077
0.041514461538461535
0.07551876923076924
0.09179076923076923
0.10409907692307692
0.08845292307692308
0.08073415384615384
0.05924676923076923
0.009596307692307692
-0.038176615384615385
-0.06800861538461538
-0.04714707692307692
-0.0002086153846153846
0.05236246153846154
0.08031692307692308
0.09074769230769231
0.11703323076923078
0.13810338461538463
0.12683815384615382
0.06404492307692307
-0.011473846153846154
-0.07906523076923076
-0.1136953846153846
-0.10827138461538462
-0.08010830769230769
-0.031709538461538456
-0.009387692307692307
0.027745846153846152
0.07760492307692309
0.08907876923076924
0.05507446153846154
-0.021904615384615383
-0.0771876923076923
-0.11223507692307692
-0.11828492307692307
-0.09763200000000001
-0.08991323076923076
-0.06717415384615384
-0.03650769230769231
0.01272553846153846
0.05799507692307692
0.06070707692307692
0.03713353846153846
-0.028371692307692306
-0.07760492307692309
-0.07384984615384615
-0.048816000000000005
-0.026285538461538457
-0.027120000000000002
-0.011682461538461537
0.03775938461538462
0.09554584615384615
0.12955015384615384
0.11035753846153845
0.06550523076923077
0.010222153846153844
-0.021278769230769233
-0.012308307692307691
-0.01981846153846154
-0.03671630769230769
-0.04714707692307692
-0.03275261538461539
0.011891076923076923
0.05090215384615384
0.06967753846153846
0.03421292307692308
-0.021904615384615383
-0.055491692307692304
-0.06049846153846154
-0.042557538461538466
-0.02899753846153846
-0.020652923076923076
-0.011473846153846154
0.026702769230769228
0.07238953846153846
0.08615815384615384
0.061124307692307686
0.008970461538461538
-0.04088861538461538
-0.06592246153846154
-0.05173661538461538
-0.02273907692307692
-0.002086153846153846
0.02023569230769231
0.06425353846153846
0.11244369230769231
0.14686523076923075
0.1435273846153846
0.09429415384615383
0.032544
-0.02023569230769231
-0.03358707692307692
-0.025659692307692307
-0.030875076923076922
-0.04819015384615385
-0.04965046153846154
-0.004172307692307692
0.04693846153846153
0.07218092307692307
0.05486584615384615
0.013768615384615384
-0.005632615384615384
-0.0012516923076923076
0.024199384615384616
0.02586830769230769
0.01397723076923077
0.018775384615384614
0.03358707692307692
0.06070707692307692
0.078648
0.059872615384615385
0.013768615384615384
-0.030040615384615384
-0.03483876923076923
0.008136
0.05674338461538461
0.09533723076923077
0.12621230769230768
0.15896492307692306
0.18983999999999998
0.19192615384615386
0.15187199999999998
0.08240307692307691
-0.0070929230769230765
-0.07635323076923077
-0.09450276923076922
-0.0853236923076923
-0.05924676923076923
-0.04526953846153846
-0.026702769230769228
0.027120000000000002
0.06633969230769231
0.08177723076923075
0.054240000000000003
-0.012934153846153845
-0.05090215384615384
-0.073224
-0.059038153846153844
-0.03379569230769231
-0.050067692307692306
-0.06613107692307692
-0.06154153846153846
-0.017315076923076923
0.01710646153846154
-0.0002086153846153846
-0.04672984615384615
-0.0855323076923077
-0.07238953846153846
-0.02273907692307692
0.03024923076923077
0.04568676923076923
0.02586830769230769
0.022947692307692308
0.03963692307692308
0.07635323076923077
0.08866153846153846
0.04672984615384615
-0.015646153846153844
-0.07531015384615385
-0.09012184615384615
-0.08845292307692308
-0.09241661538461539
-0.0988836923076923
-0.11411261538461538
-0.0936683076923077
-0.0446436923076923
0.02044430769230769
0.051319384615384614
0.017523692307692306
-0.01710646153846154
-0.03212676923076923
-0.010639384615384617
0.016897846153846156
-0.0029206153846153843
-0.014185846153846153
-0.009596307692307692
0.017523692307692306
0.051528
0.04568676923076923
0.03129230769230769
-0.008344615384615384
-0.014603076923076923
-0.003129230769230769
0.015020307692307692
0.040262769230769234
0.007301538461538462
0.003129230769230769
0.013142769230769229
0.05736923076923077
0.11223507692307692
0.10076123076923077
0.06300184615384616
-0.016063384615384615
-0.04693846153846153
-0.04172307692307692
-0.05069353846153846
-0.053405538461538456
-0.08511507692307693
-0.06800861538461538
-0.01814953846153846
0.03859384615384615
0.08156861538461539
0.04172307692307692
0.0043809230769230765
-0.0043809230769230765
0.006675692307692307
0.025033846153846153
0.015646153846153844
-0.0014603076923076922
