-0.20924123076923076
-0.1635544615384615
-0.0936683076923077
-0.021487384615384613
0.026494153846153844
0.056951999999999996
0.07802215384615384
0.07697907692307693
0.037342153846153844
-0.037967999999999995
-0.11557292307692307
-0.1570873846153846
-0.1504116923076923
-0.11181784615384616
-0.05862092307692307
-0.013351384615384614
0.03421292307692308
0.06049846153846154
0.06800861538461538
0.051319384615384614
0.004589538461538461
-0.035464615384615386
-0.0853236923076923
-0.0880356923076923
-0.05048492307692308
0.017940923076923077
0.09658892307692307
0.13664307692307692
0.17085599999999998
0.17085599999999998
0.13455692307692307
0.05069353846153846
-0.05486584615384615
-0.12788123076923075
-0.13998092307692306
-0.09450276923076922
-0.026076923076923077
0.06487938461538462
0.15208061538461537
0.21195323076923075
0.23656984615384613
0.20652923076923077
0.11578153846153846
0.008136
-0.08866153846153846
-0.13643446153846153
-0.124752
-0.08198584615384615
-0.012308307692307691
0.05403138461538461
0.1207883076923077
0.16188553846153847
0.15938215384615384
0.11703323076923078
0.03483876923076923
-0.03296123076923077
-0.07197230769230768
-0.07843938461538462
-0.04088861538461538
0.0008344615384615384
0.03358707692307692
0.07489292307692308
0.1097316923076923
0.12662953846153846
0.10785415384615385
0.06070707692307692
0.0025033846153846152
-0.05924676923076923
-0.0963803076923077
-0.10535076923076922
-0.09283384615384616
-0.06341907692307691
-0.008344615384615384
0.054657230769230764
0.11181784615384616
0.15333230769230768
0.13747753846153846
0.05820369230769231
-0.047772923076923074
-0.10722830769230769
-0.11181784615384616
-0.08824430769230769
-0.0448523076923077
-0.0070929230769230765
0.029206153846153847
0.08219446153846154
0.12579507692307693
0.12537784615384615
0.06675692307692307
-0.024199384615384616
-0.086784
-0.09721476923076922
-0.05590892307692308
0.010848
0.06321046153846153
0.0974233846153846
0.1218313846153846
0.1422756923076923
0.14728246153846153
0.11160923076923077
0.04631261538461538
-0.02023569230769231
-0.06404492307692307
-0.06383630769230769
-0.040262769230769234
-0.010848
0.018775384615384614
0.04109723076923077
0.08240307692307691
0.12016246153846154
0.1424843076923077
0.12662953846153846
0.05820369230769231
0.008970461538461538
-0.018775384615384614
-0.02273907692307692
-0.017940923076923077
-0.006467076923076923
0.02211323076923077
0.037967999999999995
0.06300184615384616
0.07468430769230769
0.05403138461538461
-0.003755076923076923
-0.0961716923076923
-0.1353913846153846
-0.11160923076923077
-0.08302892307692307
-0.05653476923076922
-0.030875076923076922
0.005215384615384615
0.03984553846153846
0.061124307692307686
0.04631261538461538
-0.021487384615384613
-0.09241661538461539
-0.13601723076923075
-0.1316363076923077
-0.10138707692307691
-0.084072
-0.07927384615384615
-0.07781353846153846
-0.042348923076923076
0.0077187692307692304
0.03629907692307692
0.024199384615384616
-0.03379569230769231
-0.09429415384615383
-0.12725538461538463
-0.1097316923076923
-0.08115138461538463
-0.05611753846153846
-0.02524246153846154
0.004589538461538461
0.051319384615384614
0.0853236923076923
0.08907876923076924
0.04318338461538461
-0.02545107692307692
-0.06717415384615384
-0.08156861538461539
-0.06571384615384615
-0.03588184615384615
0.002086153846153846
0.05611753846153846
0.12955015384615384
0.20173107692307693
0.22134092307692307
0.1869193846153846
0.11494707692307692
0.051528
0.04193169230769231
0.06738276923076922
0.10055261538461538
0.11578153846153846
0.12496061538461539
0.14477907692307693
0.1792006153846154
0.2127876923076923
0.2059033846153846
0.1504116923076923
0.07843938461538462
0.044435076923076924
0.06341907692307691
0.09095630769230768
0.09658892307692307
0.08344615384615384
0.08615815384615384
0.119328
0.15374953846153847
0.17628
0.15270646153846154
0.08073415384615384
0.024199384615384616
0.005424
0.01272553846153846
0.022947692307692308
0.026911384615384615
0.054240000000000003
0.0897046153846154
0.12120553846153845
0.14290153846153844
0.11578153846153846
0.05298830769230769
-0.01668923076923077
-0.05048492307692308
-0.03775938461538462
0.0014603076923076922
0.03567323076923076
0.045060923076923075
0.05277969230769231
0.05298830769230769
0.065088
0.06926030769230769
0.021278769230769233
-0.03671630769230769
-0.08720123076923077
-0.11473846153846154
-0.10514215384615383
-0.08845292307692308
-0.07051199999999999
-0.06633969230769231
-0.035464615384615386
0.027328615384615382
0.048816000000000005
0.02753723076923077
-0.03400430769230769
-0.09387692307692307
-0.1287156923076923
-0.14394461538461537
-0.12683815384615382
-0.10743692307692307
-0.08469784615384615
-0.04756430769230769
0.01272553846153846
0.06633969230769231
0.06821723076923077
0.03567323076923076
0.0002086153846153846
-0.009179076923076922
-0.010222153846153844
-0.011056615384615385
-0.0070929230769230765
0.006675692307692307
