-0.02044430769230769
0.005424
0.022530461538461537
0.04652123076923077
0.07635323076923077
0.10618523076923077
0.11473846153846154
0.0826116923076923
0.0012516923076923076
-0.07238953846153846
-0.09763200000000001
-0.08156861538461539
-0.04088861538461538
-0.024408000000000003
-0.011265230769230769
0.014603076923076923
0.054657230769230764
0.0974233846153846
0.10764553846153846
0.07510153846153846
0.011265230769230769
-0.04944184615384615
-0.07426707692307692
-0.05382276923076923
-0.025659692307692307
-0.006258461538461538
0.02023569230769231
0.055491692307692304
0.0974233846153846
0.11599015384615384
0.07885661538461539
-0.0029206153846153843
-0.08323753846153846
-0.12308307692307692
-0.11223507692307692
-0.06592246153846154
-0.020027076923076922
0.015437538461538461
0.05444861538461539
0.10055261538461538
0.14144123076923076
0.12767261538461538
0.06487938461538462
-0.01710646153846154
-0.08615815384615384
-0.10096984615384616
-0.07739630769230768
-0.03838523076923077
-0.011891076923076923
0.01940123076923077
0.07531015384615385
0.11807630769230769
0.13205353846153844
0.10806276923076923
0.052571076923076915
0.0
-0.02357353846153846
-0.004589538461538461
0.012934153846153845
0.0016689230769230767
-0.01397723076923077
-0.01272553846153846
0.005424
0.027745846153846152
0.03379569230769231
0.0033378461538461535
-0.032544
-0.054657230769230764
-0.05194523076923077
-0.031918153846153846
-0.026494153846153844
-0.02211323076923077
-0.031918153846153846
-0.046104
-0.024408000000000003
-0.0070929230769230765
-0.02524246153846154
-0.05820369230769231
-0.08740984615384616
-0.07948246153846153
-0.0448523076923077
-0.004589538461538461
0.023364923076923075
0.01710646153846154
0.012099692307692308
0.021696
0.04526953846153846
0.056326153846153845
0.03421292307692308
0.021696
0.020652923076923076
0.045895384615384616
0.06759138461538462
0.05611753846153846
0.029623384615384614
0.007927384615384614
0.017940923076923077
0.042557538461538466
0.07739630769230768
0.09950953846153845
0.11745046153846153
0.13852061538461538
0.15750461538461538
0.17481969230769231
0.1597993846153846
0.11870215384615385
0.0717636923076923
0.052571076923076915
0.059664
0.0853236923076923
0.11557292307692307
0.12621230769230768
0.132888
0.143736
0.1504116923076923
0.1435273846153846
0.12120553846153845
0.0744756923076923
0.03629907692307692
0.026911384615384615
0.031918153846153846
0.05298830769230769
0.06216738461538462
0.06425353846153846
0.06946892307692307
0.08469784615384615
0.10055261538461538
0.07426707692307692
0.0043809230769230765
-0.07572738461538461
-0.1356
-0.15374953846153847
-0.1395636923076923
-0.12266584615384615
-0.09408553846153846
-0.05319692307692307
0.015228923076923076
0.06028984615384615
0.042974769230769226
-0.011891076923076923
-0.10409907692307692
-0.17002153846153847
-0.18545907692307692
-0.15479261538461536
-0.10326461538461539
-0.06654830769230768
-0.03337846153846154
-0.011891076923076923
0.0014603076923076922
0.0014603076923076922
-0.03275261538461539
-0.09304246153846155
-0.14311015384615386
-0.14331876923076922
-0.09804923076923076
-0.03442153846153846
0.021696
0.05319692307692307
0.06571384615384615
0.07760492307692309
0.09053907692307692
0.059664
-0.020027076923076922
-0.09137353846153846
-0.1289243076923077
-0.13101046153846155
-0.08636676923076922
-0.014603076923076923
0.033169846153846154
0.055491692307692304
0.07885661538461539
0.10347323076923076
0.11807630769230769
0.07885661538461539
-0.003963692307692307
-0.07739630769230768
-0.11098338461538461
-0.08323753846153846
-0.02482523076923077
0.028163076923076923
0.07572738461538461
0.12266584615384615
0.15562707692307692
0.15374953846153847
0.11140061538461538
0.03629907692307692
-0.04714707692307692
-0.10535076923076922
-0.09199938461538461
-0.02858030769230769
0.02795446153846154
0.06341907692307691
0.06425353846153846
0.05653476923076922
0.047772923076923074
0.022530461538461537
-0.020652923076923076
-0.086784
-0.13267938461538462
-0.12913292307692306
-0.09408553846153846
-0.042974769230769226
0.002086153846153846
0.03129230769230769
0.05799507692307692
0.08866153846153846
0.10159569230769232
0.07343261538461537
0.0018775384615384615
-0.08094276923076923
-0.138312
-0.16626646153846153
-0.1435273846153846
-0.09262523076923077
-0.04422646153846154
0.0022947692307692304
0.04214030769230769
0.07197230769230768
0.06195876923076923
0.012934153846153845
-0.059872615384615385
-0.11557292307692307
-0.124752
-0.08845292307692308
-0.03275261538461539
-0.012934153846153845
-0.0025033846153846152
0.014603076923076923
0.015228923076923076
-0.0025033846153846152
-0.042974769230769226
-0.09408553846153846
-0.1397723076923077
-0.16689230769230767
-0.13601723076923075
-0.06821723076923077
-0.01272553846153846
0.03504738461538461
0.06487938461538462
0.0961716923076923
0.12412615384615384
0.11599015384615384
0.07614461538461538
0.021487384615384613
