0.009179076923076922
-0.006467076923076923
-0.05945538461538461
-0.0974233846153846
-0.11077476923076923
-0.08177723076923075
-0.05674338461538461
-0.04193169230769231
-0.03212676923076923
-0.03963692307692308
-0.009804923076923077
0.012099692307692308
0.005841230769230769
-0.028163076923076923
-0.09471138461538461
-0.1314276923076923
-0.14436184615384615
-0.12224861538461537
-0.09804923076923076
-0.08469784615384615
-0.05570030769230769
-0.026494153846153844
0.02795446153846154
0.03421292307692308
0.005841230769230769
-0.02044430769230769
-0.06133292307692308
-0.05716061538461538
-0.03442153846153846
0.0043809230769230765
0.03379569230769231
0.04172307692307692
0.06800861538461538
0.07781353846153846
0.07343261538461537
0.03671630769230769
-0.032544
-0.0974233846153846
-0.12391753846153845
-0.07072061538461538
0.005215384615384615
0.07218092307692307
0.1205796923076923
0.13935507692307691
0.16501476923076921
0.17002153846153847
0.13852061538461538
0.065088
-0.019609846153846155
-0.05924676923076923
-0.05111076923076923
-0.006258461538461538
0.05757784615384615
0.12245723076923076
0.15562707692307692
0.17023015384615386
0.19818461538461538
0.19359507692307693
0.13893784615384613
0.056951999999999996
-0.01397723076923077
-0.02524246153846154
0.011265230769230769
0.07510153846153846
0.13393107692307693
0.16313723076923078
0.17961784615384613
0.18107815384615383
0.16188553846153847
0.11703323076923078
0.03755076923076923
-0.040054153846153843
-0.07280676923076923
-0.05757784615384615
-0.013142769230769229
0.03337846153846154
0.07697907692307693
0.11035753846153845
0.12725538461538463
0.13518276923076925
0.1151556923076923
0.05069353846153846
-0.03775938461538462
-0.11724184615384614
-0.13267938461538462
-0.08991323076923076
-0.034630153846153845
0.013142769230769229
0.03588184615384615
0.05820369230769231
0.07593599999999999
0.06571384615384615
0.02211323076923077
-0.05611753846153846
-0.1287156923076923
-0.1783661538461538
-0.17565415384615385
-0.12204
-0.06905169230769231
-0.015646153846153844
0.021070153846153846
0.06049846153846154
0.08991323076923076
0.07572738461538461
0.022947692307692308
-0.061124307692307686
-0.11327815384615383
-0.12141415384615384
-0.08302892307692307
-0.030040615384615384
-0.008344615384615384
0.008136
0.017940923076923077
0.03337846153846154
0.04214030769230769
0.013560000000000001
-0.02858030769230769
-0.07384984615384615
-0.08198584615384615
-0.04652123076923077
-0.0002086153846153846
0.037342153846153844
0.04714707692307692
0.05507446153846154
0.07259815384615384
0.09095630769230768
0.08574092307692306
0.03400430769230769
-0.03400430769230769
-0.07092923076923077
-0.05799507692307692
-0.008344615384615384
0.054240000000000003
0.10910584615384614
0.13789476923076924
0.157296
0.17377661538461536
0.15625292307692307
0.11098338461538461
0.04422646153846154
-0.01397723076923077
-0.029623384615384614
-0.008970461538461538
0.026702769230769228
0.04944184615384615
0.07489292307692308
0.11432123076923076
0.15333230769230768
0.1696043076923077
0.15187199999999998
0.10243015384615384
0.017940923076923077
-0.044435076923076924
-0.06049846153846154
-0.04819015384615385
-0.00855323076923077
0.024408000000000003
0.05653476923076922
0.07697907692307693
0.06070707692307692
0.03588184615384615
-0.009179076923076922
-0.06842584615384616
-0.1151556923076923
-0.11995384615384615
-0.07531015384615385
-0.024616615384615383
0.01940123076923077
0.04318338461538461
0.053614153846153846
0.07134646153846153
0.07656184615384615
0.04652123076923077
-0.02211323076923077
-0.07969107692307692
-0.08636676923076922
-0.0609156923076923
-0.02524246153846154
-0.0022947692307692304
0.016897846153846156
0.03400430769230769
0.053614153846153846
0.07197230769230768
0.061750153846153844
0.026494153846153844
-0.025659692307692307
-0.04693846153846153
-0.02357353846153846
0.027745846153846152
0.07405846153846153
0.08782707692307692
0.09700615384615385
0.08657538461538461
0.055491692307692304
0.028788923076923077
-0.019609846153846155
-0.06926030769230769
-0.09325107692307691
-0.07823076923076923
-0.031918153846153846
0.0029206153846153843
0.03337846153846154
0.040679999999999994
0.043600615384615383
0.056326153846153845
0.05716061538461538
0.03671630769230769
-0.024408000000000003
-0.0853236923076923
-0.11828492307692307
-0.10013538461538461
-0.059038153846153844
-0.033169846153846154
-0.014603076923076923
-0.009179076923076922
0.01272553846153846
0.03692492307692308
0.04965046153846154
0.034630153846153845
-0.0043809230769230765
-0.02023569230769231
-0.011891076923076923
0.011265230769230769
0.02273907692307692
0.010222153846153844
-0.009596307692307692
-0.003129230769230769
0.027745846153846152
0.05236246153846154
0.03984553846153846
-0.008344615384615384
-0.047772923076923074
-0.06341907692307691
-0.03650769230769231
-0.0029206153846153843
0.002086153846153846
0.0006258461538461538
0.007301538461538462
0.026702769230769228
0.03609046153846154
0.017732307692307693
-0.026076923076923077
-0.06487938461538462
-0.08782707692307692
