-0.03212676923076923
-0.007510153846153846
0.0077187692307692304
0.008761846153846153
0.019609846153846155
0.04672984615384615
0.07969107692307692
0.08386338461538462
0.03859384615384615
-0.005424
-0.02586830769230769
-0.011056615384615385
0.006675692307692307
0.005841230769230769
0.011682461538461537
0.02232184615384615
0.05757784615384615
0.10263876923076923
0.10994030769230768
0.08511507692307693
0.022947692307692308
-0.03233538461538461
-0.028163076923076923
-0.008136
0.019609846153846155
0.03108369230769231
0.02545107692307692
0.04652123076923077
0.07238953846153846
0.0961716923076923
0.08907876923076924
0.03296123076923077
-0.023782153846153845
-0.06195876923076923
-0.07510153846153846
-0.07823076923076923
-0.08177723076923075
-0.07927384615384615
-0.06028984615384615
-0.011056615384615385
0.035464615384615386
0.04985907692307692
0.017315076923076923
-0.04047138461538462
-0.08094276923076923
-0.08428061538461538
-0.065088
-0.050067692307692306
-0.03650769230769231
-0.015020307692307692
0.017523692307692306
0.03984553846153846
0.05444861538461539
0.03108369230769231
-0.03775938461538462
-0.08720123076923077
-0.0974233846153846
-0.06446215384615385
-0.01668923076923077
0.024408000000000003
0.042348923076923076
0.03421292307692308
0.026285538461538457
0.02899753846153846
0.021070153846153846
-0.006675692307692307
-0.029414769230769227
-0.035464615384615386
-0.013351384615384614
0.004589538461538461
0.004172307692307692
-0.005215384615384615
-0.014603076923076923
0.0002086153846153846
0.014185846153846153
0.012516923076923077
-0.00855323076923077
-0.05236246153846154
-0.07697907692307693
-0.06800861538461538
-0.03483876923076923
-0.014394461538461538
-0.02795446153846154
-0.05111076923076923
-0.05820369230769231
-0.04318338461538461
-0.042974769230769226
-0.05319692307692307
-0.06988615384615385
-0.08949599999999999
-0.06633969230769231
-0.015228923076923076
0.02899753846153846
0.04756430769230769
0.03337846153846154
0.024199384615384616
0.012308307692307691
0.0070929230769230765
0.008344615384615384
-0.018983999999999997
-0.03755076923076923
-0.030040615384615384
-0.0014603076923076922
0.03504738461538461
0.05194523076923077
0.046104
0.027120000000000002
0.0043809230769230765
0.005841230769230769
0.027120000000000002
0.027745846153846152
0.026285538461538457
0.03379569230769231
0.056326153846153845
0.103056
0.12391753846153845
0.11327815384615383
0.07677046153846154
0.034630153846153845
0.033169846153846154
0.056951999999999996
0.08031692307692308
0.08135999999999999
0.07426707692307692
0.08115138461538463
0.08302892307692307
0.09116492307692307
0.07739630769230768
0.03483876923076923
-0.0012516923076923076
-0.019192615384615384
0.008344615384615384
0.02899753846153846
0.026285538461538457
0.018983999999999997
0.019192615384615384
0.05570030769230769
0.07927384615384615
0.08344615384615384
0.03609046153846154
-0.06216738461538462
-0.12537784615384615
-0.15228923076923076
-0.12934153846153845
-0.09137353846153846
-0.04819015384615385
0.014185846153846153
0.04944184615384615
0.07656184615384615
0.07823076923076923
0.042974769230769226
-0.02211323076923077
-0.09721476923076922
-0.11327815384615383
-0.08156861538461539
-0.031709538461538456
0.01814953846153846
0.03692492307692308
0.04756430769230769
0.06696553846153847
0.0855323076923077
0.07802215384615384
0.02753723076923077
-0.03337846153846154
-0.07259815384615384
-0.07760492307692309
-0.05757784615384615
-0.017315076923076923
0.028788923076923077
0.07218092307692307
0.12788123076923075
0.15416676923076922
0.1356
0.07489292307692308
-0.024199384615384616
-0.09930092307692308
-0.12975876923076923
-0.09700615384615385
-0.03483876923076923
0.012934153846153845
0.065088
0.11745046153846153
0.16897846153846155
0.1800350769230769
0.12934153846153845
0.045060923076923075
-0.034630153846153845
-0.06800861538461538
-0.048816000000000005
0.005424
0.06654830769230768
0.11432123076923076
0.14728246153846153
0.15833907692307692
0.157296
0.13351384615384615
0.05945538461538461
-0.03358707692307692
-0.08323753846153846
-0.07280676923076923
-0.024408000000000003
0.051319384615384614
0.11181784615384616
0.14519630769230768
0.15896492307692306
0.14749107692307692
0.11578153846153846
0.04401784615384615
-0.04172307692307692
-0.10868861538461538
-0.1356
-0.10597661538461538
-0.04756430769230769
0.0016689230769230767
0.03108369230769231
0.059038153846153844
0.07739630769230768
0.07948246153846153
0.05090215384615384
-0.01981846153846154
-0.0892873846153846
-0.13706030769230768
-0.12558646153846154
-0.05716061538461538
0.0077187692307692304
0.06446215384615385
0.0897046153846154
0.09700615384615385
0.07948246153846153
0.012516923076923077
-0.07468430769230769
-0.18149538461538461
-0.2492953846153846
-0.2292683076923077
-0.15667015384615385
-0.07510153846153846
0.0018775384615384615
0.06133292307692308
0.08302892307692307
0.07343261538461537
0.06216738461538462
0.01981846153846154
-0.056326153846153845
-0.11891076923076922
