0.03483876923076923
0.011891076923076923
-0.017732307692307693
-0.03212676923076923
-0.01940123076923077
0.023990769230769232
0.04401784615384615
0.06529661538461538
0.07489292307692308
0.09325107692307691
0.12350030769230769
0.12266584615384615
0.08991323076923076
0.020652923076923076
-0.008136
0.011891076923076923
0.048816000000000005
0.084072
0.06592246153846154
0.0446436923076923
0.04944184615384615
0.06800861538461538
0.07531015384615385
0.03859384615384615
-0.0033378461538461535
-0.03880246153846154
-0.043600615384615383
-0.007510153846153846
0.023782153846153845
0.03609046153846154
0.01856676923076923
0.0029206153846153843
0.01710646153846154
0.038176615384615385
0.047772923076923074
0.019609846153846155
-0.021696
-0.03379569230769231
-0.010639384615384617
0.014185846153846153
0.010639384615384617
-0.002712
-0.021070153846153846
-0.0043809230769230765
0.04109723076923077
0.059038153846153844
0.04380923076923077
0.01043076923076923
-0.012308307692307691
-0.003129230769230769
0.02086153846153846
0.051528
0.06028984615384615
0.025659692307692307
-0.006675692307692307
-0.023782153846153845
-0.021070153846153846
-0.03650769230769231
-0.06195876923076923
-0.06946892307692307
-0.06487938461538462
-0.014185846153846153
0.018358153846153843
0.028163076923076923
0.016272
-0.004798153846153846
0.008136
0.009179076923076922
0.025659692307692307
0.020652923076923076
-0.0002086153846153846
-0.006884307692307692
-0.013560000000000001
0.016272
0.027120000000000002
0.006258461538461538
-0.01856676923076923
-0.028371692307692306
-0.009596307692307692
0.0022947692307692304
0.012308307692307691
0.03629907692307692
0.045895384615384616
0.05799507692307692
0.08302892307692307
0.09158215384615384
0.06070707692307692
-0.0004172307692307692
-0.04109723076923077
-0.06633969230769231
-0.07259815384615384
-0.06800861538461538
-0.06425353846153846
-0.06070707692307692
-0.04318338461538461
-0.0008344615384615384
0.02211323076923077
0.03233538461538461
0.0029206153846153843
-0.04735569230769231
-0.06759138461538462
-0.06654830769230768
-0.03483876923076923
-0.015854769230769228
-0.0004172307692307692
0.028371692307692306
0.050067692307692306
0.08010830769230769
0.07781353846153846
0.03859384615384615
-0.024199384615384616
-0.0717636923076923
-0.05277969230769231
-0.013351384615384614
0.03713353846153846
0.07948246153846153
0.12287446153846153
0.17023015384615386
0.1721076923076923
0.15395815384615386
0.08574092307692306
-0.007927384615384614
-0.08177723076923075
-0.12558646153846154
-0.09700615384615385
-0.05590892307692308
-0.006884307692307692
0.03150092307692308
0.051528
0.10493353846153847
0.12913292307692306
0.11014892307692307
0.03880246153846154
-0.041514461538461535
-0.09179076923076923
-0.124752
-0.0853236923076923
-0.027120000000000002
0.03045784615384615
0.0828203076923077
0.11348676923076922
0.14540492307692307
0.12370892307692308
0.061750153846153844
-0.029414769230769227
-0.11286092307692308
-0.12308307692307692
-0.09512861538461538
-0.03400430769230769
0.030040615384615384
0.08344615384615384
0.13998092307692306
0.15604430769230768
0.14853415384615384
0.09053907692307692
-0.012099692307692308
-0.1136953846153846
-0.1869193846153846
-0.16063384615384615
-0.09533723076923077
-0.027120000000000002
0.03066646153846154
0.06571384615384615
0.0961716923076923
0.08010830769230769
0.05111076923076923
-0.016897846153846156
-0.10764553846153846
-0.15896492307692306
-0.17982646153846152
-0.13622584615384614
-0.08469784615384615
-0.03379569230769231
0.018358153846153843
0.051528
0.10117846153846152
0.10535076923076922
0.06800861538461538
0.006884307692307692
-0.07280676923076923
-0.10493353846153847
-0.100344
-0.059664
-0.012308307692307691
0.014811692307692307
0.06884307692307692
0.11891076923076922
0.15813046153846153
0.16772676923076923
0.12016246153846154
0.05048492307692308
-0.026285538461538457
-0.05820369230769231
-0.04756430769230769
-0.009596307692307692
0.04109723076923077
0.078648
0.09763200000000001
0.08699261538461538
0.08177723076923075
0.04088861538461538
-0.015854769230769228
-0.03984553846153846
-0.04693846153846153
-0.010013538461538461
0.041514461538461535
0.08824430769230769
0.11494707692307692
0.12996738461538462
0.1341396923076923
0.12016246153846154
0.08845292307692308
0.00855323076923077
-0.05444861538461539
-0.07551876923076924
-0.073224
-0.052571076923076915
-0.02586830769230769
-0.0006258461538461538
0.01940123076923077
0.05611753846153846
0.08782707692307692
0.0934596923076923
0.05924676923076923
0.0012516923076923076
-0.05570030769230769
-0.09304246153846155
-0.09596307692307693
-0.07489292307692308
-0.047981538461538464
-0.01814953846153846
0.04088861538461538
0.0897046153846154
0.10222153846153846
0.08490646153846154
0.03567323076923076
-0.026702769230769228
-0.07593599999999999
-0.07927384615384615
-0.05507446153846154
-0.028163076923076923
0.010013538461538461
0.058412307692307694
