-0.012516923076923077
-0.019192615384615384
-0.001043076923076923
0.01981846153846154
0.04109723076923077
0.07948246153846153
0.12308307692307692
0.16042523076923076
0.1693956923076923
0.14665661538461539
0.09992676923076924
0.0446436923076923
0.030040615384615384
0.058829538461538454
0.08991323076923076
0.1136953846153846
0.11682461538461539
0.1289243076923077
0.14102399999999998
0.12642092307692307
0.09846646153846153
0.03567323076923076
-0.029623384615384614
-0.07426707692307692
-0.06884307692307692
-0.021278769230769233
0.012934153846153845
0.03713353846153846
0.05799507692307692
0.09283384615384616
0.11327815384615383
0.10243015384615384
0.07531015384615385
0.027328615384615382
-0.003129230769230769
-0.014603076923076923
-0.021487384615384613
-0.017523692307692306
-0.02795446153846154
-0.03421292307692308
-0.02315630769230769
-0.0025033846153846152
0.015228923076923076
-0.004589538461538461
-0.03567323076923076
-0.06300184615384616
-0.07739630769230768
-0.061124307692307686
-0.048816000000000005
-0.03713353846153846
-0.03150092307692308
-0.020652923076923076
0.008970461538461538
0.020652923076923076
0.013560000000000001
-0.03337846153846154
-0.08991323076923076
-0.11619876923076923
-0.11619876923076923
-0.09158215384615384
-0.08177723076923075
-0.07510153846153846
-0.04652123076923077
0.012308307692307691
0.07677046153846154
0.10597661538461538
0.08845292307692308
0.038176615384615385
0.006258461538461538
0.0029206153846153843
0.01272553846153846
0.027745846153846152
0.031709538461538456
0.035464615384615386
0.047981538461538464
0.08949599999999999
0.12266584615384615
0.10597661538461538
0.07113784615384615
0.029414769230769227
0.01856676923076923
0.037342153846153844
0.06028984615384615
0.06362769230769232
0.04193169230769231
0.042974769230769226
0.05757784615384615
0.0855323076923077
0.09825784615384614
0.059664
0.01668923076923077
-0.019609846153846155
-0.02482523076923077
-0.0035464615384615383
0.0025033846153846152
0.0035464615384615383
0.0002086153846153846
0.031709538461538456
0.09137353846153846
0.12808984615384614
0.12829846153846153
0.08115138461538463
0.023782153846153845
-0.0035464615384615383
0.0025033846153846152
0.037967999999999995
0.05528307692307692
0.04714707692307692
0.04819015384615385
0.06216738461538462
0.09429415384615383
0.09199938461538461
0.04693846153846153
0.0014603076923076922
-0.023364923076923075
-0.006884307692307692
0.02586830769230769
0.04088861538461538
0.020652923076923076
-0.0006258461538461538
-0.0016689230769230767
0.022530461538461537
0.05069353846153846
0.025659692307692307
-0.019609846153846155
-0.05924676923076923
-0.06675692307692307
-0.022947692307692308
0.005841230769230769
0.007301538461538462
0.0014603076923076922
0.0
0.022530461538461537
0.04693846153846153
0.04735569230769231
0.01710646153846154
-0.02795446153846154
-0.044435076923076924
-0.017315076923076923
0.021070153846153846
0.03233538461538461
0.030875076923076922
0.026285538461538457
0.030875076923076922
0.046104
0.03629907692307692
0.029414769230769227
0.0029206153846153843
-0.024616615384615383
0.003963692307692307
0.05570030769230769
0.10222153846153846
0.09283384615384616
0.06008123076923077
0.06654830769230768
0.09116492307692307
0.10514215384615383
0.07843938461538462
0.02023569230769231
-0.03379569230769231
-0.06154153846153846
-0.04672984615384615
0.0012516923076923076
0.03337846153846154
0.03150092307692308
0.03859384615384615
0.05298830769230769
0.06529661538461538
0.06988615384615385
0.05382276923076923
0.03150092307692308
0.003755076923076923
-0.0006258461538461538
0.014394461538461538
0.019609846153846155
-0.009804923076923077
-0.04631261538461538
-0.06049846153846154
-0.05090215384615384
-0.021904615384615383
-0.03024923076923077
-0.06362769230769232
-0.10430769230769231
-0.10597661538461538
-0.07468430769230769
-0.05298830769230769
-0.03233538461538461
-0.04526953846153846
-0.04819015384615385
-0.026494153846153844
-0.009596307692307692
-0.008761846153846153
-0.04547815384615384
-0.08761846153846153
-0.1207883076923077
-0.13247076923076923
-0.11494707692307692
-0.10618523076923077
-0.10722830769230769
-0.10785415384615385
-0.10096984615384616
-0.07051199999999999
-0.04276615384615385
-0.03838523076923077
-0.05382276923076923
-0.07197230769230768
-0.053614153846153846
-0.022947692307692308
-0.00855323076923077
-0.003963692307692307
-0.015228923076923076
-0.02232184615384615
-0.009804923076923077
0.02273907692307692
0.028163076923076923
-0.0077187692307692304
-0.03421292307692308
-0.03129230769230769
-0.009179076923076922
0.014185846153846153
0.02273907692307692
0.020652923076923076
0.02023569230769231
0.021278769230769233
0.040679999999999994
0.05528307692307692
0.043392
0.021070153846153846
0.014185846153846153
0.03129230769230769
0.05090215384615384
0.058829538461538454
0.03984553846153846
0.017315076923076923
0.016272
0.044435076923076924
0.08177723076923075
0.09325107692307691
0.08511507692307693
0.08115138461538463
0.09930092307692308
0.12767261538461538
0.13101046153846155
0.10055261538461538
