0.031709538461538456
0.03984553846153846
0.06404492307692307
0.07364123076923076
0.065088
0.042557538461538466
-0.022530461538461537
-0.09262523076923077
-0.1218313846153846
-0.10994030769230768
-0.053405538461538456
0.0035464615384615383
0.04047138461538462
0.08887015384615385
0.12204
0.1368516923076923
0.12788123076923075
0.07927384615384615
0.003963692307692307
-0.06821723076923077
-0.09387692307692307
-0.05528307692307692
0.008344615384615384
0.05277969230769231
0.08615815384615384
0.10827138461538462
0.13497415384615385
0.15270646153846154
0.12350030769230769
0.06279323076923077
-0.009387692307692307
-0.05486584615384615
-0.03859384615384615
0.02211323076923077
0.0717636923076923
0.10326461538461539
0.13497415384615385
0.15938215384615384
0.15813046153846153
0.12016246153846154
0.05570030769230769
-0.027745846153846152
-0.08323753846153846
-0.08448923076923077
-0.04547815384615384
0.009804923076923077
0.03984553846153846
0.05528307692307692
0.07843938461538462
0.09867507692307692
0.11098338461538461
0.08428061538461538
0.02315630769230769
-0.02482523076923077
-0.05590892307692308
-0.04902461538461538
-0.0070929230769230765
0.035255999999999996
0.07384984615384615
0.1028473846153846
0.1178676923076923
0.11265230769230769
0.08511507692307693
0.021487384615384613
-0.06154153846153846
-0.10889723076923077
-0.11056615384615384
-0.06967753846153846
-0.011473846153846154
0.021696
0.03775938461538462
0.04672984615384615
0.054657230769230764
0.04318338461538461
-0.013351384615384614
-0.08240307692307691
-0.15082892307692305
-0.16856123076923077
-0.12224861538461537
-0.06529661538461538
0.007510153846153846
0.058412307692307694
0.08866153846153846
0.09825784615384614
0.07739630769230768
0.03755076923076923
-0.04172307692307692
-0.10660246153846153
-0.13914646153846155
-0.12141415384615384
-0.05778646153846154
0.006675692307692307
0.06821723076923077
0.10013538461538461
0.13101046153846155
0.15625292307692307
0.13998092307692306
0.09387692307692307
0.021070153846153846
-0.018358153846153843
-0.017315076923076923
0.007927384615384614
0.058412307692307694
0.07906523076923076
0.10243015384615384
0.1207883076923077
0.10994030769230768
0.0880356923076923
0.02273907692307692
-0.045895384615384616
-0.11223507692307692
-0.14582215384615385
-0.11599015384615384
-0.06467076923076923
0.006049846153846154
0.07197230769230768
0.12370892307692308
0.132888
0.10243015384615384
0.054240000000000003
-0.035464615384615386
-0.1358086153846154
-0.1913003076923077
-0.18107815384615383
-0.13205353846153844
-0.0771876923076923
-0.0022947692307692304
0.052571076923076915
0.07572738461538461
0.10639384615384614
0.10493353846153847
0.06362769230769232
-0.021278769230769233
-0.10222153846153846
-0.12996738461538462
-0.12955015384615384
-0.07468430769230769
0.0002086153846153846
0.04756430769230769
0.0717636923076923
0.07677046153846154
0.065088
0.027120000000000002
-0.024199384615384616
-0.08574092307692306
-0.11724184615384614
-0.10493353846153847
-0.06738276923076922
-0.014185846153846153
0.029623384615384614
0.07969107692307692
0.10555938461538462
0.10722830769230769
0.07927384615384615
0.015646153846153844
-0.048816000000000005
-0.1136953846153846
-0.1341396923076923
-0.11411261538461538
-0.07969107692307692
-0.02482523076923077
0.026702769230769228
0.08824430769230769
0.12683815384615382
0.1207883076923077
0.09763200000000001
0.03379569230769231
-0.02023569230769231
-0.038176615384615385
-0.03275261538461539
-0.014185846153846153
0.016480615384615385
0.07197230769230768
0.10409907692307692
0.13038461538461538
0.1424843076923077
0.119328
0.06133292307692308
-0.018358153846153843
-0.061124307692307686
-0.06446215384615385
-0.03629907692307692
-0.0022947692307692304
0.03024923076923077
0.07551876923076924
0.11640738461538462
0.16480615384615382
0.18650215384615382
0.15833907692307692
0.09491999999999999
0.019192615384615384
-0.02586830769230769
-0.04088861538461538
-0.028371692307692306
-0.017940923076923077
-0.0006258461538461538
0.04547815384615384
0.09491999999999999
0.14311015384615386
0.14436184615384615
0.0892873846153846
0.023364923076923075
-0.03442153846153846
-0.044435076923076924
-0.04422646153846154
-0.06341907692307691
-0.05611753846153846
-0.025033846153846153
0.040262769230769234
0.10138707692307691
0.11578153846153846
0.06487938461538462
-0.02899753846153846
-0.09283384615384616
-0.11432123076923076
-0.09658892307692307
-0.08323753846153846
-0.07238953846153846
-0.046104
-0.015854769230769228
0.03838523076923077
0.08052553846153847
0.08824430769230769
0.04965046153846154
-0.0077187692307692304
-0.03483876923076923
-0.037342153846153844
-0.017940923076923077
-0.0050067692307692304
0.0077187692307692304
0.042348923076923076
0.10243015384615384
0.16480615384615382
0.17148184615384612
0.12600369230769232
0.055491692307692304
-0.0029206153846153843
-0.013560000000000001
0.002086153846153846
0.021278769230769233
0.03567323076923076
0.06529661538461538
0.11432123076923076
0.15520984615384617
