-0.008344615384615384
0.03713353846153846
0.055491692307692304
0.03337846153846154
-0.008970461538461538
-0.03400430769230769
-0.02273907692307692
0.003755076923076923
0.01856676923076923
0.016063384615384615
0.01668923076923077
0.03442153846153846
0.06049846153846154
0.07134646153846153
0.05277969230769231
0.013351384615384614
0.0025033846153846152
0.032544
0.07760492307692309
0.10931446153846153
0.10952307692307692
0.1070196923076923
0.10618523076923077
0.10827138461538462
0.10889723076923077
0.07113784615384615
-0.0008344615384615384
-0.06446215384615385
-0.07697907692307693
-0.038176615384615385
0.02545107692307692
0.07823076923076923
0.09804923076923076
0.12287446153846153
0.14331876923076922
0.154584
0.14540492307692307
0.07781353846153846
0.020652923076923076
-0.02315630769230769
-0.03337846153846154
0.005632615384615384
0.02899753846153846
0.053614153846153846
0.05799507692307692
0.06258461538461538
0.0936683076923077
0.10409907692307692
0.09179076923076923
0.03504738461538461
-0.03942830769230769
-0.07134646153846153
-0.04944184615384615
0.02232184615384615
0.08574092307692306
0.12850707692307692
0.157296
0.15896492307692306
0.14311015384615386
0.07030338461538461
-0.035464615384615386
-0.14123261538461537
-0.21174461538461536
-0.20402584615384614
-0.15374953846153847
-0.0678
-0.0002086153846153846
0.04526953846153846
0.07969107692307692
0.07823076923076923
0.06967753846153846
0.0022947692307692304
-0.07238953846153846
-0.11077476923076923
-0.12704676923076924
-0.0826116923076923
-0.030875076923076922
0.02899753846153846
0.06362769230769232
0.08177723076923075
0.11974523076923077
0.10910584615384614
0.07823076923076923
0.006675692307692307
-0.05277969230769231
-0.07343261538461537
-0.08761846153846153
-0.027328615384615382
0.03421292307692308
0.09867507692307692
0.15771323076923077
0.18086953846153844
0.2157083076923077
0.18921415384615384
0.12579507692307693
0.040679999999999994
-0.04526953846153846
-0.06383630769230769
-0.054240000000000003
-0.003963692307692307
0.04756430769230769
0.103056
0.1733593846153846
0.1883796923076923
0.1800350769230769
0.11411261538461538
0.02086153846153846
-0.04109723076923077
-0.06446215384615385
-0.0022947692307692304
0.07572738461538461
0.154584
0.2157083076923077
0.2399076923076923
0.24741784615384615
0.20548615384615385
0.13726892307692307
0.03859384615384615
-0.05048492307692308
-0.08761846153846153
-0.08699261538461538
-0.03567323076923076
0.018775384615384614
0.06967753846153846
0.10889723076923077
0.11870215384615385
0.13205353846153844
0.10368184615384615
0.03838523076923077
-0.044435076923076924
-0.1151556923076923
-0.12412615384615384
-0.11306953846153844
-0.07155507692307693
-0.029206153846153847
0.005632615384615384
0.06195876923076923
0.08720123076923077
0.08615815384615384
0.042974769230769226
-0.040262769230769234
-0.12454338461538461
-0.17648861538461538
-0.16105107692307694
-0.1205796923076923
-0.06738276923076922
-0.014394461538461538
0.03275261538461539
0.0880356923076923
0.09867507692307692
0.05382276923076923
-0.026702769230769228
-0.11286092307692308
-0.16501476923076921
-0.17315076923076922
-0.13247076923076923
-0.07197230769230768
-0.006258461538461538
0.06446215384615385
0.11473846153846154
0.1424843076923077
0.12913292307692306
0.07030338461538461
-0.014394461538461538
-0.086784
-0.10180430769230768
-0.07697907692307693
-0.03859384615384615
0.0006258461538461538
0.043600615384615383
0.07113784615384615
0.0897046153846154
0.09450276923076922
0.06675692307692307
0.02044430769230769
-0.04088861538461538
-0.06738276923076922
-0.04672984615384615
-0.017940923076923077
0.011682461538461537
0.04318338461538461
0.08344615384615384
0.1356
0.165432
0.16105107692307694
0.116616
0.030040615384615384
-0.05507446153846154
-0.10639384615384614
-0.10555938461538462
-0.08636676923076922
-0.06800861538461538
-0.03024923076923077
0.03921969230769231
0.12913292307692306
0.17669723076923077
0.16021661538461537
0.09658892307692307
0.009804923076923077
-0.065088
-0.09846646153846153
-0.10576799999999999
-0.11098338461538461
-0.11452984615384615
-0.09721476923076922
-0.03859384615384615
0.03275261538461539
0.07677046153846154
0.07364123076923076
0.034630153846153845
0.004172307692307692
0.0006258461538461538
0.004798153846153846
0.012308307692307691
0.0
-0.015020307692307692
0.0014603076923076922
0.030040615384615384
0.04547815384615384
0.024199384615384616
-0.02899753846153846
-0.086784
-0.11703323076923078
-0.10764553846153846
-0.07635323076923077
-0.06383630769230769
-0.06321046153846153
-0.03775938461538462
0.008970461538461538
0.047772923076923074
0.04902461538461538
0.005841230769230769
-0.05382276923076923
-0.08615815384615384
-0.09179076923076923
-0.07092923076923077
-0.05611753846153846
-0.06279323076923077
-0.05486584615384615
-0.04693846153846153
-0.019192615384615384
-0.0008344615384615384
-0.021696
-0.05945538461538461
