-0.011265230769230769
-0.05027630769230769
-0.04944184615384615
-0.028788923076923077
-0.007927384615384614
0.02315630769230769
0.05069353846153846
0.0880356923076923
0.12454338461538461
0.13518276923076925
0.11390399999999999
0.05736923076923077
-0.017523692307692306
-0.06258461538461538
-0.07635323076923077
-0.07656184615384615
-0.06425353846153846
-0.06321046153846153
-0.037342153846153844
0.012099692307692308
0.046104
0.052571076923076915
0.017315076923076923
-0.027328615384615382
-0.05570030769230769
-0.06008123076923077
-0.043600615384615383
-0.035464615384615386
-0.04130584615384615
-0.04652123076923077
-0.021070153846153846
0.02524246153846154
0.04276615384615385
0.03108369230769231
-0.008136
-0.051528
-0.06550523076923077
-0.04631261538461538
-0.03045784615384615
-0.031709538461538456
-0.026076923076923077
-0.012516923076923077
0.026494153846153844
0.058829538461538454
0.06592246153846154
0.03921969230769231
-0.006049846153846154
-0.02044430769230769
-0.016897846153846156
-0.01272553846153846
-0.015646153846153844
-0.005841230769230769
0.022947692307692308
0.06070707692307692
0.10117846153846152
0.11640738461538462
0.08115138461538463
0.016480615384615385
-0.015854769230769228
-0.008970461538461538
0.009179076923076922
0.03755076923076923
0.058412307692307694
0.09283384615384616
0.1368516923076923
0.17628
0.21070153846153844
0.17732307692307692
0.11223507692307692
0.046104
0.0008344615384615384
0.010222153846153844
0.021278769230769233
0.030040615384615384
0.025659692307692307
0.040054153846153843
0.08761846153846153
0.11098338461538461
0.10660246153846153
0.07113784615384615
0.02899753846153846
0.0016689230769230767
0.007301538461538462
0.04422646153846154
0.04652123076923077
0.010848
-0.020027076923076922
-0.021070153846153846
0.008136
0.009179076923076922
-0.0077187692307692304
-0.03233538461538461
-0.06404492307692307
-0.06341907692307691
-0.04965046153846154
-0.02795446153846154
-0.031709538461538456
-0.035464615384615386
-0.00855323076923077
0.016897846153846156
0.06070707692307692
0.06571384615384615
0.023990769230769232
-0.024199384615384616
-0.06800861538461538
-0.07781353846153846
-0.08302892307692307
-0.09053907692307692
-0.09700615384615385
-0.09012184615384615
-0.03713353846153846
0.023990769230769232
0.04965046153846154
0.014185846153846153
-0.050067692307692306
-0.09679753846153846
-0.11870215384615385
-0.10576799999999999
-0.10493353846153847
-0.10848000000000001
-0.10785415384615385
-0.0880356923076923
-0.02211323076923077
0.01981846153846154
0.02273907692307692
-0.017315076923076923
-0.08094276923076923
-0.10660246153846153
-0.09784061538461537
-0.05716061538461538
-0.04380923076923077
-0.07259815384615384
-0.059664
-0.02023569230769231
0.04276615384615385
0.09137353846153846
0.08031692307692308
0.061124307692307686
0.03108369230769231
0.030875076923076922
0.053405538461538456
0.05048492307692308
0.03650769230769231
0.017940923076923077
0.03108369230769231
0.05757784615384615
0.09137353846153846
0.10535076923076922
0.06362769230769232
0.025033846153846153
0.017315076923076923
0.04547815384615384
0.07531015384615385
0.07238953846153846
0.05674338461538461
0.05319692307692307
0.07948246153846153
0.12558646153846154
0.14519630769230768
0.10889723076923077
0.043600615384615383
-0.0043809230769230765
-0.017940923076923077
0.001043076923076923
0.024199384615384616
0.018775384615384614
0.018983999999999997
0.03296123076923077
0.06759138461538462
0.09533723076923077
0.08156861538461539
0.05382276923076923
0.025033846153846153
0.02586830769230769
0.026494153846153844
0.014603076923076923
-0.016897846153846156
-0.07843938461538462
-0.11181784615384616
-0.10535076923076922
-0.05653476923076922
-0.012516923076923077
0.0002086153846153846
0.0050067692307692304
0.006258461538461538
0.03692492307692308
0.054240000000000003
0.029206153846153847
-0.017315076923076923
-0.07468430769230769
-0.08511507692307693
-0.05507446153846154
-0.017732307692307693
0.005424
-0.003963692307692307
-0.010848
0.0050067692307692304
0.027328615384615382
0.02586830769230769
-0.011682461538461537
-0.06300184615384616
-0.09012184615384615
-0.07572738461538461
-0.03692492307692308
0.0025033846153846152
0.018775384615384614
0.03504738461538461
0.05945538461538461
0.07843938461538462
0.08490646153846154
0.04047138461538462
-0.03650769230769231
-0.11202646153846153
-0.16251138461538459
-0.16042523076923076
-0.13267938461538462
-0.09596307692307693
-0.058829538461538454
-0.037967999999999995
-0.00855323076923077
0.015020307692307692
0.004589538461538461
-0.04839876923076923
-0.11077476923076923
-0.13601723076923075
-0.12266584615384615
-0.06633969230769231
-0.0012516923076923076
0.05319692307692307
0.09158215384615384
0.11432123076923076
0.1316363076923077
0.11557292307692307
0.05319692307692307
-0.02482523076923077
-0.07343261538461537
-0.06529661538461538
-0.016063384615384615
0.056326153846153845
0.12433476923076923
0.15604430769230768
0.18086953846153844
0.20632061538461538
0.20715507692307691
