-0.07468430769230769
-0.06571384615384615
-0.017940923076923077
0.013560000000000001
0.021278769230769233
0.027745846153846152
0.04380923076923077
0.07906523076923076
0.09095630769230768
0.08448923076923077
0.041514461538461535
-0.017523692307692306
-0.04756430769230769
-0.05194523076923077
-0.015854769230769228
-0.013560000000000001
-0.029206153846153847
-0.016480615384615385
0.018775384615384614
0.065088
0.061750153846153844
0.03421292307692308
0.0022947692307692304
-0.019192615384615384
-0.01668923076923077
-0.0002086153846153846
0.03442153846153846
0.04047138461538462
0.04109723076923077
0.06675692307692307
0.10096984615384616
0.11995384615384615
0.07593599999999999
0.02482523076923077
-0.02211323076923077
-0.050067692307692306
-0.015020307692307692
0.03275261538461539
0.06550523076923077
0.06404492307692307
0.06216738461538462
0.08344615384615384
0.09784061538461537
0.08636676923076922
0.026702769230769228
-0.05069353846153846
-0.09095630769230768
-0.08448923076923077
-0.048816000000000005
-0.04318338461538461
-0.049233230769230765
-0.037967999999999995
-0.019609846153846155
0.02357353846153846
0.034630153846153845
0.005424
-0.04672984615384615
-0.08073415384615384
-0.07072061538461538
-0.04860738461538461
-0.008970461538461538
-0.014811692307692307
-0.04088861538461538
-0.047772923076923074
-0.05194523076923077
-0.030040615384615384
-0.04088861538461538
-0.07051199999999999
-0.0963803076923077
-0.09992676923076924
-0.037342153846153844
0.021696
0.06300184615384616
0.06884307692307692
0.056951999999999996
0.054240000000000003
0.049233230769230765
0.06675692307692307
0.029832
-0.03838523076923077
-0.07134646153846153
-0.06800861538461538
-0.01981846153846154
-0.0025033846153846152
-0.0018775384615384615
0.007301538461538462
0.014185846153846153
0.058412307692307694
0.09658892307692307
0.12099692307692309
0.09763200000000001
0.03400430769230769
0.02545107692307692
0.03296123076923077
0.05590892307692308
0.05820369230769231
0.025659692307692307
0.020027076923076922
0.019609846153846155
0.051528
0.0892873846153846
0.09575446153846154
0.07113784615384615
0.05069353846153846
0.07697907692307693
0.10180430769230768
0.11807630769230769
0.10117846153846152
0.06446215384615385
0.04568676923076923
0.03233538461538461
0.042348923076923076
0.03859384615384615
0.0022947692307692304
-0.03963692307692308
-0.05319692307692307
-0.010848
0.03045784615384615
0.023364923076923075
-0.015646153846153844
-0.04902461538461538
-0.042557538461538466
-0.020652923076923076
0.0008344615384615384
0.008136
-0.0043809230769230765
-0.0018775384615384615
0.003963692307692307
0.008761846153846153
-0.003755076923076923
-0.03963692307692308
-0.06905169230769231
-0.07739630769230768
-0.051319384615384614
-0.014603076923076923
0.012308307692307691
0.02858030769230769
0.04672984615384615
0.07280676923076923
0.07781353846153846
0.06487938461538462
0.02044430769230769
-0.053614153846153846
-0.10430769230769231
-0.11035753846153845
-0.07343261538461537
-0.033169846153846154
-0.015020307692307692
0.005215384615384615
0.042974769230769226
0.06884307692307692
0.06800861538461538
0.029623384615384614
-0.049233230769230765
-0.12433476923076923
-0.17628
-0.18107815384615383
-0.13810338461538463
-0.08907876923076924
-0.04401784615384615
0.002086153846153846
0.045895384615384616
0.0771876923076923
0.06362769230769232
0.008970461538461538
-0.051319384615384614
-0.09283384615384616
-0.08824430769230769
-0.04985907692307692
0.013560000000000001
0.06738276923076922
0.0963803076923077
0.1424843076923077
0.1718990769230769
0.15833907692307692
0.10117846153846152
0.007510153846153846
-0.05799507692307692
-0.07697907692307693
-0.05611753846153846
-0.010848
0.03421292307692308
0.07739630769230768
0.11974523076923077
0.165432
0.1846246153846154
0.15333230769230768
0.07531015384615385
-0.008344615384615384
-0.04276615384615385
-0.04172307692307692
-0.02023569230769231
0.024616615384615383
0.056951999999999996
0.09053907692307692
0.1218313846153846
0.12642092307692307
0.12120553846153845
0.06738276923076922
0.0035464615384615383
-0.040262769230769234
-0.05570030769230769
-0.008136
0.05298830769230769
0.1207883076923077
0.17002153846153847
0.1873366153846154
0.18754523076923074
0.1558356923076923
0.08699261538461538
-0.01272553846153846
-0.10159569230769232
-0.15124615384615384
-0.1353913846153846
-0.07238953846153846
-0.005841230769230769
0.06800861538461538
0.11828492307692307
0.1397723076923077
0.14832553846153845
0.10576799999999999
0.03713353846153846
-0.035464615384615386
-0.08782707692307692
-0.07030338461538461
-0.030040615384615384
0.018775384615384614
0.06300184615384616
0.09846646153846153
0.13393107692307693
0.14832553846153845
0.1502030769230769
0.0974233846153846
0.007301538461538462
-0.06154153846153846
-0.07927384615384615
-0.04631261538461538
0.005841230769230769
0.06654830769230768
0.09658892307692307
0.12224861538461537
0.14582215384615385
0.12558646153846154
0.0678
