0.15896492307692306
0.17315076923076922
0.14790830769230767
0.09304246153846155
0.014394461538461538
-0.042348923076923076
-0.04985907692307692
-0.03400430769230769
-0.0043809230769230765
0.031918153846153846
0.07364123076923076
0.10180430769230768
0.1287156923076923
0.1504116923076923
0.1289243076923077
0.06195876923076923
-0.021278769230769233
-0.061124307692307686
-0.06258461538461538
-0.047772923076923074
-0.017940923076923077
0.0
0.00855323076923077
0.02273907692307692
0.03421292307692308
0.01856676923076923
-0.03609046153846154
-0.10138707692307691
-0.14978584615384616
-0.1543753846153846
-0.11014892307692307
-0.05486584615384615
-0.0033378461538461535
0.029623384615384614
0.05653476923076922
0.08490646153846154
0.07280676923076923
0.027745846153846152
-0.04839876923076923
-0.11473846153846154
-0.13852061538461538
-0.13121907692307694
-0.08949599999999999
-0.056951999999999996
-0.029414769230769227
-0.004589538461538461
0.017315076923076923
0.0448523076923077
0.043600615384615383
0.01710646153846154
-0.025033846153846153
-0.047772923076923074
-0.021696
0.011473846153846154
0.027328615384615382
0.03045784615384615
0.02273907692307692
0.030040615384615384
0.04672984615384615
0.051528
0.023990769230769232
-0.023782153846153845
-0.042557538461538466
-0.043392
-0.015437538461538461
0.01668923076923077
0.02858030769230769
0.043600615384615383
0.05590892307692308
0.08511507692307693
0.10368184615384615
0.09846646153846153
0.054240000000000003
-0.016480615384615385
-0.0446436923076923
-0.043392
-0.010639384615384617
0.01814953846153846
0.030040615384615384
0.054657230769230764
0.05820369230769231
0.06675692307692307
0.056951999999999996
0.010848
-0.03984553846153846
-0.07218092307692307
-0.05298830769230769
-0.04902461538461538
-0.061124307692307686
-0.06571384615384615
-0.06988615384615385
-0.04380923076923077
-0.011265230769230769
0.010013538461538461
-0.0070929230769230765
-0.053405538461538456
-0.09721476923076922
-0.1205796923076923
-0.10096984615384616
-0.08365476923076923
-0.07092923076923077
-0.05611753846153846
-0.04088861538461538
0.0022947692307692304
0.03567323076923076
0.04318338461538461
0.018775384615384614
-0.03337846153846154
-0.06675692307692307
-0.06863446153846153
-0.04193169230769231
-0.018775384615384614
-0.015854769230769228
-0.016897846153846156
0.0043809230769230765
0.05924676923076923
0.08198584615384615
0.054240000000000003
0.0077187692307692304
-0.03567323076923076
-0.04965046153846154
-0.034630153846153845
-0.01981846153846154
-0.019609846153846155
-0.026285538461538457
-0.020652923076923076
0.03233538461538461
0.08219446153846154
0.0826116923076923
0.04401784615384615
0.003129230769230769
-0.004798153846153846
0.002712
0.019609846153846155
0.029414769230769227
0.030875076923076922
0.03400430769230769
0.059872615384615385
0.11473846153846154
0.15270646153846154
0.13789476923076924
0.07614461538461538
0.028163076923076923
0.013560000000000001
0.02273907692307692
0.042974769230769226
0.042348923076923076
0.029623384615384614
0.03421292307692308
0.08177723076923075
0.13351384615384615
0.12996738461538462
0.07384984615384615
0.0018775384615384615
-0.02315630769230769
-0.005215384615384615
0.013142769230769229
0.01940123076923077
0.005632615384615384
0.0050067692307692304
0.03358707692307692
0.07259815384615384
0.084072
0.05778646153846154
0.012099692307692308
-0.03233538461538461
-0.04088861538461538
-0.026076923076923077
-0.00855323076923077
0.004589538461538461
0.009804923076923077
0.02858030769230769
0.06467076923076923
0.08782707692307692
0.06529661538461538
-0.003129230769230769
-0.07426707692307692
-0.100344
-0.06529661538461538
-0.02211323076923077
-0.006049846153846154
-0.006049846153846154
-0.010013538461538461
0.009804923076923077
0.050067692307692306
0.06446215384615385
0.03859384615384615
-0.008344615384615384
-0.05757784615384615
-0.051319384615384614
-0.015437538461538461
-0.00855323076923077
-0.01668923076923077
-0.023364923076923075
-0.008344615384615384
0.017732307692307693
0.023364923076923075
-0.005424
-0.05799507692307692
-0.09387692307692307
-0.09137353846153846
-0.042557538461538466
0.015646153846153844
0.028371692307692306
0.021487384615384613
0.01856676923076923
0.03296123076923077
0.06049846153846154
0.05027630769230769
0.015020307692307692
-0.0029206153846153843
0.00855323076923077
0.05277969230769231
0.10514215384615383
0.11870215384615385
0.07656184615384615
0.02899753846153846
0.004798153846153846
0.003755076923076923
0.019609846153846155
0.017732307692307693
0.0025033846153846152
-0.02315630769230769
-0.03504738461538461
-0.006467076923076923
0.01710646153846154
0.003129230769230769
-0.04130584615384615
-0.05570030769230769
-0.021070153846153846
0.012934153846153845
0.02899753846153846
0.016897846153846156
0.005841230769230769
0.011682461538461537
0.029206153846153847
0.04631261538461538
0.02753723076923077
-0.013768615384615384
-0.05382276923076923
-0.05924676923076923
-0.022947692307692308
0.02273907692307692
0.059872615384615385
