0.06049846153846154
0.07843938461538462
0.08240307692307691
0.058412307692307694
-0.002086153846153846
-0.07802215384615384
-0.1353913846153846
-0.16209415384615386
-0.1489513846153846
-0.1314276923076923
-0.10055261538461538
-0.06216738461538462
-0.022947692307692308
0.022530461538461537
0.026494153846153844
-0.020652923076923076
-0.09137353846153846
-0.15249784615384615
-0.184416
-0.17628
-0.13455692307692307
-0.09700615384615385
-0.06863446153846153
-0.029206153846153847
0.01940123076923077
0.052153846153846155
0.040679999999999994
-0.006258461538461538
-0.06383630769230769
-0.09992676923076924
-0.09533723076923077
-0.08386338461538462
-0.07489292307692308
-0.06362769230769232
-0.031709538461538456
0.01981846153846154
0.05236246153846154
0.07072061538461538
0.05507446153846154
-0.0025033846153846152
-0.04944184615384615
-0.05820369230769231
-0.03650769230769231
-0.013560000000000001
-0.008136
-0.0002086153846153846
0.02899753846153846
0.07343261538461537
0.10994030769230768
0.11140061538461538
0.07072061538461538
0.014185846153846153
-0.028163076923076923
-0.04318338461538461
-0.04631261538461538
-0.04318338461538461
-0.031918153846153846
-0.015228923076923076
0.03400430769230769
0.07802215384615384
0.08302892307692307
0.06154153846153846
0.027120000000000002
0.01043076923076923
0.00855323076923077
0.012308307692307691
0.0070929230769230765
-0.00855323076923077
-0.009804923076923077
0.005841230769230769
0.04088861538461538
0.04860738461538461
0.02545107692307692
-0.0016689230769230767
-0.042557538461538466
-0.03942830769230769
-0.018775384615384614
-0.010222153846153844
0.0006258461538461538
0.004589538461538461
0.037967999999999995
0.09658892307692307
0.1502030769230769
0.1696043076923077
0.12725538461538463
0.06613107692307692
0.035464615384615386
0.019609846153846155
0.021696
0.017315076923076923
-0.0006258461538461538
0.0014603076923076922
0.023364923076923075
0.07030338461538461
0.09992676923076924
0.08344615384615384
0.0448523076923077
0.020027076923076922
0.023990769230769232
0.03483876923076923
0.040262769230769234
0.01981846153846154
-0.005424
-0.0012516923076923076
0.027745846153846152
0.06216738461538462
0.06279323076923077
0.03150092307692308
-0.0012516923076923076
-0.02273907692307692
-0.021278769230769233
-0.022947692307692308
-0.047772923076923074
-0.06821723076923077
-0.06425353846153846
-0.02586830769230769
0.027120000000000002
0.06028984615384615
0.05736923076923077
0.02795446153846154
0.008970461538461538
0.026494153846153844
0.05528307692307692
0.05736923076923077
0.040054153846153843
0.028788923076923077
0.033169846153846154
0.054657230769230764
0.07948246153846153
0.06049846153846154
0.006049846153846154
-0.03337846153846154
-0.04401784615384615
-0.004589538461538461
0.05173661538461538
0.0828203076923077
0.09012184615384615
0.08469784615384615
0.09033046153846153
0.09512861538461538
0.07697907692307693
0.028163076923076923
-0.013560000000000001
-0.029206153846153847
-0.02482523076923077
0.005215384615384615
0.014185846153846153
0.006049846153846154
0.01272553846153846
0.016897846153846156
0.04985907692307692
0.07531015384615385
0.051319384615384614
0.016063384615384615
-0.012934153846153845
-0.005841230769230769
0.015228923076923076
0.033169846153846154
0.03629907692307692
0.014394461538461538
0.015854769230769228
0.035255999999999996
0.04985907692307692
0.05590892307692308
0.035464615384615386
-0.005424
-0.030040615384615384
-0.03275261538461539
-0.015020307692307692
0.003963692307692307
0.0002086153846153846
0.013560000000000001
0.04401784615384615
0.06571384615384615
0.0717636923076923
0.04547815384615384
0.002086153846153846
-0.030875076923076922
-0.03442153846153846
-0.013768615384615384
0.007510153846153846
0.007927384615384614
-0.008761846153846153
0.0
0.026702769230769228
0.03337846153846154
0.03296123076923077
0.003755076923076923
-0.029832
-0.018358153846153843
0.011056615384615385
0.047772923076923074
0.051528
0.03650769230769231
0.025659692307692307
0.015646153846153844
0.021070153846153846
0.007301538461538462
-0.018358153846153843
-0.06049846153846154
-0.07823076923076923
-0.058412307692307694
-0.051528
-0.04109723076923077
-0.046104
-0.03233538461538461
0.01272553846153846
0.06654830769230768
0.11223507692307692
0.09554584615384615
0.044435076923076924
-0.01272553846153846
-0.04088861538461538
-0.03609046153846154
-0.0448523076923077
-0.054240000000000003
-0.06946892307692307
-0.0771876923076923
-0.03275261538461539
0.017940923076923077
0.03212676923076923
0.01940123076923077
-0.002086153846153846
-0.0012516923076923076
0.03275261538461539
0.08615815384615384
0.1207883076923077
0.10472492307692308
0.06446215384615385
0.03921969230769231
0.04088861538461538
0.03650769230769231
0.013768615384615384
-0.0012516923076923076
-0.008136
0.028163076923076923
0.07906523076923076
0.0974233846153846
0.08177723076923075
0.03275261538461539
0.0050067692307692304
0.0022947692307692304
0.032544
0.07405846153846153
