0.08386338461538462
0.029414769230769227
-0.006258461538461538
-0.015854769230769228
-0.0043809230769230765
0.006049846153846154
0.021904615384615383
0.03942830769230769
0.08344615384615384
0.13497415384615385
0.14185846153846154
0.11140061538461538
0.055491692307692304
0.017940923076923077
0.01710646153846154
0.022947692307692308
0.029414769230769227
0.020652923076923076
0.02524246153846154
0.045895384615384616
0.07259815384615384
0.09596307692307693
0.04714707692307692
-0.03108369230769231
-0.09909230769230769
-0.13726892307692307
-0.11578153846153846
-0.08845292307692308
-0.06738276923076922
-0.05069353846153846
-0.015854769230769228
0.04693846153846153
0.092208
0.086784
0.015020307692307692
-0.06633969230769231
-0.11432123076923076
-0.11035753846153845
-0.06404492307692307
-0.03275261538461539
-0.010222153846153844
0.024408000000000003
0.0855323076923077
0.14728246153846153
0.15750461538461538
0.12308307692307692
0.052153846153846155
-0.017940923076923077
-0.041514461538461535
-0.011265230769230769
0.03400430769230769
0.04380923076923077
0.03942830769230769
0.045060923076923075
0.0678
0.08073415384615384
0.056951999999999996
0.006258461538461538
-0.07155507692307693
-0.12579507692307693
-0.111192
-0.06905169230769231
-0.03921969230769231
-0.04380923076923077
-0.050067692307692306
-0.01814953846153846
0.01814953846153846
0.03379569230769231
-0.003963692307692307
-0.061750153846153844
-0.0974233846153846
-0.0988836923076923
-0.06028984615384615
-0.03296123076923077
-0.001043076923076923
0.04276615384615385
0.08615815384615384
0.12704676923076924
0.138312
0.111192
0.03921969230769231
-0.04047138461538462
-0.08574092307692306
-0.07468430769230769
-0.02357353846153846
0.01043076923076923
0.025033846153846153
0.03629907692307692
0.06070707692307692
0.07969107692307692
0.07426707692307692
0.04672984615384615
-0.009804923076923077
-0.05027630769230769
-0.06654830769230768
-0.05382276923076923
-0.03984553846153846
-0.05319692307692307
-0.05027630769230769
-0.023364923076923075
0.018358153846153843
0.037967999999999995
0.021278769230769233
-0.019609846153846155
-0.06321046153846153
-0.06028984615384615
-0.041514461538461535
-0.024199384615384616
-0.010848
-0.028163076923076923
-0.026494153846153844
-0.004589538461538461
0.023990769230769232
0.04965046153846154
0.023782153846153845
-0.01272553846153846
-0.02211323076923077
-0.013560000000000001
0.006884307692307692
0.004172307692307692
-0.015020307692307692
-0.028163076923076923
-0.02023569230769231
0.003963692307692307
-0.003963692307692307
-0.026494153846153844
-0.05716061538461538
-0.08198584615384615
-0.07781353846153846
-0.05069353846153846
-0.0070929230769230765
0.011891076923076923
0.025033846153846153
0.03838523076923077
0.053614153846153846
0.08323753846153846
0.08240307692307691
0.06884307692307692
0.05319692307692307
0.049233230769230765
0.07343261538461537
0.07760492307692309
0.07092923076923077
0.042348923076923076
0.02023569230769231
0.03442153846153846
0.058412307692307694
0.10806276923076923
0.1314276923076923
0.1353913846153846
0.14164984615384615
0.13747753846153846
0.1462393846153846
0.11411261538461538
0.05277969230769231
0.0022947692307692304
-0.030040615384615384
-0.01856676923076923
0.0006258461538461538
0.018983999999999997
0.043600615384615383
0.058829538461538454
0.07885661538461539
0.100344
0.10201292307692307
0.06321046153846153
0.017523692307692306
-0.011682461538461537
-0.029414769230769227
-0.023364923076923075
-0.02899753846153846
-0.024408000000000003
-0.01668923076923077
-0.011265230769230769
0.012308307692307691
0.014811692307692307
0.01981846153846154
-0.011265230769230769
-0.05236246153846154
-0.05611753846153846
-0.05611753846153846
-0.03129230769230769
-0.02795446153846154
-0.02795446153846154
-0.016272
-0.004798153846153846
0.016063384615384615
0.0018775384615384615
-0.04756430769230769
-0.13038461538461538
-0.1792006153846154
-0.15541846153846153
-0.10222153846153846
-0.040054153846153843
-0.006884307692307692
0.038176615384615385
0.08615815384615384
0.0897046153846154
0.08594953846153845
0.03024923076923077
-0.05277969230769231
-0.12391753846153845
-0.15291507692307693
-0.11098338461538461
-0.06049846153846154
0.0033378461538461535
0.04693846153846153
0.08073415384615384
0.13226215384615383
0.16042523076923076
0.15604430769230768
0.09387692307692307
0.01710646153846154
-0.03838523076923077
-0.061124307692307686
-0.023990769230769232
0.020652923076923076
0.06738276923076922
0.10910584615384614
0.14311015384615386
0.19192615384615386
0.1940123076923077
0.1449876923076923
0.03963692307692308
-0.06133292307692308
-0.08469784615384615
-0.07134646153846153
-0.01668923076923077
0.03108369230769231
0.07280676923076923
0.12433476923076923
0.14853415384615384
0.1666836923076923
0.12955015384615384
0.04944184615384615
-0.04214030769230769
-0.11181784615384616
-0.0892873846153846
-0.038176615384615385
0.03358707692307692
0.1028473846153846
0.14811692307692306
0.1787833846153846
0.17294215384615383
