-0.18191261538461537
-0.14394461538461537
-0.0974233846153846
-0.04693846153846153
-0.003129230769230769
0.051319384615384614
0.10055261538461538
0.11390399999999999
0.09387692307692307
0.02315630769230769
-0.03296123076923077
-0.05653476923076922
-0.03775938461538462
0.011473846153846154
0.042557538461538466
0.06571384615384615
0.07656184615384615
0.09763200000000001
0.11891076923076922
0.11953661538461538
0.08615815384615384
0.01043076923076923
-0.040054153846153843
-0.03379569230769231
0.02211323076923077
0.08344615384615384
0.12370892307692308
0.17481969230769231
0.20965846153846154
0.225096
0.22008923076923076
0.17273353846153844
0.1045163076923077
0.02211323076923077
-0.006049846153846154
0.02315630769230769
0.06759138461538462
0.1207883076923077
0.1504116923076923
0.18983999999999998
0.20778092307692309
0.19463815384615382
0.1612596923076923
0.08657538461538461
0.031918153846153846
0.006884307692307692
0.018775384615384614
0.07468430769230769
0.13038461538461538
0.15562707692307692
0.1462393846153846
0.14144123076923076
0.13372246153846154
0.09804923076923076
0.03045784615384615
-0.05444861538461539
-0.10889723076923077
-0.11348676923076922
-0.07113784615384615
0.006675692307692307
0.0717636923076923
0.09784061538461537
0.11807630769230769
0.11411261538461538
0.08720123076923077
0.0446436923076923
-0.018983999999999997
-0.07510153846153846
-0.1028473846153846
-0.08094276923076923
-0.04172307692307692
-0.0008344615384615384
0.03963692307692308
0.078648
0.09992676923076924
0.09533723076923077
0.07551876923076924
0.017940923076923077
-0.05277969230769231
-0.09679753846153846
-0.09909230769230769
-0.07677046153846154
-0.03942830769230769
0.015228923076923076
0.051528
0.06362769230769232
0.06216738461538462
0.024408000000000003
-0.026494153846153844
-0.06717415384615384
-0.09491999999999999
-0.07510153846153846
-0.031709538461538456
0.007301538461538462
0.03838523076923077
0.04693846153846153
0.05236246153846154
0.065088
0.06529661538461538
0.03963692307692308
0.005632615384615384
-0.04318338461538461
-0.07405846153846153
-0.054657230769230764
-0.014603076923076923
0.04109723076923077
0.07635323076923077
0.12433476923076923
0.18879692307692306
0.200688
0.18545907692307692
0.13247076923076923
0.04714707692307692
-0.018358153846153843
-0.0448523076923077
-0.029206153846153847
-0.007301538461538462
0.013351384615384614
0.03692492307692308
0.059872615384615385
0.08323753846153846
0.10681107692307691
0.10138707692307691
0.04985907692307692
0.006467076923076923
-0.011265230769230769
-0.012308307692307691
-0.024199384615384616
-0.04902461538461538
-0.058412307692307694
-0.04631261538461538
-0.014185846153846153
0.03692492307692308
0.053405538461538456
0.007301538461538462
-0.04902461538461538
-0.0855323076923077
-0.07489292307692308
-0.047772923076923074
-0.016897846153846156
0.013560000000000001
0.023990769230769232
0.04214030769230769
0.049233230769230765
0.03755076923076923
0.0006258461538461538
-0.06633969230769231
-0.10994030769230768
-0.11557292307692307
-0.08761846153846153
-0.03108369230769231
0.008136
0.028371692307692306
0.0446436923076923
0.06216738461538462
0.07760492307692309
0.06654830769230768
0.02545107692307692
-0.026494153846153844
-0.05653476923076922
-0.054657230769230764
-0.026702769230769228
0.003755076923076923
0.03483876923076923
0.07259815384615384
0.10076123076923077
0.13393107692307693
0.14415323076923076
0.09533723076923077
0.029832
-0.029623384615384614
-0.05653476923076922
-0.05048492307692308
-0.04944184615384615
-0.03692492307692308
-0.02273907692307692
0.009179076923076922
0.05653476923076922
0.08386338461538462
0.08156861538461539
0.025033846153846153
-0.030040615384615384
-0.05173661538461538
-0.04735569230769231
-0.009387692307692307
0.015646153846153844
0.01668923076923077
0.013351384615384614
0.021696
0.03275261538461539
0.012099692307692308
-0.04318338461538461
-0.10618523076923077
-0.13247076923076923
-0.1218313846153846
-0.08469784615384615
-0.04902461538461538
-0.03045784615384615
0.009179076923076922
0.05048492307692308
0.06863446153846153
0.07030338461538461
0.025033846153846153
-0.03504738461538461
-0.07364123076923076
-0.08115138461538463
-0.05590892307692308
-0.03942830769230769
-0.015646153846153844
-0.005841230769230769
0.010848
0.06216738461538462
0.10159569230769232
0.09992676923076924
0.03984553846153846
-0.03045784615384615
-0.07113784615384615
-0.07218092307692307
-0.0448523076923077
-0.018358153846153843
-0.019192615384615384
-0.027328615384615382
-0.021904615384615383
0.008970461538461538
0.02315630769230769
-0.005215384615384615
-0.03880246153846154
-0.07739630769230768
-0.06759138461538462
-0.02211323076923077
0.015228923076923076
0.021487384615384613
-0.009804923076923077
-0.012308307692307691
0.0077187692307692304
0.014603076923076923
-0.003755076923076923
-0.05298830769230769
-0.0961716923076923
-0.11473846153846154
-0.09304246153846155
-0.04318338461538461
-0.02273907692307692
-0.021278769230769233
