-0.06154153846153846
-0.084072
-0.08240307692307691
-0.054240000000000003
-0.05799507692307692
-0.053614153846153846
-0.03838523076923077
-0.0002086153846153846
0.03400430769230769
0.018983999999999997
-0.006258461538461538
-0.028788923076923077
-0.02044430769230769
0.0033378461538461535
0.031709538461538456
0.056951999999999996
0.06341907692307691
0.08094276923076923
0.10743692307692307
0.14916
0.14999446153846155
0.08323753846153846
0.02211323076923077
-0.008761846153846153
-0.008761846153846153
0.0006258461538461538
0.011891076923076923
0.03504738461538461
0.05945538461538461
0.09575446153846154
0.13726892307692307
0.168144
0.15479261538461536
0.086784
0.025659692307692307
0.0022947692307692304
-0.0035464615384615383
-0.011682461538461537
-0.02586830769230769
-0.03609046153846154
-0.029414769230769227
0.010639384615384617
0.06195876923076923
0.06884307692307692
0.03045784615384615
-0.014811692307692307
-0.020652923076923076
0.006049846153846154
0.03212676923076923
0.042348923076923076
0.02753723076923077
0.026911384615384615
0.05507446153846154
0.09909230769230769
0.111192
0.08824430769230769
0.061750153846153844
0.027328615384615382
0.011473846153846154
0.013351384615384614
0.013560000000000001
0.002086153846153846
-0.0033378461538461535
0.01272553846153846
0.04088861538461538
0.07009476923076922
0.0717636923076923
0.026702769230769228
-0.029414769230769227
-0.05528307692307692
-0.045060923076923075
-0.016063384615384615
0.0
0.0
0.0
0.02899753846153846
0.06383630769230769
0.06675692307692307
0.026702769230769228
-0.03066646153846154
-0.06592246153846154
-0.06383630769230769
-0.026494153846153844
-0.0029206153846153843
-0.009179076923076922
-0.010013538461538461
0.03108369230769231
0.10409907692307692
0.157296
0.15833907692307692
0.13622584615384614
0.09304246153846155
0.05611753846153846
0.06571384615384615
0.07656184615384615
0.08240307692307691
0.059038153846153844
0.03567323076923076
0.05444861538461539
0.06738276923076922
0.0771876923076923
0.05674338461538461
0.01940123076923077
0.021278769230769233
0.034630153846153845
0.06425353846153846
0.07259815384615384
0.030040615384615384
-0.00855323076923077
-0.02795446153846154
-0.009804923076923077
0.015854769230769228
0.019192615384615384
0.015646153846153844
-0.005424
-0.022530461538461537
-0.003963692307692307
0.02899753846153846
0.042557538461538466
0.02211323076923077
-0.0006258461538461538
0.023364923076923075
0.06133292307692308
0.07134646153846153
0.05653476923076922
0.04088861538461538
0.042348923076923076
0.04985907692307692
0.058412307692307694
0.04401784615384615
-0.002086153846153846
-0.05820369230769231
-0.08323753846153846
-0.07092923076923077
-0.05277969230769231
-0.03775938461538462
-0.03379569230769231
-0.030040615384615384
-0.0012516923076923076
0.03629907692307692
0.035255999999999996
-0.009596307692307692
-0.0717636923076923
-0.11452984615384615
-0.11432123076923076
-0.07843938461538462
-0.025033846153846153
0.010013538461538461
0.02858030769230769
0.03901107692307692
0.05403138461538461
0.07051199999999999
0.028788923076923077
-0.03212676923076923
-0.0717636923076923
-0.09846646153846153
-0.08240307692307691
-0.03504738461538461
0.027120000000000002
0.0717636923076923
0.0974233846153846
0.12808984615384614
0.14290153846153844
0.12350030769230769
0.051319384615384614
-0.03275261538461539
-0.08031692307692308
-0.078648
-0.03129230769230769
0.01710646153846154
0.05757784615384615
0.08991323076923076
0.10910584615384614
0.12829846153846153
0.11745046153846153
0.073224
0.006675692307692307
-0.04819015384615385
-0.04380923076923077
-0.012934153846153845
0.04109723076923077
0.10368184615384615
0.1422756923076923
0.16480615384615382
0.16042523076923076
0.13768615384615385
0.07551876923076924
-0.030040615384615384
-0.12120553846153845
-0.15500123076923078
-0.12245723076923076
-0.04902461538461538
0.033169846153846154
0.09992676923076924
0.14060676923076923
0.16105107692307694
0.14394461538461537
0.08469784615384615
-0.004172307692307692
-0.09387692307692307
-0.15208061538461537
-0.15562707692307692
-0.1097316923076923
-0.05236246153846154
0.005841230769230769
0.04631261538461538
0.073224
0.08115138461538463
0.04401784615384615
-0.020027076923076922
-0.10430769230769231
-0.17440246153846153
-0.19192615384615386
-0.14853415384615384
-0.07009476923076922
-0.010222153846153844
0.04130584615384615
0.08031692307692308
0.09784061538461537
0.0936683076923077
0.04631261538461538
-0.02273907692307692
-0.10117846153846152
-0.14185846153846154
-0.12329169230769231
-0.06800861538461538
0.008344615384615384
0.06884307692307692
0.10493353846153847
0.11599015384615384
0.0974233846153846
0.05444861538461539
-0.02315630769230769
-0.10952307692307692
-0.16584923076923075
-0.17523692307692307
-0.1316363076923077
-0.06675692307692307
0.010639384615384617
0.059872615384615385
0.08949599999999999
0.10326461538461539
0.06863446153846153
0.008970461538461538
