0.03275261538461539
0.01272553846153846
0.0012516923076923076
0.022530461538461537
0.026494153846153844
0.021696
-0.010013538461538461
-0.03504738461538461
-0.012308307692307691
0.0016689230769230767
0.02273907692307692
0.010222153846153844
-0.019609846153846155
-0.03629907692307692
-0.03942830769230769
-0.003129230769230769
-0.006258461538461538
-0.02482523076923077
-0.043392
-0.07072061538461538
-0.04088861538461538
-0.0043809230769230765
0.01981846153846154
0.006258461538461538
-0.027328615384615382
-0.008970461538461538
0.017940923076923077
0.058412307692307694
0.05924676923076923
0.02211323076923077
0.005215384615384615
-0.01272553846153846
0.01272553846153846
0.031709538461538456
0.02357353846153846
-0.004589538461538461
-0.05277969230769231
-0.05090215384615384
-0.04401784615384615
-0.01814953846153846
0.0002086153846153846
-0.010013538461538461
0.01814953846153846
0.02899753846153846
0.040679999999999994
0.009179076923076922
-0.06571384615384615
-0.08177723076923075
-0.07426707692307692
-0.02899753846153846
0.029832
0.056326153846153845
0.05862092307692307
0.03504738461538461
0.03838523076923077
0.047981538461538464
0.03921969230769231
0.008136
-0.05090215384615384
-0.073224
-0.08386338461538462
-0.05048492307692308
-0.002086153846153846
-0.0025033846153846152
0.011056615384615385
0.006049846153846154
0.029623384615384614
0.04756430769230769
0.019192615384615384
-0.01981846153846154
-0.08845292307692308
-0.0880356923076923
-0.06988615384615385
-0.04860738461538461
-0.006258461538461538
-0.0018775384615384615
0.022530461538461537
0.020652923076923076
0.0029206153846153843
-0.029623384615384614
-0.10576799999999999
-0.1558356923076923
-0.18483323076923078
-0.15959076923076923
-0.10743692307692307
-0.04631261538461538
0.03108369230769231
0.07197230769230768
0.10535076923076922
0.100344
0.0771876923076923
0.02795446153846154
-0.078648
-0.14206707692307693
-0.16084246153846155
-0.12808984615384614
-0.07364123076923076
-0.028163076923076923
0.03150092307692308
0.06467076923076923
0.08511507692307693
0.07426707692307692
0.027120000000000002
-0.03775938461538462
-0.10222153846153846
-0.11807630769230769
-0.10535076923076922
-0.0609156923076923
-0.015228923076923076
0.016480615384615385
0.06592246153846154
0.10743692307692307
0.13455692307692307
0.10514215384615383
0.01668923076923077
-0.07134646153846153
-0.1316363076923077
-0.14811692307692306
-0.13643446153846153
-0.08490646153846154
-0.0006258461538461538
0.08052553846153847
0.16000799999999998
0.2021483076923077
0.20173107692307693
0.1422756923076923
0.04839876923076923
-0.021696
-0.07072061538461538
-0.06446215384615385
-0.045895384615384616
-0.016897846153846156
0.03838523076923077
0.07656184615384615
0.12662953846153846
0.13497415384615385
0.09512861538461538
0.02545107692307692
-0.06988615384615385
-0.10263876923076923
-0.0826116923076923
-0.03233538461538461
0.02545107692307692
0.06800861538461538
0.11035753846153845
0.138312
0.15374953846153847
0.12934153846153845
0.07781353846153846
-0.005424
-0.09033046153846153
-0.0936683076923077
-0.062376
0.002086153846153846
0.06654830769230768
0.11140061538461538
0.15896492307692306
0.165432
0.1693956923076923
0.1358086153846154
0.06446215384615385
0.0012516923076923076
-0.049233230769230765
-0.02795446153846154
0.02273907692307692
0.06759138461538462
0.10660246153846153
0.11953661538461538
0.15374953846153847
0.17231630769230769
0.14728246153846153
0.09408553846153846
-0.001043076923076923
-0.073224
-0.10201292307692307
-0.06988615384615385
-0.012934153846153845
0.026494153846153844
0.07072061538461538
0.086784
0.09846646153846153
0.07489292307692308
0.004589538461538461
-0.06195876923076923
-0.12537784615384615
-0.13497415384615385
-0.10493353846153847
-0.05799507692307692
0.004798153846153846
0.04672984615384615
0.08636676923076922
0.11494707692307692
0.11745046153846153
0.08991323076923076
0.018775384615384614
-0.045895384615384616
-0.07426707692307692
-0.06529661538461538
-0.022530461538461537
0.023364923076923075
0.07364123076923076
0.11202646153846153
0.13747753846153846
0.15479261538461536
0.13393107692307693
0.08490646153846154
0.007510153846153846
-0.06383630769230769
-0.09471138461538461
-0.08949599999999999
-0.06028984615384615
-0.03650769230769231
-0.005215384615384615
0.03233538461538461
0.05778646153846154
0.06863446153846153
0.05507446153846154
0.014603076923076923
-0.040262769230769234
-0.07697907692307693
-0.06696553846153847
-0.03838523076923077
-0.02273907692307692
-0.007510153846153846
0.023782153846153845
0.06404492307692307
0.08615815384615384
0.06800861538461538
0.011473846153846154
-0.05674338461538461
-0.09387692307692307
-0.0853236923076923
-0.03129230769230769
0.02753723076923077
0.05382276923076923
0.08386338461538462
0.10910584615384614
0.13059323076923077
0.12808984615384614
0.08428061538461538
0.024199384615384616
-0.04693846153846153
-0.08782707692307692
-0.09408553846153846
