-0.14707384615384617
-0.14123261538461537
-0.10347323076923076
-0.05653476923076922
-0.01668923076923077
0.006258461538461538
0.04214030769230769
0.08469784615384615
0.10722830769230769
0.07885661538461539
0.01710646153846154
-0.06300184615384616
-0.11765907692307691
-0.10639384615384614
-0.05820369230769231
0.03567323076923076
0.11828492307692307
0.17648861538461538
0.23198030769230768
0.25367630769230765
0.22843384615384613
0.14415323076923076
0.04965046153846154
-0.012934153846153845
-0.014185846153846153
0.03984553846153846
0.09825784615384614
0.1597993846153846
0.21195323076923075
0.241368
0.2509643076923077
0.21237046153846154
0.138312
0.04526953846153846
-0.04839876923076923
-0.07843938461538462
-0.03108369230769231
0.04819015384615385
0.12245723076923076
0.1777403076923077
0.19630707692307692
0.1869193846153846
0.15646153846153846
0.09554584615384615
0.01668923076923077
-0.053405538461538456
-0.09095630769230768
-0.078648
-0.014185846153846153
0.06070707692307692
0.130176
0.18086953846153844
0.20652923076923077
0.21466523076923077
0.165432
0.073224
-0.03421292307692308
-0.11828492307692307
-0.14436184615384615
-0.12621230769230768
-0.06195876923076923
0.014185846153846153
0.07781353846153846
0.13080184615384613
0.14957723076923077
0.13330523076923076
0.06905169230769231
-0.03567323076923076
-0.13434830769230768
-0.19630707692307692
-0.17648861538461538
-0.11432123076923076
-0.05528307692307692
0.010013538461538461
0.05194523076923077
0.07510153846153846
0.054240000000000003
-0.005424
-0.0798996923076923
-0.16710092307692306
-0.20402584615384614
-0.1829556923076923
-0.11494707692307692
-0.016897846153846156
0.05653476923076922
0.10848000000000001
0.14811692307692306
0.168144
0.15917353846153848
0.09033046153846153
-0.014185846153846153
-0.10347323076923076
-0.14436184615384615
-0.12621230769230768
-0.08010830769230769
-0.026702769230769228
0.02315630769230769
0.0744756923076923
0.12454338461538461
0.14269292307692305
0.12308307692307692
0.056951999999999996
-0.03421292307692308
-0.09658892307692307
-0.10806276923076923
-0.08949599999999999
-0.05611753846153846
-0.017940923076923077
0.009596307692307692
0.052153846153846155
0.07092923076923077
0.05653476923076922
0.021696
-0.052153846153846155
-0.11140061538461538
-0.12329169230769231
-0.07760492307692309
-0.014811692307692307
0.031918153846153846
0.06946892307692307
0.10117846153846152
0.1395636923076923
0.14916
0.11286092307692308
0.05778646153846154
0.011682461538461537
-0.015228923076923076
-0.03150092307692308
-0.020652923076923076
0.0050067692307692304
0.02273907692307692
0.05611753846153846
0.10222153846153846
0.13706030769230768
0.12850707692307692
0.07677046153846154
0.01814953846153846
-0.03567323076923076
-0.05319692307692307
-0.05653476923076922
-0.06279323076923077
-0.04839876923076923
-0.031709538461538456
0.003963692307692307
0.04985907692307692
0.07969107692307692
0.06884307692307692
0.013351384615384614
-0.03045784615384615
-0.059038153846153844
-0.051528
-0.03713353846153846
-0.04652123076923077
-0.04756430769230769
-0.04735569230769231
-0.015020307692307692
0.006675692307692307
-0.010848
-0.05048492307692308
-0.09512861538461538
-0.09304246153846155
-0.08115138461538463
-0.054240000000000003
-0.029832
-0.03129230769230769
-0.019192615384615384
0.008344615384615384
0.054657230769230764
0.07364123076923076
0.04130584615384615
-0.008970461538461538
-0.05945538461538461
-0.0798996923076923
-0.06759138461538462
-0.05674338461538461
-0.062376
-0.07384984615384615
-0.04839876923076923
0.0029206153846153843
0.05069353846153846
0.07072061538461538
0.04652123076923077
0.021278769230769233
0.0035464615384615383
0.011265230769230769
0.024199384615384616
0.028163076923076923
0.040679999999999994
0.04380923076923077
0.08031692307692308
0.12412615384615384
0.132888
0.09325107692307691
0.020652923076923076
-0.03296123076923077
-0.06926030769230769
-0.06216738461538462
-0.041514461538461535
-0.04693846153846153
-0.042348923076923076
-0.014185846153846153
0.040262769230769234
0.0880356923076923
0.07843938461538462
0.015854769230769228
-0.03963692307692308
-0.05277969230769231
-0.04109723076923077
-0.012934153846153845
0.009179076923076922
0.015854769230769228
0.031709538461538456
0.047981538461538464
0.06821723076923077
0.056951999999999996
-0.010639384615384617
-0.07677046153846154
-0.12955015384615384
-0.11599015384615384
-0.05236246153846154
-0.009179076923076922
0.03567323076923076
0.06905169230769231
0.11098338461538461
0.15270646153846154
0.15771323076923077
0.12996738461538462
0.038176615384615385
-0.05674338461538461
-0.10201292307692307
-0.11828492307692307
-0.10868861538461538
-0.10639384615384614
-0.08073415384615384
-0.025659692307692307
0.03609046153846154
0.09429415384615383
0.10347323076923076
0.08073415384615384
0.0025033846153846152
-0.06446215384615385
-0.07134646153846153
-0.06738276923076922
-0.05444861538461539
