0.07134646153846153
0.06592246153846154
0.08073415384615384
0.09262523076923077
0.08386338461538462
0.059664
0.047772923076923074
0.07051199999999999
0.11870215384615385
0.14540492307692307
0.12329169230769231
0.08031692307692308
0.02545107692307692
0.016272
0.047772923076923074
0.06717415384615384
0.061124307692307686
0.0448523076923077
0.05757784615384615
0.06863446153846153
0.07364123076923076
0.053405538461538456
-0.0043809230769230765
-0.04526953846153846
-0.05820369230769231
-0.026702769230769228
0.0077187692307692304
0.021904615384615383
0.025033846153846153
0.013351384615384614
0.029623384615384614
0.059038153846153844
0.06821723076923077
0.05757784615384615
0.037342153846153844
0.03963692307692308
0.06654830769230768
0.08615815384615384
0.08845292307692308
0.05069353846153846
0.004589538461538461
-0.005841230769230769
0.016480615384615385
0.06216738461538462
0.07301538461538462
0.05111076923076923
0.021696
0.015854769230769228
0.04422646153846154
0.051319384615384614
0.03588184615384615
-0.012308307692307691
-0.04526953846153846
-0.03838523076923077
-0.016480615384615385
0.018775384615384614
0.021904615384615383
0.015437538461538461
0.009596307692307692
0.02044430769230769
0.033169846153846154
0.002086153846153846
-0.03775938461538462
-0.07593599999999999
-0.08866153846153846
-0.06842584615384616
-0.04276615384615385
-0.02586830769230769
-0.03504738461538461
-0.03337846153846154
-0.0043809230769230765
0.02273907692307692
0.029414769230769227
-0.010013538461538461
-0.07405846153846153
-0.13059323076923077
-0.1502030769230769
-0.119328
-0.07259815384615384
-0.03421292307692308
-0.017315076923076923
0.0006258461538461538
0.024199384615384616
0.03066646153846154
0.005841230769230769
-0.06800861538461538
-0.14978584615384616
-0.18921415384615384
-0.16167692307692308
-0.10931446153846153
-0.059664
-0.0008344615384615384
0.04401784615384615
0.0974233846153846
0.12579507692307693
0.11911938461538461
0.07739630769230768
-0.0022947692307692304
-0.04631261538461538
-0.038176615384615385
0.008344615384615384
0.07092923076923077
0.11619876923076923
0.1397723076923077
0.1506203076923077
0.14749107692307692
0.12037107692307693
0.056951999999999996
-0.019192615384615384
-0.07781353846153846
-0.0892873846153846
-0.04965046153846154
0.003755076923076923
0.06258461538461538
0.10326461538461539
0.14018953846153845
0.16209415384615386
0.1422756923076923
0.0961716923076923
0.02023569230769231
-0.03984553846153846
-0.08135999999999999
-0.08115138461538463
-0.013142769230769229
0.05653476923076922
0.10722830769230769
0.1353913846153846
0.16418030769230768
0.18170399999999998
0.1543753846153846
0.09867507692307692
0.028163076923076923
-0.019609846153846155
-0.016897846153846156
0.026911384615384615
0.10076123076923077
0.15667015384615385
0.1733593846153846
0.1783661538461538
0.16689230769230767
0.14874276923076923
0.08782707692307692
0.005424
-0.0448523076923077
-0.07051199999999999
-0.051319384615384614
-0.02482523076923077
0.012934153846153845
0.04839876923076923
0.06905169230769231
0.09304246153846155
0.07760492307692309
0.038176615384615385
-0.030040615384615384
-0.10994030769230768
-0.14164984615384615
-0.1353913846153846
-0.0988836923076923
-0.043600615384615383
-0.006049846153846154
0.01940123076923077
0.0448523076923077
0.0609156923076923
0.04756430769230769
-0.002086153846153846
-0.0609156923076923
-0.11765907692307691
-0.13643446153846153
-0.09241661538461539
-0.026494153846153844
0.03629907692307692
0.08699261538461538
0.1316363076923077
0.15959076923076923
0.1424843076923077
0.08428061538461538
0.002086153846153846
-0.07343261538461537
-0.10597661538461538
-0.06988615384615385
-0.006884307692307692
0.027120000000000002
0.05173661538461538
0.07364123076923076
0.09074769230769231
0.10660246153846153
0.08052553846153847
0.01710646153846154
-0.04109723076923077
-0.0853236923076923
-0.08615815384615384
-0.049233230769230765
-0.009596307692307692
0.03150092307692308
0.06321046153846153
0.08490646153846154
0.11056615384615384
0.12120553846153845
0.08490646153846154
0.018775384615384614
-0.03901107692307692
-0.05924676923076923
-0.03108369230769231
0.016063384615384615
0.06592246153846154
0.09074769230769231
0.09658892307692307
0.12350030769230769
0.13247076923076923
0.10827138461538462
0.053614153846153846
-0.024199384615384616
-0.0771876923076923
-0.08469784615384615
-0.04944184615384615
-0.008136
0.019609846153846155
0.0609156923076923
0.10535076923076922
0.13497415384615385
0.15270646153846154
0.12204
0.04318338461538461
-0.040262769230769234
-0.09325107692307691
-0.092208
-0.07343261538461537
-0.04380923076923077
0.003755076923076923
0.04214030769230769
0.06300184615384616
0.06383630769230769
0.03859384615384615
-0.014185846153846153
-0.07802215384615384
-0.11557292307692307
-0.09158215384615384
-0.03984553846153846
-0.0035464615384615383
0.012516923076923077
0.02899753846153846
0.059038153846153844
0.0936683076923077
0.10618523076923077
