-0.008344615384615384
0.023990769230769232
0.05674338461538461
0.08135999999999999
0.06529661538461538
0.015020307692307692
-0.03483876923076923
-0.06321046153846153
-0.04547815384615384
0.006258461538461538
0.05757784615384615
0.08845292307692308
0.09596307692307693
0.10660246153846153
0.12788123076923075
0.12808984615384614
0.10138707692307691
0.05653476923076922
0.015437538461538461
0.014811692307692307
0.05820369230769231
0.09241661538461539
0.10055261538461538
0.10222153846153846
0.10952307692307692
0.13872923076923074
0.15875630769230767
0.14582215384615385
0.09804923076923076
0.03442153846153846
-0.00855323076923077
-0.021904615384615383
-0.021070153846153846
-0.015854769230769228
-0.011265230769230769
-0.002712
0.03629907692307692
0.08866153846153846
0.12433476923076923
0.11432123076923076
0.07072061538461538
0.015020307692307692
-0.028163076923076923
-0.00855323076923077
0.026702769230769228
0.03275261538461539
0.028163076923076923
0.028371692307692306
0.05382276923076923
0.07656184615384615
0.059038153846153844
0.014185846153846153
-0.03880246153846154
-0.059038153846153844
-0.03859384615384615
-0.008970461538461538
0.0012516923076923076
-0.012934153846153845
-0.02273907692307692
-0.010848
0.021696
0.03421292307692308
0.003963692307692307
-0.05027630769230769
-0.09116492307692307
-0.08594953846153845
-0.07134646153846153
-0.06321046153846153
-0.059872615384615385
-0.07343261538461537
-0.06675692307692307
-0.03629907692307692
-0.005424
0.011265230769230769
-0.004798153846153846
-0.031709538461538456
-0.03838523076923077
-0.021904615384615383
-0.0006258461538461538
0.012516923076923077
0.02273907692307692
0.04109723076923077
0.06800861538461538
0.08490646153846154
0.09596307692307693
0.0798996923076923
0.015228923076923076
-0.03859384615384615
-0.03838523076923077
-0.0050067692307692304
0.017315076923076923
0.014603076923076923
0.029414769230769227
0.06592246153846154
0.09512861538461538
0.11724184615384614
0.10576799999999999
0.06967753846153846
0.031709538461538456
0.012308307692307691
0.03713353846153846
0.05590892307692308
0.04547815384615384
0.03275261538461539
0.03275261538461539
0.043392
0.04318338461538461
0.042348923076923076
0.03150092307692308
-0.0022947692307692304
-0.016897846153846156
0.008136
0.04214030769230769
0.06383630769230769
0.07510153846153846
0.07259815384615384
0.08699261538461538
0.10368184615384615
0.09179076923076923
0.04172307692307692
-0.04109723076923077
-0.09721476923076922
-0.1028473846153846
-0.07280676923076923
-0.03296123076923077
-0.004589538461538461
0.010848
0.03629907692307692
0.07092923076923077
0.08594953846153845
0.07635323076923077
0.037967999999999995
-0.02357353846153846
-0.06383630769230769
-0.056326153846153845
-0.031709538461538456
-0.019192615384615384
-0.02315630769230769
-0.026494153846153844
-0.00855323076923077
0.04130584615384615
0.06800861538461538
0.046104
0.0077187692307692304
-0.01668923076923077
0.007301538461538462
0.04380923076923077
0.07134646153846153
0.08448923076923077
0.07051199999999999
0.06946892307692307
0.08949599999999999
0.10430769230769231
0.07739630769230768
0.005215384615384615
-0.04380923076923077
-0.06133292307692308
-0.03692492307692308
0.004589538461538461
0.014603076923076923
0.014394461538461538
-0.018983999999999997
-0.02524246153846154
-0.0012516923076923076
-0.009596307692307692
-0.033169846153846154
-0.073224
-0.08198584615384615
-0.042974769230769226
0.0
0.02273907692307692
0.009179076923076922
-0.02795446153846154
-0.05277969230769231
-0.04193169230769231
-0.011056615384615385
-0.009596307692307692
-0.023990769230769232
-0.013768615384615384
0.02482523076923077
0.07885661538461539
0.10159569230769232
0.10117846153846152
0.07092923076923077
0.024199384615384616
0.0043809230769230765
0.012516923076923077
0.042974769230769226
0.026285538461538457
-0.008970461538461538
-0.014185846153846153
-0.0004172307692307692
0.02023569230769231
0.0014603076923076922
-0.04652123076923077
-0.10013538461538461
-0.12412615384615384
-0.0974233846153846
-0.06008123076923077
-0.047772923076923074
-0.05674338461538461
-0.06633969230769231
-0.06154153846153846
-0.03942830769230769
-0.026285538461538457
-0.050067692307692306
-0.10681107692307691
-0.16647507692307692
-0.17982646153846152
-0.1462393846153846
-0.11181784615384616
-0.06717415384615384
-0.04130584615384615
-0.018358153846153843
0.02586830769230769
0.05403138461538461
0.06404492307692307
0.008344615384615384
-0.07426707692307692
-0.1097316923076923
-0.10868861538461538
-0.07802215384615384
-0.04088861538461538
-0.004589538461538461
0.033169846153846154
0.06946892307692307
0.09471138461538461
0.09408553846153846
0.06863446153846153
0.013351384615384614
-0.026494153846153844
-0.014394461538461538
0.021696
0.06529661538461538
0.08344615384615384
0.09471138461538461
0.10764553846153846
0.11286092307692308
0.12975876923076923
0.11035753846153845
0.06362769230769232
0.012099692307692308
-0.01043076923076923
0.021070153846153846
