0.15395815384615386
0.1422756923076923
0.10368184615384615
0.05048492307692308
0.02273907692307692
0.009387692307692307
0.0022947692307692304
-0.007510153846153846
-0.02586830769230769
-0.0043809230769230765
0.03755076923076923
0.07510153846153846
0.10660246153846153
0.09950953846153845
0.05653476923076922
-0.002086153846153846
-0.03212676923076923
-0.02795446153846154
-0.024408000000000003
-0.02273907692307692
-0.023782153846153845
0.0043809230769230765
0.059038153846153844
0.08615815384615384
0.059664
0.0043809230769230765
-0.03483876923076923
-0.03838523076923077
0.003755076923076923
0.03337846153846154
0.050067692307692306
0.07677046153846154
0.09158215384615384
0.116616
0.12224861538461537
0.10514215384615383
0.06300184615384616
0.003755076923076923
-0.022947692307692308
-0.02524246153846154
0.003129230769230769
0.029623384615384614
0.03901107692307692
0.05403138461538461
0.07739630769230768
0.12600369230769232
0.12996738461538462
0.09825784615384614
0.04631261538461538
-0.03024923076923077
-0.05611753846153846
-0.05277969230769231
-0.02858030769230769
-0.015228923076923076
-0.02211323076923077
-0.0018775384615384615
0.018983999999999997
0.04130584615384615
0.025659692307692307
-0.018358153846153843
-0.047981538461538464
-0.06800861538461538
-0.042557538461538466
-0.012516923076923077
0.008970461538461538
0.01981846153846154
0.01668923076923077
0.03337846153846154
0.054657230769230764
0.06529661538461538
0.031709538461538456
-0.013560000000000001
-0.03024923076923077
-0.020027076923076922
0.027745846153846152
0.06154153846153846
0.04652123076923077
0.023990769230769232
0.018983999999999997
0.02753723076923077
0.02586830769230769
0.0077187692307692304
-0.012934153846153845
-0.03775938461538462
-0.03775938461538462
-0.021904615384615383
0.0004172307692307692
0.006675692307692307
-0.008136
-0.0006258461538461538
0.012934153846153845
0.04965046153846154
0.07092923076923077
0.04819015384615385
0.028163076923076923
0.013351384615384614
0.03629907692307692
0.061124307692307686
0.054240000000000003
0.03421292307692308
0.0012516923076923076
0.00855323076923077
0.02044430769230769
0.02357353846153846
0.03629907692307692
0.021487384615384613
0.01814953846153846
0.035464615384615386
0.07969107692307692
0.1028473846153846
0.06759138461538462
0.03942830769230769
0.006884307692307692
-0.01043076923076923
-0.0014603076923076922
0.0077187692307692304
0.012308307692307691
-0.006675692307692307
0.007510153846153846
0.03692492307692308
0.03233538461538461
0.0043809230769230765
-0.06362769230769232
-0.10430769230769231
-0.11202646153846153
-0.09512861538461538
-0.056951999999999996
-0.05444861538461539
-0.03045784615384615
-0.0029206153846153843
0.021696
0.04631261538461538
0.02357353846153846
-0.017523692307692306
-0.07802215384615384
-0.10889723076923077
-0.10076123076923077
-0.07531015384615385
-0.027745846153846152
-0.0025033846153846152
0.027745846153846152
0.041514461538461535
0.053614153846153846
0.07635323076923077
0.03692492307692308
-0.018775384615384614
-0.08052553846153847
-0.09095630769230768
-0.05277969230769231
-0.03400430769230769
0.0077187692307692304
0.02586830769230769
0.03483876923076923
0.033169846153846154
0.021278769230769233
0.003755076923076923
-0.06675692307692307
-0.12245723076923076
-0.1506203076923077
-0.12433476923076923
-0.05799507692307692
-0.006258461538461538
0.041514461538461535
0.07280676923076923
0.12600369230769232
0.1570873846153846
0.13747753846153846
0.1028473846153846
0.03233538461538461
-0.012099692307692308
-0.023364923076923075
-0.018358153846153843
0.03129230769230769
0.07218092307692307
0.11035753846153845
0.14018953846153845
0.15249784615384615
0.1612596923076923
0.11640738461538462
0.055491692307692304
0.0018775384615384615
-0.009387692307692307
0.035464615384615386
0.07656184615384615
0.12454338461538461
0.14060676923076923
0.14832553846153845
0.1395636923076923
0.11056615384615384
0.084072
0.009804923076923077
-0.05027630769230769
-0.103056
-0.10994030769230768
-0.05570030769230769
-0.003129230769230769
0.07489292307692308
0.11891076923076922
0.14123261538461537
0.13810338461538463
0.09033046153846153
0.030875076923076922
-0.06383630769230769
-0.13184492307692308
-0.14832553846153845
-0.11745046153846153
-0.05528307692307692
-0.012099692307692308
0.03358707692307692
0.06216738461538462
0.07155507692307693
0.06446215384615385
0.029623384615384614
-0.033169846153846154
-0.11703323076923078
-0.1506203076923077
-0.13205353846153844
-0.08699261538461538
-0.03379569230769231
0.0016689230769230767
0.03421292307692308
0.03880246153846154
0.024199384615384616
-0.006467076923076923
-0.08490646153846154
-0.1435273846153846
-0.1802436923076923
-0.18253846153846154
-0.13622584615384614
-0.0961716923076923
-0.033169846153846154
0.013560000000000001
0.04526953846153846
0.08302892307692307
0.08177723076923075
0.051528
-0.006884307692307692
-0.047772923076923074
-0.05590892307692308
-0.04130584615384615
0.0035464615384615383
0.03504738461538461
0.05507446153846154
0.06613107692307692
