-0.10389046153846154
-0.06300184615384616
-0.006049846153846154
0.03400430769230769
0.08135999999999999
0.10222153846153846
0.09158215384615384
0.042557538461538466
-0.02899753846153846
-0.06446215384615385
-0.07948246153846153
-0.05069353846153846
-0.0006258461538461538
0.02858030769230769
0.05486584615384615
0.06842584615384616
0.08761846153846153
0.09596307692307693
0.07489292307692308
0.027120000000000002
-0.056326153846153845
-0.10681107692307691
-0.11348676923076922
-0.0988836923076923
-0.07092923076923077
-0.05403138461538461
-0.011265230769230769
0.031709538461538456
0.05111076923076923
0.05111076923076923
0.015646153846153844
-0.048816000000000005
-0.11494707692307692
-0.13622584615384614
-0.13309661538461537
-0.12162276923076921
-0.08949599999999999
-0.04735569230769231
0.0014603076923076922
0.04860738461538461
0.07635323076923077
0.06446215384615385
0.011682461538461537
-0.04944184615384615
-0.08115138461538463
-0.08198584615384615
-0.06425353846153846
-0.043392
-0.021070153846153846
0.016480615384615385
0.06759138461538462
0.11599015384615384
0.13205353846153844
0.09450276923076922
0.031709538461538456
-0.015020307692307692
-0.042974769230769226
-0.04568676923076923
-0.029206153846153847
-0.012516923076923077
0.011682461538461537
0.056951999999999996
0.10493353846153847
0.12558646153846154
0.11348676923076922
0.06529661538461538
-0.0016689230769230767
-0.0446436923076923
-0.044435076923076924
-0.030040615384615384
-0.02899753846153846
-0.029623384615384614
-0.011682461538461537
0.03212676923076923
0.08490646153846154
0.10764553846153846
0.06341907692307691
-0.023364923076923075
-0.09387692307692307
-0.1178676923076923
-0.10493353846153847
-0.08010830769230769
-0.05111076923076923
-0.01981846153846154
0.02858030769230769
0.08156861538461539
0.10514215384615383
0.06300184615384616
-0.022947692307692308
-0.08720123076923077
-0.11849353846153846
-0.12162276923076921
-0.10868861538461538
-0.09596307692307693
-0.084072
-0.04985907692307692
0.0006258461538461538
0.046104
0.05403138461538461
0.013560000000000001
-0.03755076923076923
-0.07405846153846153
-0.07572738461538461
-0.07155507692307693
-0.06863446153846153
-0.05590892307692308
-0.032544
0.009179076923076922
0.05048492307692308
0.08782707692307692
0.07656184615384615
0.026076923076923077
-0.023782153846153845
-0.047772923076923074
-0.03775938461538462
-0.04214030769230769
-0.04380923076923077
-0.040054153846153843
-0.011473846153846154
0.04047138461538462
0.07531015384615385
0.086784
0.047772923076923074
-0.0004172307692307692
-0.02795446153846154
-0.031709538461538456
-0.0014603076923076922
0.015854769230769228
0.021696
0.035464615384615386
0.05653476923076922
0.09053907692307692
0.09846646153846153
0.065088
0.014603076923076923
-0.035464615384615386
-0.047981538461538464
-0.03024923076923077
-0.01981846153846154
-0.005841230769230769
0.015020307692307692
0.05277969230769231
0.11348676923076922
0.15395815384615386
0.13205353846153844
0.08073415384615384
0.03024923076923077
-0.008136
-0.011265230769230769
-0.01668923076923077
-0.031918153846153846
-0.03838523076923077
-0.01668923076923077
0.04109723076923077
0.09846646153846153
0.12996738461538462
0.09971815384615385
0.03150092307692308
-0.021070153846153846
-0.04839876923076923
-0.05194523076923077
-0.06154153846153846
-0.06821723076923077
-0.05444861538461539
-0.012934153846153845
0.047772923076923074
0.07468430769230769
0.06195876923076923
0.016897846153846156
-0.031709538461538456
-0.0446436923076923
-0.026494153846153844
0.0004172307692307692
0.005841230769230769
-0.002086153846153846
0.015228923076923076
0.051528
0.08240307692307691
0.08135999999999999
0.028163076923076923
-0.03379569230769231
-0.06926030769230769
-0.06154153846153846
-0.02524246153846154
-0.02315630769230769
-0.03045784615384615
-0.017523692307692306
0.0043809230769230765
0.05111076923076923
0.084072
0.07405846153846153
0.04214030769230769
0.011891076923076923
-0.002712
-0.015228923076923076
-0.04380923076923077
-0.08657538461538461
-0.10660246153846153
-0.08386338461538462
-0.026285538461538457
0.037342153846153844
0.07051199999999999
0.07113784615384615
0.06967753846153846
0.07572738461538461
0.08177723076923075
0.08323753846153846
0.05799507692307692
0.005215384615384615
-0.03108369230769231
-0.018775384615384614
0.011265230769230769
0.02315630769230769
0.014603076923076923
0.005632615384615384
0.005841230769230769
0.033169846153846154
0.07906523076923076
0.0936683076923077
0.05611753846153846
0.007301538461538462
-0.014603076923076923
-0.016897846153846156
0.0016689230769230767
0.015646153846153844
0.025033846153846153
0.03379569230769231
0.06425353846153846
0.10514215384615383
0.10743692307692307
0.078648
0.015437538461538461
-0.03233538461538461
-0.0446436923076923
-0.016063384615384615
0.02899753846153846
0.03504738461538461
0.03567323076923076
0.051319384615384614
0.08574092307692306
0.12204
0.11703323076923078
0.08115138461538463
0.018983999999999997
