-0.01814953846153846
-0.0448523076923077
-0.032544
0.006675692307692307
0.025033846153846153
0.03275261538461539
0.053614153846153846
0.07092923076923077
0.08344615384615384
0.06529661538461538
0.01856676923076923
-0.04088861538461538
-0.08198584615384615
-0.0678
-0.03629907692307692
-0.013560000000000001
-0.012099692307692308
-0.02023569230769231
-0.009596307692307692
0.007301538461538462
0.03650769230769231
0.040679999999999994
0.0012516923076923076
-0.042974769230769226
-0.07113784615384615
-0.07155507692307693
-0.07510153846153846
-0.08907876923076924
-0.09554584615384615
-0.111192
-0.08761846153846153
-0.04047138461538462
-0.03024923076923077
-0.041514461538461535
-0.08073415384615384
-0.09804923076923076
-0.09012184615384615
-0.06383630769230769
-0.027120000000000002
-0.03358707692307692
-0.03775938461538462
-0.024199384615384616
0.020652923076923076
0.05528307692307692
0.025659692307692307
-0.02044430769230769
-0.055491692307692304
-0.05653476923076922
-0.03024923076923077
0.01814953846153846
0.056951999999999996
0.058829538461538454
0.05528307692307692
0.06717415384615384
0.08302892307692307
0.06321046153846153
0.01043076923076923
-0.03024923076923077
-0.05090215384615384
-0.045060923076923075
-0.022947692307692308
-0.017940923076923077
-0.004589538461538461
-0.0033378461538461535
0.00855323076923077
0.055491692307692304
0.08511507692307693
0.07218092307692307
0.003129230769230769
-0.044435076923076924
-0.046104
-0.03275261538461539
-0.010222153846153844
-0.004798153846153846
0.009804923076923077
0.03713353846153846
0.06967753846153846
0.10368184615384615
0.10389046153846154
0.06321046153846153
-0.0043809230769230765
-0.03337846153846154
-0.024408000000000003
-0.014394461538461538
0.003755076923076923
0.0016689230769230767
0.006884307692307692
0.01940123076923077
0.029623384615384614
0.04756430769230769
0.029623384615384614
-0.011265230769230769
-0.04985907692307692
-0.06133292307692308
-0.0446436923076923
-0.033169846153846154
-0.029623384615384614
-0.037342153846153844
-0.018775384615384614
0.026494153846153844
0.048816000000000005
0.03775938461538462
-0.028371692307692306
-0.08302892307692307
-0.0974233846153846
-0.09241661538461539
-0.06633969230769231
-0.06717415384615384
-0.052153846153846155
-0.025033846153846153
0.0012516923076923076
0.058412307692307694
0.07802215384615384
0.04839876923076923
-0.006258461538461538
-0.032544
-0.023990769230769232
-0.0050067692307692304
0.023782153846153845
0.014185846153846153
0.006049846153846154
0.017315076923076923
0.042348923076923076
0.05653476923076922
0.03567323076923076
0.024199384615384616
0.010639384615384617
0.023364923076923075
0.07426707692307692
0.11473846153846154
0.12496061538461539
0.09304246153846155
0.07885661538461539
0.09763200000000001
0.10535076923076922
0.11682461538461539
0.10076123076923077
0.08845292307692308
0.08845292307692308
0.09053907692307692
0.11411261538461538
0.09930092307692308
0.06696553846153847
0.045895384615384616
0.06613107692307692
0.12704676923076924
0.17294215384615383
0.18086953846153844
0.1476996923076923
0.12579507692307693
0.12245723076923076
0.13330523076923076
0.1368516923076923
0.0963803076923077
0.052153846153846155
0.03108369230769231
0.04672984615384615
0.06613107692307692
0.03108369230769231
-0.012099692307692308
-0.032544
-0.03024923076923077
0.0022947692307692304
0.02795446153846154
0.04547815384615384
0.02086153846153846
-0.03504738461538461
-0.06154153846153846
-0.06717415384615384
-0.06571384615384615
-0.086784
-0.10576799999999999
-0.10743692307692307
-0.08636676923076922
-0.03921969230769231
-0.023364923076923075
-0.05507446153846154
-0.10555938461538462
-0.11327815384615383
-0.06821723076923077
-0.014185846153846153
0.03024923076923077
0.03629907692307692
0.015020307692307692
0.013768615384615384
0.024199384615384616
0.027745846153846152
-0.008344615384615384
-0.08010830769230769
-0.111192
-0.10806276923076923
-0.0744756923076923
-0.015646153846153844
0.017315076923076923
0.02545107692307692
0.01981846153846154
0.03504738461538461
0.054240000000000003
0.03713353846153846
-0.015228923076923076
-0.073224
-0.08156861538461539
-0.06487938461538462
-0.04401784615384615
-0.02044430769230769
-0.006049846153846154
0.01272553846153846
0.03358707692307692
0.06529661538461538
0.08240307692307691
0.049233230769230765
-0.005215384615384615
-0.06070707692307692
-0.06884307692307692
-0.030040615384615384
0.01668923076923077
0.07948246153846153
0.11828492307692307
0.14999446153846155
0.17481969230769231
0.1802436923076923
0.15625292307692307
0.07009476923076922
-0.010013538461538461
-0.04985907692307692
-0.037342153846153844
0.005424
0.05403138461538461
0.09658892307692307
0.11411261538461538
0.12662953846153846
0.10681107692307691
0.05736923076923077
-0.0014603076923076922
-0.073224
-0.11056615384615384
-0.08073415384615384
-0.011891076923076923
0.06028984615384615
0.11202646153846153
0.13893784615384613
0.17148184615384612
0.19150892307692308
0.17982646153846152
