-0.06675692307692307
-0.09909230769230769
-0.09116492307692307
-0.054240000000000003
-0.019192615384615384
0.010639384615384617
0.03671630769230769
0.065088
0.09909230769230769
0.13330523076923076
0.10931446153846153
0.035255999999999996
-0.029414769230769227
-0.07134646153846153
-0.06467076923076923
-0.03629907692307692
-0.0006258461538461538
0.025033846153846153
0.03421292307692308
0.05799507692307692
0.06696553846153847
0.07030338461538461
0.053405538461538456
0.006884307692307692
-0.02273907692307692
-0.03129230769230769
-0.006258461538461538
0.01668923076923077
0.016063384615384615
0.008136
0.013351384615384614
0.04714707692307692
0.07364123076923076
0.09053907692307692
0.05945538461538461
-0.0012516923076923076
-0.033169846153846154
-0.03400430769230769
0.0029206153846153843
0.026911384615384615
0.03984553846153846
0.06675692307692307
0.09158215384615384
0.11411261538461538
0.1070196923076923
0.0744756923076923
0.03609046153846154
0.007510153846153846
0.014185846153846153
0.03692492307692308
0.06404492307692307
0.08636676923076922
0.08699261538461538
0.09658892307692307
0.11432123076923076
0.12287446153846153
0.09533723076923077
0.027328615384615382
-0.02273907692307692
-0.033169846153846154
-0.008970461538461538
0.017732307692307693
0.03921969230769231
0.05194523076923077
0.06926030769230769
0.10868861538461538
0.1218313846153846
0.10493353846153847
0.04652123076923077
-0.03567323076923076
-0.08323753846153846
-0.08824430769230769
-0.05674338461538461
-0.03504738461538461
-0.02858030769230769
-0.017940923076923077
0.007510153846153846
0.05069353846153846
0.07301538461538462
0.06195876923076923
0.018358153846153843
-0.03629907692307692
-0.04902461538461538
-0.035464615384615386
-0.02753723076923077
-0.0006258461538461538
0.010639384615384617
0.022947692307692308
0.04860738461538461
0.05319692307692307
0.04172307692307692
-0.015854769230769228
-0.06028984615384615
-0.06717415384615384
-0.05069353846153846
-0.01856676923076923
-0.013560000000000001
-0.007301538461538462
-0.0025033846153846152
0.028163076923076923
0.07739630769230768
0.08094276923076923
0.05674338461538461
0.003129230769230769
-0.040262769230769234
-0.047772923076923074
-0.05048492307692308
-0.03942830769230769
-0.04965046153846154
-0.05382276923076923
-0.018775384615384614
0.014185846153846153
0.05590892307692308
0.05862092307692307
0.02482523076923077
-0.008970461538461538
-0.037342153846153844
-0.021487384615384613
-0.0070929230769230765
-0.006049846153846154
0.010013538461538461
0.035255999999999996
0.07697907692307693
0.111192
0.12162276923076921
0.08740984615384616
0.03379569230769231
0.01272553846153846
0.006884307692307692
0.010013538461538461
-0.0008344615384615384
-0.021070153846153846
-0.029414769230769227
-0.02482523076923077
0.021278769230769233
0.05236246153846154
0.034630153846153845
-0.010848
-0.058412307692307694
-0.06759138461538462
-0.07051199999999999
-0.05799507692307692
-0.04756430769230769
-0.061750153846153844
-0.04839876923076923
-0.02086153846153846
0.015437538461538461
0.015646153846153844
-0.022530461538461537
-0.04965046153846154
-0.07343261538461537
-0.05590892307692308
-0.024408000000000003
-0.0050067692307692304
-0.003755076923076923
0.008344615384615384
0.065088
0.10430769230769231
0.12162276923076921
0.07364123076923076
-0.009179076923076922
-0.06884307692307692
-0.10618523076923077
-0.08949599999999999
-0.08094276923076923
-0.08031692307692308
-0.06842584615384616
-0.04965046153846154
-0.002086153846153846
0.02545107692307692
0.01668923076923077
-0.014394461538461538
-0.05486584615384615
-0.0717636923076923
-0.05757784615384615
-0.03233538461538461
-0.029414769230769227
-0.04088861538461538
-0.04819015384615385
-0.026702769230769228
0.014394461538461538
0.02086153846153846
-0.003129230769230769
-0.04839876923076923
-0.07051199999999999
-0.059664
-0.03504738461538461
-0.002086153846153846
0.006467076923076923
0.014394461538461538
0.03421292307692308
0.06279323076923077
0.07468430769230769
0.04985907692307692
0.007510153846153846
-0.02795446153846154
-0.038176615384615385
-0.031918153846153846
-0.019192615384615384
-0.024199384615384616
-0.028788923076923077
-0.005841230769230769
0.025659692307692307
0.05674338461538461
0.07426707692307692
0.059664
0.03108369230769231
0.01940123076923077
0.02545107692307692
0.042974769230769226
0.03921969230769231
0.019192615384615384
0.009387692307692307
0.02545107692307692
0.06487938461538462
0.07364123076923076
0.05236246153846154
-0.0014603076923076922
-0.037342153846153844
-0.014394461538461538
0.013560000000000001
0.05194523076923077
0.06216738461538462
0.04088861538461538
0.03880246153846154
0.05590892307692308
0.08761846153846153
0.08490646153846154
0.04547815384615384
0.003963692307692307
-0.02211323076923077
-0.02232184615384615
-0.02753723076923077
-0.04756430769230769
-0.08115138461538463
-0.09471138461538461
-0.06070707692307692
-0.01668923076923077
0.02086153846153846
0.022947692307692308
-0.009179076923076922
-0.021278769230769233
-0.010639384615384617
0.02357353846153846
