0.08031692307692308
0.08177723076923075
0.053614153846153846
0.032544
0.02315630769230769
0.022947692307692308
0.051528
0.04735569230769231
0.044435076923076924
0.045895384615384616
0.05799507692307692
0.09450276923076922
0.0897046153846154
0.07009476923076922
0.003963692307692307
-0.04714707692307692
-0.043600615384615383
-0.03901107692307692
-0.004172307692307692
0.013768615384615384
0.029414769230769227
0.052571076923076915
0.06800861538461538
0.07572738461538461
0.028371692307692306
-0.03504738461538461
-0.09325107692307691
-0.12642092307692307
-0.11911938461538461
-0.10326461538461539
-0.06028984615384615
-0.016897846153846156
0.024199384615384616
0.06258461538461538
0.07489292307692308
0.07927384615384615
0.024199384615384616
-0.05736923076923077
-0.09387692307692307
-0.10180430769230768
-0.06967753846153846
-0.028788923076923077
0.021278769230769233
0.07405846153846153
0.09930092307692308
0.12496061538461539
0.111192
0.06028984615384615
-0.015228923076923076
-0.092208
-0.1178676923076923
-0.09909230769230769
-0.04819015384615385
-0.0025033846153846152
0.03963692307692308
0.08991323076923076
0.1341396923076923
0.16584923076923075
0.1341396923076923
0.05048492307692308
-0.03108369230769231
-0.08761846153846153
-0.09408553846153846
-0.06967753846153846
-0.02232184615384615
0.03650769230769231
0.0892873846153846
0.154584
0.1927606153846154
0.1913003076923077
0.13247076923076923
0.02273907692307692
-0.056326153846153845
-0.09471138461538461
-0.08323753846153846
-0.049233230769230765
-0.006258461538461538
0.05486584615384615
0.10409907692307692
0.14811692307692306
0.1704387692307692
0.13747753846153846
0.05277969230769231
-0.03880246153846154
-0.07843938461538462
-0.06717415384615384
-0.035255999999999996
0.008970461538461538
0.0446436923076923
0.08198584615384615
0.10138707692307691
0.09992676923076924
0.06967753846153846
-0.017940923076923077
-0.10514215384615383
-0.1718990769230769
-0.18775384615384613
-0.1397723076923077
-0.08386338461538462
-0.02357353846153846
0.030040615384615384
0.07009476923076922
0.10806276923076923
0.10138707692307691
0.04985907692307692
-0.031709538461538456
-0.11098338461538461
-0.13226215384615383
-0.11682461538461539
-0.07739630769230768
-0.03838523076923077
-0.01856676923076923
0.021904615384615383
0.06404492307692307
0.084072
0.06654830769230768
-0.002086153846153846
-0.06341907692307691
-0.10263876923076923
-0.10368184615384615
-0.06675692307692307
-0.02357353846153846
0.02211323076923077
0.052153846153846155
0.07948246153846153
0.09241661538461539
0.07635323076923077
0.02482523076923077
-0.05277969230769231
-0.10910584615384614
-0.13226215384615383
-0.11265230769230769
-0.06446215384615385
-0.01668923076923077
0.012934153846153845
0.028371692307692306
0.06571384615384615
0.0974233846153846
0.1045163076923077
0.07781353846153846
0.02586830769230769
0.0022947692307692304
0.012308307692307691
0.05194523076923077
0.07635323076923077
0.07426707692307692
0.06279323076923077
0.05799507692307692
0.06070707692307692
0.033169846153846154
-0.005424
-0.05757784615384615
-0.09971815384615385
-0.078648
-0.03671630769230769
0.005841230769230769
0.05194523076923077
0.0771876923076923
0.09992676923076924
0.11745046153846153
0.12037107692307693
0.0936683076923077
0.03108369230769231
-0.03567323076923076
-0.08073415384615384
-0.08240307692307691
-0.07197230769230768
-0.04547815384615384
-0.008344615384615384
0.03483876923076923
0.09533723076923077
0.12350030769230769
0.12329169230769231
0.08907876923076924
0.023782153846153845
-0.02273907692307692
-0.03984553846153846
-0.01856676923076923
0.007301538461538462
0.02795446153846154
0.05570030769230769
0.08177723076923075
0.12162276923076921
0.12767261538461538
0.09846646153846153
0.04693846153846153
-0.015228923076923076
-0.045060923076923075
-0.065088
-0.07301538461538462
-0.06905169230769231
-0.05653476923076922
-0.021070153846153846
0.031709538461538456
0.09012184615384615
0.09721476923076922
0.05048492307692308
0.0043809230769230765
-0.034630153846153845
-0.04172307692307692
-0.03713353846153846
-0.03504738461538461
-0.021696
0.0002086153846153846
0.04902461538461538
0.09179076923076923
0.10201292307692307
0.06654830769230768
0.0018775384615384615
-0.037967999999999995
-0.03421292307692308
-0.008970461538461538
0.005632615384615384
0.017315076923076923
0.03963692307692308
0.0744756923076923
0.12370892307692308
0.16292861538461537
0.16105107692307694
0.11473846153846154
0.05486584615384615
0.011265230769230769
-0.011473846153846154
-0.01668923076923077
-0.03504738461538461
-0.04860738461538461
-0.03880246153846154
-0.008970461538461538
0.04401784615384615
0.06008123076923077
0.03901107692307692
-0.005424
-0.04380923076923077
-0.03567323076923076
-0.017732307692307693
-0.003129230769230769
-0.005841230769230769
0.0035464615384615383
0.04318338461538461
0.08699261538461538
0.11202646153846153
0.086784
0.02524246153846154
-0.042557538461538466
