-0.009596307692307692
0.0006258461538461538
0.03504738461538461
0.07885661538461539
0.06926030769230769
0.01981846153846154
-0.04318338461538461
-0.07510153846153846
-0.055491692307692304
-0.03838523076923077
-0.027328615384615382
-0.03880246153846154
-0.05236246153846154
-0.029832
0.008136
0.04130584615384615
0.033169846153846154
0.0008344615384615384
-0.010848
-0.011473846153846154
-0.008970461538461538
-0.013768615384615384
-0.03629907692307692
-0.07593599999999999
-0.0988836923076923
-0.08386338461538462
-0.051528
-0.024199384615384616
-0.031709538461538456
-0.05507446153846154
-0.07280676923076923
-0.05236246153846154
-0.01710646153846154
-0.015437538461538461
-0.01272553846153846
0.0012516923076923076
0.031918153846153846
0.06884307692307692
0.0853236923076923
0.06675692307692307
0.00855323076923077
-0.04318338461538461
-0.04422646153846154
-0.012934153846153845
0.00855323076923077
0.004589538461538461
-0.017732307692307693
-0.023990769230769232
-0.006884307692307692
0.003755076923076923
-0.0043809230769230765
-0.02858030769230769
-0.04130584615384615
-0.03233538461538461
-0.006675692307692307
0.014394461538461538
0.010222153846153844
-0.012099692307692308
-0.02795446153846154
-0.016480615384615385
-0.0004172307692307692
0.005841230769230769
-0.015646153846153844
-0.03233538461538461
-0.029623384615384614
-0.02211323076923077
-0.0002086153846153846
0.017940923076923077
0.033169846153846154
0.03400430769230769
0.04944184615384615
0.086784
0.10243015384615384
0.08156861538461539
0.042348923076923076
0.026285538461538457
0.027328615384615382
0.03921969230769231
0.065088
0.06425353846153846
0.06154153846153846
0.08115138461538463
0.09491999999999999
0.100344
0.06404492307692307
0.0070929230769230765
-0.04693846153846153
-0.07134646153846153
-0.033169846153846154
0.012099692307692308
0.040679999999999994
0.041514461538461535
0.03442153846153846
0.052153846153846155
0.07051199999999999
0.0678
0.03275261538461539
-0.009596307692307692
-0.03400430769230769
-0.008970461538461538
0.04985907692307692
0.08511507692307693
0.10472492307692308
0.100344
0.09033046153846153
0.08720123076923077
0.07802215384615384
0.06154153846153846
0.029623384615384614
0.017732307692307693
0.03024923076923077
0.040679999999999994
0.053614153846153846
0.04631261538461538
0.02315630769230769
0.027328615384615382
0.04839876923076923
0.07927384615384615
0.09199938461538461
0.0717636923076923
0.03504738461538461
0.0029206153846153843
0.01668923076923077
0.05319692307692307
0.06571384615384615
0.05048492307692308
0.021904615384615383
0.007301538461538462
0.009804923076923077
0.00855323076923077
-0.011891076923076923
-0.04839876923076923
-0.06133292307692308
-0.0446436923076923
-0.0035464615384615383
0.029414769230769227
0.029206153846153847
0.027745846153846152
0.03150092307692308
0.054657230769230764
0.07572738461538461
0.06467076923076923
0.04130584615384615
-0.001043076923076923
-0.014603076923076923
0.007301538461538462
-0.0006258461538461538
-0.02232184615384615
-0.05236246153846154
-0.06675692307692307
-0.05757784615384615
-0.028163076923076923
0.010013538461538461
0.010639384615384617
0.004798153846153846
0.006675692307692307
0.012308307692307691
0.022530461538461537
0.002086153846153846
-0.04714707692307692
-0.08720123076923077
-0.1151556923076923
-0.10910584615384614
-0.07635323076923077
-0.059664
-0.043392
-0.038176615384615385
-0.027745846153846152
0.0008344615384615384
0.008136
-0.013142769230769229
-0.04672984615384615
-0.05757784615384615
-0.048816000000000005
-0.02795446153846154
-0.005215384615384615
-0.012308307692307691
-0.02023569230769231
-0.0050067692307692304
0.029414769230769227
0.04985907692307692
0.018983999999999997
-0.047772923076923074
-0.11077476923076923
-0.13935507692307691
-0.12266584615384615
-0.06446215384615385
-0.003755076923076923
0.02586830769230769
0.058412307692307694
0.11327815384615383
0.1476996923076923
0.14164984615384615
0.08469784615384615
0.0018775384615384615
-0.05236246153846154
-0.06425353846153846
-0.03108369230769231
0.007301538461538462
0.04214030769230769
0.07489292307692308
0.09700615384615385
0.1207883076923077
0.116616
0.08615815384615384
0.02795446153846154
-0.020027076923076922
-0.019192615384615384
0.021070153846153846
0.09784061538461537
0.1506203076923077
0.1779489230769231
0.18983999999999998
0.18983999999999998
0.1948467692307692
0.1476996923076923
0.05319692307692307
-0.05611753846153846
-0.1395636923076923
-0.14582215384615385
-0.11452984615384615
-0.05590892307692308
0.013768615384615384
0.05862092307692307
0.10743692307692307
0.12996738461538462
0.10931446153846153
0.04547815384615384
-0.04965046153846154
-0.11953661538461538
-0.14311015384615386
-0.09554584615384615
-0.014811692307692307
0.05444861538461539
0.10076123076923077
0.12204
0.14665661538461539
0.13101046153846155
0.0744756923076923
-0.003755076923076923
-0.08699261538461538
-0.11473846153846154
-0.09012184615384615
-0.01272553846153846
