-0.02273907692307692
-0.004589538461538461
0.022947692307692308
0.025659692307692307
0.017940923076923077
-0.0016689230769230767
-0.005424
0.012934153846153845
0.0008344615384615384
-0.015020307692307692
-0.018358153846153843
-0.006258461538461538
0.026494153846153844
0.02795446153846154
0.012516923076923077
-0.004589538461538461
-0.024408000000000003
-0.002086153846153846
0.021696
0.026702769230769228
0.0014603076923076922
-0.026911384615384615
-0.03066646153846154
-0.035464615384615386
-0.0012516923076923076
0.023364923076923075
0.01043076923076923
0.0035464615384615383
0.012308307692307691
0.045895384615384616
0.05507446153846154
0.045895384615384616
0.03984553846153846
0.020652923076923076
0.02211323076923077
0.029206153846153847
0.019609846153846155
-0.03024923076923077
-0.08761846153846153
-0.09825784615384614
-0.09053907692307692
-0.059872615384615385
-0.026911384615384615
0.0014603076923076922
0.026911384615384615
0.04526953846153846
0.06633969230769231
0.06258461538461538
0.0448523076923077
-0.0006258461538461538
-0.06696553846153847
-0.09387692307692307
-0.10055261538461538
-0.0855323076923077
-0.06821723076923077
-0.054657230769230764
-0.003963692307692307
0.03692492307692308
0.07614461538461538
0.09387692307692307
0.05736923076923077
0.0008344615384615384
-0.03942830769230769
-0.029206153846153847
0.0012516923076923076
0.040054153846153843
0.07113784615384615
0.11327815384615383
0.15479261538461536
0.15374953846153847
0.13476553846153844
0.07364123076923076
-0.006258461538461538
-0.06926030769230769
-0.07969107692307692
-0.027745846153846152
0.004798153846153846
0.03671630769230769
0.056951999999999996
0.061124307692307686
0.10389046153846154
0.11640738461538462
0.0934596923076923
0.022530461538461537
-0.06988615384615385
-0.11327815384615383
-0.1341396923076923
-0.0798996923076923
0.003755076923076923
0.07364123076923076
0.14206707692307693
0.17690584615384616
0.21654276923076923
0.18963138461538462
0.111192
0.023990769230769232
-0.06550523076923077
-0.06717415384615384
-0.049233230769230765
-0.0002086153846153846
0.05757784615384615
0.086784
0.14477907692307693
0.15792184615384616
0.15416676923076922
0.11306953846153844
0.023364923076923075
-0.05236246153846154
-0.11473846153846154
-0.09596307692307693
-0.03400430769230769
0.02232184615384615
0.07113784615384615
0.08824430769230769
0.10535076923076922
0.08323753846153846
0.03045784615384615
-0.03713353846153846
-0.1314276923076923
-0.17398523076923075
-0.1712732307692308
-0.11265230769230769
-0.029206153846153847
0.026911384615384615
0.07489292307692308
0.09512861538461538
0.10263876923076923
0.065088
-0.0050067692307692304
-0.08198584615384615
-0.14603076923076924
-0.14457046153846154
-0.09846646153846153
-0.028788923076923077
0.02482523076923077
0.06341907692307691
0.09471138461538461
0.10848000000000001
0.10618523076923077
0.06592246153846154
0.0012516923076923076
-0.06884307692307692
-0.11640738461538462
-0.11557292307692307
-0.06967753846153846
-0.00855323076923077
0.05528307692307692
0.10243015384615384
0.11348676923076922
0.11432123076923076
0.09283384615384616
0.03775938461538462
-0.03483876923076923
-0.07155507692307693
-0.07072061538461538
-0.03942830769230769
0.023364923076923075
0.08240307692307691
0.12996738461538462
0.14957723076923077
0.15938215384615384
0.1435273846153846
0.09554584615384615
0.02586830769230769
-0.029832
-0.034630153846153845
-0.019192615384615384
0.016272
0.05590892307692308
0.08344615384615384
0.09429415384615383
0.10159569230769232
0.08991323076923076
0.06195876923076923
0.021070153846153846
-0.03483876923076923
-0.055491692307692304
-0.05444861538461539
-0.016272
0.02899753846153846
0.05027630769230769
0.07259815384615384
0.09095630769230768
0.10201292307692307
0.08156861538461539
0.03129230769230769
-0.03588184615384615
-0.100344
-0.12308307692307692
-0.08636676923076922
-0.040679999999999994
-0.0043809230769230765
0.040054153846153843
0.07238953846153846
0.12120553846153845
0.16251138461538459
0.15145476923076923
0.10660246153846153
0.03963692307692308
-0.005215384615384615
-0.015437538461538461
-0.0029206153846153843
0.030040615384615384
0.03942830769230769
0.03629907692307692
0.04819015384615385
0.056326153846153845
0.04985907692307692
0.015437538461538461
-0.023782153846153845
-0.03337846153846154
-0.024616615384615383
-0.0022947692307692304
0.02273907692307692
0.041514461538461535
0.04860738461538461
0.04965046153846154
0.06049846153846154
0.05590892307692308
0.022530461538461537
-0.04380923076923077
-0.10743692307692307
-0.12245723076923076
-0.10117846153846152
-0.04965046153846154
0.0008344615384615384
0.03045784615384615
0.06696553846153847
0.09116492307692307
0.09283384615384616
0.07259815384615384
0.019609846153846155
-0.03755076923076923
-0.07092923076923077
-0.06279323076923077
-0.029206153846153847
-0.003963692307692307
0.0022947692307692304
0.014603076923076923
0.0448523076923077
0.06863446153846153
0.06967753846153846
0.03379569230769231
