0.08740984615384616
0.0826116923076923
0.05778646153846154
0.042974769230769226
0.02273907692307692
0.029832
0.037967999999999995
0.013351384615384614
-0.0016689230769230767
0.01814953846153846
0.07405846153846153
0.1368516923076923
0.168144
0.15646153846153846
0.12016246153846154
0.07885661538461539
0.06821723076923077
0.10180430769230768
0.12099692307692309
0.09491999999999999
0.06613107692307692
0.073224
0.11348676923076922
0.1397723076923077
0.1314276923076923
0.119328
0.09971815384615385
0.09825784615384614
0.10243015384615384
0.09283384615384616
0.06905169230769231
0.024408000000000003
0.0070929230769230765
0.011473846153846154
0.03609046153846154
0.05653476923076922
0.04631261538461538
0.03337846153846154
0.03233538461538461
0.03567323076923076
0.013351384615384614
-0.02211323076923077
-0.07781353846153846
-0.13226215384615383
-0.13893784615384613
-0.09909230769230769
-0.02858030769230769
0.02795446153846154
0.06425353846153846
0.08448923076923077
0.09763200000000001
0.10076123076923077
0.05403138461538461
-0.021278769230769233
-0.08782707692307692
-0.13476553846153844
-0.13476553846153844
-0.09429415384615383
-0.03650769230769231
0.005841230769230769
0.007301538461538462
0.008970461538461538
0.016480615384615385
0.014603076923076923
-0.015437538461538461
-0.07030338461538461
-0.09971815384615385
-0.10117846153846152
-0.08240307692307691
-0.05403138461538461
-0.024199384615384616
0.0035464615384615383
0.02545107692307692
0.056951999999999996
0.06842584615384616
0.02899753846153846
-0.042557538461538466
-0.10138707692307691
-0.124752
-0.11411261538461538
-0.07218092307692307
-0.014185846153846153
0.05924676923076923
0.124752
0.1666836923076923
0.173568
0.12412615384615384
0.032544
-0.06592246153846154
-0.1218313846153846
-0.11327815384615383
-0.07572738461538461
-0.024199384615384616
0.03609046153846154
0.100344
0.1585476923076923
0.18191261538461537
0.18066092307692305
0.12767261538461538
0.035464615384615386
-0.047772923076923074
-0.09471138461538461
-0.07969107692307692
-0.042557538461538466
0.007927384615384614
0.054240000000000003
0.0853236923076923
0.11849353846153846
0.12370892307692308
0.09971815384615385
0.03358707692307692
-0.05298830769230769
-0.1028473846153846
-0.10243015384615384
-0.05528307692307692
-0.0002086153846153846
0.03588184615384615
0.05820369230769231
0.09012184615384615
0.11891076923076922
0.10138707692307691
0.03921969230769231
-0.053614153846153846
-0.14269292307692305
-0.17690584615384616
-0.15082892307692305
-0.08845292307692308
-0.015854769230769228
0.044435076923076924
0.10138707692307691
0.15270646153846154
0.15625292307692307
0.10743692307692307
0.014394461538461538
-0.09283384615384616
-0.1656406153846154
-0.18379015384615385
-0.1585476923076923
-0.11327815384615383
-0.05277969230769231
0.0050067692307692304
0.05507446153846154
0.08699261538461538
0.08448923076923077
0.025659692307692307
-0.05528307692307692
-0.10576799999999999
-0.11807630769230769
-0.07697907692307693
-0.009804923076923077
0.0717636923076923
0.13664307692307692
0.17628
0.19609846153846153
0.18107815384615383
0.130176
0.0446436923076923
-0.03150092307692308
-0.084072
-0.08219446153846154
-0.03609046153846154
0.0014603076923076922
0.02858030769230769
0.05590892307692308
0.10326461538461539
0.13121907692307694
0.11348676923076922
0.07697907692307693
0.015020307692307692
-0.03379569230769231
-0.037967999999999995
-0.018358153846153843
0.01272553846153846
0.023364923076923075
0.03775938461538462
0.06195876923076923
0.07009476923076922
0.07489292307692308
0.04672984615384615
-0.014185846153846153
-0.07843938461538462
-0.10576799999999999
-0.08094276923076923
-0.031709538461538456
0.021904615384615383
0.05820369230769231
0.0963803076923077
0.13393107692307693
0.16042523076923076
0.15187199999999998
0.09137353846153846
0.021696
-0.040679999999999994
-0.06759138461538462
-0.06362769230769232
-0.05069353846153846
-0.014603076923076923
0.011891076923076923
0.05298830769230769
0.10743692307692307
0.12245723076923076
0.0892873846153846
0.012516923076923077
-0.03483876923076923
-0.05382276923076923
-0.042974769230769226
-0.010222153846153844
-0.0016689230769230767
0.007301538461538462
0.009596307692307692
0.027120000000000002
0.03483876923076923
0.011265230769230769
-0.028163076923076923
-0.08031692307692308
-0.10138707692307691
-0.08720123076923077
-0.04109723076923077
-0.0025033846153846152
0.010848
0.03504738461538461
0.07259815384615384
0.11056615384615384
0.11390399999999999
0.08302892307692307
0.027120000000000002
-0.03212676923076923
-0.04819015384615385
-0.04819015384615385
-0.04422646153846154
-0.03504738461538461
-0.027328615384615382
0.005841230769230769
0.029414769230769227
0.04172307692307692
0.03233538461538461
-0.020652923076923076
-0.0744756923076923
-0.10681107692307691
-0.10076123076923077
-0.09095630769230768
-0.08156861538461539
-0.06905169230769231
-0.04902461538461538
