-0.07739630769230768
-0.09512861538461538
-0.09283384615384616
-0.08386338461538462
-0.06863446153846153
-0.03650769230769231
0.032544
0.11140061538461538
0.16042523076923076
0.1570873846153846
0.11035753846153845
0.06654830769230768
0.026285538461538457
0.01043076923076923
-0.0016689230769230767
-0.031918153846153846
-0.06216738461538462
-0.06675692307692307
-0.02586830769230769
0.011891076923076923
0.023364923076923075
0.0025033846153846152
-0.011891076923076923
0.00855323076923077
0.021904615384615383
0.02899753846153846
0.015854769230769228
-0.0070929230769230765
-0.02023569230769231
-0.017523692307692306
0.027745846153846152
0.05069353846153846
0.019609846153846155
-0.029623384615384614
-0.05924676923076923
-0.0448523076923077
-0.027745846153846152
-0.009179076923076922
0.008970461538461538
0.03129230769230769
0.06926030769230769
0.10368184615384615
0.13601723076923075
0.11014892307692307
0.03921969230769231
-0.004798153846153846
-0.016897846153846156
-0.0006258461538461538
0.004589538461538461
0.0006258461538461538
0.007510153846153846
0.018775384615384614
0.05590892307692308
0.0826116923076923
0.08177723076923075
0.048816000000000005
-0.008344615384615384
-0.043392
-0.07468430769230769
-0.07843938461538462
-0.08323753846153846
-0.11828492307692307
-0.12934153846153845
-0.11056615384615384
-0.05027630769230769
0.009179076923076922
0.026285538461538457
0.006884307692307692
-0.015228923076923076
0.006049846153846154
0.013768615384615384
-0.0077187692307692304
-0.04631261538461538
-0.0880356923076923
-0.0826116923076923
-0.052153846153846155
-0.0077187692307692304
0.006049846153846154
-0.015228923076923076
-0.02273907692307692
-0.014603076923076923
0.03337846153846154
0.09262523076923077
0.11640738461538462
0.10535076923076922
0.09533723076923077
0.11098338461538461
0.119328
0.10722830769230769
0.06926030769230769
0.013351384615384614
-0.02357353846153846
-0.031918153846153846
0.0025033846153846152
0.02899753846153846
0.02211323076923077
0.02482523076923077
0.05048492307692308
0.0988836923076923
0.13393107692307693
0.12370892307692308
0.07510153846153846
0.021278769230769233
-0.013768615384615384
-0.012308307692307691
-0.004589538461538461
-0.011056615384615385
-0.02044430769230769
-0.014185846153846153
0.03629907692307692
0.09450276923076922
0.12642092307692307
0.1136953846153846
0.07614461538461538
0.05319692307692307
0.06592246153846154
0.09012184615384615
0.08866153846153846
0.04756430769230769
-0.02357353846153846
-0.04672984615384615
-0.01981846153846154
0.013142769230769229
0.01397723076923077
-0.003129230769230769
0.008136
0.016480615384615385
0.023364923076923075
0.038176615384615385
0.029414769230769227
-0.015437538461538461
-0.05090215384615384
-0.051528
-0.02524246153846154
0.0008344615384615384
0.003755076923076923
-0.011891076923076923
-0.026494153846153844
-0.011473846153846154
0.008344615384615384
0.005424
-0.02524246153846154
-0.05716061538461538
-0.06592246153846154
-0.042557538461538466
0.002086153846153846
0.02899753846153846
0.03692492307692308
0.031918153846153846
0.04109723076923077
0.05382276923076923
0.03400430769230769
-0.01940123076923077
-0.0798996923076923
-0.10347323076923076
-0.09596307692307693
-0.06154153846153846
-0.006258461538461538
0.025659692307692307
0.03504738461538461
0.04693846153846153
0.06592246153846154
0.07343261538461537
0.01668923076923077
-0.07572738461538461
-0.15228923076923076
-0.1802436923076923
-0.13643446153846153
-0.0798996923076923
-0.011891076923076923
0.04985907692307692
0.09179076923076923
0.13205353846153844
0.13768615384615385
0.10347323076923076
0.015854769230769228
-0.07823076923076923
-0.13121907692307694
-0.12308307692307692
-0.06654830769230768
-0.014394461538461538
0.04735569230769231
0.09554584615384615
0.12537784615384615
0.14561353846153846
0.13205353846153844
0.0855323076923077
-0.0012516923076923076
-0.07113784615384615
-0.08156861538461539
-0.061750153846153844
-0.023782153846153845
0.012099692307692308
0.03233538461538461
0.05382276923076923
0.05382276923076923
0.02482523076923077
-0.026285538461538457
-0.10681107692307691
-0.17398523076923075
-0.19213476923076922
-0.1504116923076923
-0.06946892307692307
0.00855323076923077
0.06738276923076922
0.1045163076923077
0.12016246153846154
0.10681107692307691
0.053405538461538456
-0.03775938461538462
-0.13643446153846153
-0.19317784615384614
-0.1869193846153846
-0.12621230769230768
-0.05382276923076923
-0.006258461538461538
0.04902461538461538
0.10117846153846152
0.12120553846153845
0.10076123076923077
0.02586830769230769
-0.06446215384615385
-0.13393107692307693
-0.1462393846153846
-0.09930092307692308
-0.04276615384615385
0.01272553846153846
0.04860738461538461
0.05820369230769231
0.06988615384615385
0.06362769230769232
0.03629907692307692
-0.020027076923076922
-0.08615815384615384
-0.10618523076923077
-0.08240307692307691
-0.014603076923076923
0.04965046153846154
0.09909230769230769
0.13852061538461538
0.15416676923076922
0.16271999999999998
0.12537784615384615
0.05945538461538461
