-0.024199384615384616
-0.008136
-0.025033846153846153
-0.06008123076923077
-0.10827138461538462
-0.13080184615384613
-0.1028473846153846
-0.06487938461538462
-0.02273907692307692
-0.013142769230769229
-0.007510153846153846
0.010639384615384617
0.013560000000000001
0.012099692307692308
-0.04109723076923077
-0.11432123076923076
-0.14394461538461537
-0.130176
-0.08010830769230769
-0.01981846153846154
0.040054153846153843
0.08052553846153847
0.10785415384615385
0.1287156923076923
0.10889723076923077
0.0609156923076923
-0.020027076923076922
-0.10243015384615384
-0.119328
-0.09533723076923077
-0.04547815384615384
0.014185846153846153
0.05736923076923077
0.08511507692307693
0.10618523076923077
0.11640738461538462
0.07843938461538462
0.007301538461538462
-0.061750153846153844
-0.09554584615384615
-0.06404492307692307
-0.012308307692307691
0.04172307692307692
0.09512861538461538
0.1316363076923077
0.1666836923076923
0.1718990769230769
0.13706030769230768
0.0897046153846154
0.017940923076923077
-0.03921969230769231
-0.037342153846153844
0.008970461538461538
0.07885661538461539
0.12162276923076921
0.1422756923076923
0.165432
0.17440246153846153
0.1779489230769231
0.15833907692307692
0.10576799999999999
0.050067692307692306
0.008970461538461538
0.015646153846153844
0.052153846153846155
0.09283384615384616
0.13080184615384613
0.1570873846153846
0.19150892307692308
0.20402584615384614
0.17085599999999998
0.08448923076923077
-0.0033378461538461535
-0.04172307692307692
-0.050067692307692306
-0.021487384615384613
0.013560000000000001
0.04985907692307692
0.08198584615384615
0.10055261538461538
0.12767261538461538
0.1097316923076923
0.041514461538461535
-0.04318338461538461
-0.11327815384615383
-0.1178676923076923
-0.08031692307692308
-0.018775384615384614
0.04839876923076923
0.08636676923076922
0.09846646153846153
0.09304246153846155
0.06487938461538462
0.013560000000000001
-0.05048492307692308
-0.11223507692307692
-0.14164984615384615
-0.12350030769230769
-0.084072
-0.04526953846153846
-0.005424
0.02795446153846154
0.07238953846153846
0.10827138461538462
0.119328
0.09137353846153846
0.009179076923076922
-0.059872615384615385
-0.09909230769230769
-0.09930092307692308
-0.06675692307692307
-0.03150092307692308
0.029414769230769227
0.0880356923076923
0.14144123076923076
0.1693956923076923
0.13747753846153846
0.06884307692307692
-0.016063384615384615
-0.05736923076923077
-0.04318338461538461
0.019609846153846155
0.09053907692307692
0.13518276923076925
0.17565415384615385
0.19860184615384616
0.200688
0.15249784615384615
0.07218092307692307
-0.007301538461538462
-0.0826116923076923
-0.10868861538461538
-0.08323753846153846
-0.041514461538461535
-0.003963692307692307
0.035255999999999996
0.08490646153846154
0.13226215384615383
0.14039815384615384
0.09095630769230768
0.008136
-0.073224
-0.10535076923076922
-0.10326461538461539
-0.09074769230769231
-0.06216738461538462
-0.03483876923076923
0.0025033846153846152
0.04422646153846154
0.06133292307692308
0.051528
0.0077187692307692304
-0.06738276923076922
-0.10159569230769232
-0.11223507692307692
-0.11035753846153845
-0.07697907692307693
-0.05194523076923077
0.007510153846153846
0.059664
0.11140061538461538
0.1502030769230769
0.10889723076923077
0.03713353846153846
-0.059664
-0.10743692307692307
-0.10347323076923076
-0.07843938461538462
-0.03838523076923077
-0.01981846153846154
0.02753723076923077
0.07551876923076924
0.10889723076923077
0.10722830769230769
0.05048492307692308
-0.0012516923076923076
-0.04130584615384615
-0.04422646153846154
-0.031918153846153846
-0.03212676923076923
-0.01710646153846154
0.011682461538461537
0.06633969230769231
0.12704676923076924
0.15562707692307692
0.13622584615384614
0.06946892307692307
0.010848
-0.01397723076923077
-0.022947692307692308
-0.014185846153846153
-0.015437538461538461
-0.003129230769230769
0.03024923076923077
0.0744756923076923
0.1070196923076923
0.0826116923076923
0.03421292307692308
-0.03108369230769231
-0.06905169230769231
-0.058412307692307694
-0.05173661538461538
-0.04568676923076923
-0.04214030769230769
-0.028163076923076923
0.012308307692307691
0.056951999999999996
0.07885661538461539
0.05716061538461538
0.013351384615384614
-0.029623384615384614
-0.04631261538461538
-0.058412307692307694
-0.06049846153846154
-0.05653476923076922
-0.05716061538461538
-0.015228923076923076
0.026285538461538457
0.05611753846153846
0.04672984615384615
-0.010639384615384617
-0.051319384615384614
-0.06070707692307692
-0.04088861538461538
-0.02086153846153846
-0.023990769230769232
-0.031918153846153846
-0.026494153846153844
-0.0002086153846153846
0.03984553846153846
0.041514461538461535
-0.006049846153846154
-0.06675692307692307
-0.11578153846153846
-0.12850707692307692
-0.12245723076923076
-0.1205796923076923
-0.12683815384615382
-0.10597661538461538
-0.05277969230769231
0.012308307692307691
0.07218092307692307
0.06154153846153846
0.026076923076923077
