0.15124615384615384
0.09909230769230769
0.03504738461538461
0.0
-0.011891076923076923
-0.008970461538461538
0.0025033846153846152
0.014185846153846153
0.05277969230769231
0.11265230769230769
0.15333230769230768
0.1435273846153846
0.086784
0.027120000000000002
-0.0006258461538461538
0.006049846153846154
0.03379569230769231
0.042348923076923076
0.04672984615384615
0.07906523076923076
0.13518276923076925
0.1927606153846154
0.19818461538461538
0.15938215384615384
0.10117846153846152
0.035464615384615386
-0.004589538461538461
-0.01981846153846154
-0.03880246153846154
-0.05507446153846154
-0.04672984615384615
0.0043809230769230765
0.09304246153846155
0.15604430769230768
0.1760713846153846
0.14728246153846153
0.07572738461538461
0.01814953846153846
-0.020027076923076922
-0.03713353846153846
-0.03692492307692308
-0.03775938461538462
-0.021070153846153846
0.029206153846153847
0.06800861538461538
0.07238953846153846
0.032544
-0.051319384615384614
-0.10806276923076923
-0.12245723076923076
-0.10806276923076923
-0.07948246153846153
-0.06487938461538462
-0.040679999999999994
0.017940923076923077
0.084072
0.11870215384615385
0.08469784615384615
0.007510153846153846
-0.07009476923076922
-0.1205796923076923
-0.12996738461538462
-0.13080184615384613
-0.10764553846153846
-0.0717636923076923
-0.012934153846153845
0.07072061538461538
0.12245723076923076
0.12913292307692306
0.08636676923076922
0.026076923076923077
-0.02232184615384615
-0.028371692307692306
-0.0025033846153846152
0.006258461538461538
0.028371692307692306
0.05236246153846154
0.07572738461538461
0.10639384615384614
0.09700615384615385
0.054240000000000003
-0.02899753846153846
-0.10243015384615384
-0.10576799999999999
-0.07551876923076924
-0.032544
-0.012308307692307691
0.017523692307692306
0.07948246153846153
0.1341396923076923
0.18107815384615383
0.15541846153846153
0.08657538461538461
0.016897846153846156
-0.025033846153846153
-0.031709538461538456
-0.05924676923076923
-0.054657230769230764
-0.04735569230769231
-0.016480615384615385
0.04526953846153846
0.09325107692307691
0.14290153846153844
0.11745046153846153
0.06905169230769231
0.03880246153846154
0.01668923076923077
0.03942830769230769
0.043600615384615383
0.031918153846153846
0.025033846153846153
0.042348923076923076
0.09095630769230768
0.11432123076923076
0.10868861538461538
0.03984553846153846
-0.032544
-0.05236246153846154
-0.04109723076923077
0.006258461538461538
0.013768615384615384
0.01668923076923077
0.040054153846153843
0.05403138461538461
0.08574092307692306
0.06884307692307692
0.024408000000000003
-0.034630153846153845
-0.07885661538461539
-0.051319384615384614
-0.013768615384615384
0.014394461538461538
-0.006258461538461538
-0.029206153846153847
-0.015437538461538461
0.009596307692307692
0.04318338461538461
0.022530461538461537
-0.011473846153846154
-0.032544
-0.029206153846153847
0.025033846153846153
0.03901107692307692
0.014185846153846153
-0.012308307692307691
-0.030875076923076922
-0.013560000000000001
0.007927384615384614
0.03421292307692308
0.03358707692307692
0.002086153846153846
-0.012308307692307691
-0.02482523076923077
-0.008344615384615384
-0.006049846153846154
-0.03358707692307692
-0.042348923076923076
-0.04088861538461538
-0.006467076923076923
0.007510153846153846
0.0012516923076923076
-0.004589538461538461
-0.007301538461538462
0.03671630769230769
0.06988615384615385
0.0880356923076923
0.06362769230769232
0.012308307692307691
-0.004798153846153846
-0.01814953846153846
0.011473846153846154
0.042557538461538466
0.046104
0.05736923076923077
0.07635323076923077
0.11640738461538462
0.11452984615384615
0.08115138461538463
0.03609046153846154
-0.022530461538461537
-0.04214030769230769
-0.035255999999999996
-0.0077187692307692304
-0.010013538461538461
-0.014603076923076923
0.005841230769230769
0.012308307692307691
0.031918153846153846
0.0014603076923076922
-0.040262769230769234
-0.07238953846153846
-0.10910584615384614
-0.09116492307692307
-0.0798996923076923
-0.05403138461538461
-0.029623384615384614
-0.03129230769230769
-0.004172307692307692
-0.0016689230769230767
-0.00855323076923077
-0.04985907692307692
-0.11557292307692307
-0.1356
-0.14853415384615384
-0.10138707692307691
-0.03692492307692308
0.017315076923076923
0.06800861538461538
0.08198584615384615
0.12329169230769231
0.1205796923076923
0.07927384615384615
0.016063384615384615
-0.05048492307692308
-0.047772923076923074
-0.048816000000000005
-0.006049846153846154
0.054240000000000003
0.07656184615384615
0.11265230769230769
0.11849353846153846
0.12683815384615382
0.11202646153846153
0.03713353846153846
-0.02899753846153846
-0.08699261538461538
-0.09304246153846155
-0.054240000000000003
-0.004798153846153846
0.04860738461538461
0.07697907692307693
0.10743692307692307
0.11494707692307692
0.09846646153846153
0.05674338461538461
-0.014394461538461538
-0.07697907692307693
-0.11703323076923078
-0.09533723076923077
-0.033169846153846154
0.04547815384615384
0.11578153846153846
0.15896492307692306
