-0.06863446153846153
-0.042348923076923076
-0.017315076923076923
0.029832
0.06654830769230768
0.06675692307692307
0.03275261538461539
-0.015228923076923076
-0.03024923076923077
-0.019609846153846155
0.009179076923076922
0.026911384615384615
0.03671630769230769
0.061750153846153844
0.09283384615384616
0.12996738461538462
0.12558646153846154
0.08094276923076923
0.02482523076923077
-0.018358153846153843
-0.023990769230769232
-0.017523692307692306
0.008136
0.040679999999999994
0.06258461538461538
0.0988836923076923
0.14144123076923076
0.1666836923076923
0.1489513846153846
0.07948246153846153
0.016897846153846156
0.001043076923076923
0.02273907692307692
0.04172307692307692
0.03400430769230769
0.01940123076923077
0.016897846153846156
0.06216738461538462
0.1207883076923077
0.14978584615384616
0.12412615384615384
0.05048492307692308
0.012308307692307691
0.02023569230769231
0.06383630769230769
0.09241661538461539
0.078648
0.06738276923076922
0.07134646153846153
0.09846646153846153
0.10618523076923077
0.07197230769230768
0.018775384615384614
-0.029623384615384614
-0.02524246153846154
0.010222153846153844
0.04693846153846153
0.04735569230769231
0.001043076923076923
-0.011473846153846154
0.0029206153846153843
0.02899753846153846
0.04172307692307692
0.02023569230769231
-0.008970461538461538
-0.048816000000000005
-0.06675692307692307
-0.06362769230769232
-0.06154153846153846
-0.07384984615384615
-0.08782707692307692
-0.058412307692307694
-0.0016689230769230767
0.03421292307692308
0.018983999999999997
-0.03504738461538461
-0.09512861538461538
-0.11286092307692308
-0.0853236923076923
-0.05507446153846154
-0.02023569230769231
0.003755076923076923
0.02586830769230769
0.052153846153846155
0.06425353846153846
0.045895384615384616
-0.011891076923076923
-0.07656184615384615
-0.10013538461538461
-0.06738276923076922
-0.03483876923076923
-0.012308307692307691
-0.003963692307692307
-0.016063384615384615
-0.007510153846153846
0.02023569230769231
0.03775938461538462
0.022947692307692308
-0.017523692307692306
-0.03984553846153846
-0.014185846153846153
0.028163076923076923
0.05277969230769231
0.05507446153846154
0.042348923076923076
0.032544
0.03984553846153846
0.0448523076923077
0.015228923076923076
-0.03129230769230769
-0.06154153846153846
-0.07405846153846153
-0.054240000000000003
-0.004798153846153846
0.03400430769230769
0.05528307692307692
0.07197230769230768
0.10201292307692307
0.12913292307692306
0.11202646153846153
0.04652123076923077
-0.040262769230769234
-0.10493353846153847
-0.10722830769230769
-0.06216738461538462
-0.022947692307692308
-0.006884307692307692
-0.0043809230769230765
0.0014603076923076922
0.013768615384615384
0.024616615384615383
0.015854769230769228
-0.009596307692307692
-0.02753723076923077
-0.03045784615384615
-0.0018775384615384615
0.021696
0.024199384615384616
0.026285538461538457
0.02086153846153846
0.03275261538461539
0.05319692307692307
0.061124307692307686
0.05069353846153846
0.03921969230769231
0.054657230769230764
0.08428061538461538
0.11327815384615383
0.11682461538461539
0.09825784615384614
0.06759138461538462
0.03609046153846154
0.058412307692307694
0.08866153846153846
0.08782707692307692
0.07948246153846153
0.06884307692307692
0.084072
0.09554584615384615
0.09658892307692307
0.09241661538461539
0.04839876923076923
0.015854769230769228
0.02044430769230769
0.04047138461538462
0.07656184615384615
0.08219446153846154
0.06967753846153846
0.07238953846153846
0.08052553846153847
0.08323753846153846
0.059664
0.016272
-0.03024923076923077
-0.040679999999999994
-0.016480615384615385
-0.0006258461538461538
0.011682461538461537
0.016272
0.029623384615384614
0.07384984615384615
0.09909230769230769
0.09784061538461537
0.04693846153846153
-0.03692492307692308
-0.08636676923076922
-0.0936683076923077
-0.04380923076923077
0.003755076923076923
0.03629907692307692
0.06946892307692307
0.09491999999999999
0.11828492307692307
0.10535076923076922
0.05862092307692307
-0.016897846153846156
-0.09554584615384615
-0.12120553846153845
-0.10785415384615385
-0.07030338461538461
-0.029623384615384614
-0.011891076923076923
0.011056615384615385
0.028371692307692306
0.04714707692307692
0.04631261538461538
-0.009804923076923077
-0.07238953846153846
-0.11327815384615383
-0.09471138461538461
-0.040262769230769234
0.006884307692307692
0.04214030769230769
0.04672984615384615
0.054240000000000003
0.06863446153846153
0.06633969230769231
0.02545107692307692
-0.03358707692307692
-0.07259815384615384
-0.08156861538461539
-0.04047138461538462
0.01272553846153846
0.06028984615384615
0.08720123076923077
0.10326461538461539
0.12767261538461538
0.11223507692307692
0.06383630769230769
-0.014394461538461538
-0.10660246153846153
-0.1504116923076923
-0.12704676923076924
-0.054240000000000003
0.014394461538461538
0.059872615384615385
0.09179076923076923
0.09471138461538461
0.0744756923076923
0.044435076923076924
-0.0004172307692307692
-0.06446215384615385
-0.12808984615384614
-0.13476553846153844
