-0.01940123076923077
-0.017940923076923077
-0.02795446153846154
-0.031918153846153846
-0.008136
0.030875076923076922
0.04965046153846154
0.013560000000000001
-0.03108369230769231
-0.06341907692307691
-0.07238953846153846
-0.052153846153846155
-0.04214030769230769
-0.05653476923076922
-0.062376
-0.04693846153846153
-0.01710646153846154
0.028371692307692306
0.03713353846153846
0.017315076923076923
-0.0043809230769230765
-0.008761846153846153
0.003963692307692307
0.0014603076923076922
-0.010848
-0.05298830769230769
-0.08094276923076923
-0.07760492307692309
-0.04172307692307692
0.00855323076923077
0.025659692307692307
0.05820369230769231
0.09074769230769231
0.11974523076923077
0.13476553846153844
0.09971815384615385
0.04214030769230769
-0.031709538461538456
-0.061124307692307686
-0.024199384615384616
0.01940123076923077
0.05027630769230769
0.06487938461538462
0.06633969230769231
0.06717415384615384
0.06946892307692307
0.07134646153846153
0.02795446153846154
-0.05382276923076923
-0.10263876923076923
-0.08887015384615385
-0.03588184615384615
0.006467076923076923
0.033169846153846154
0.03567323076923076
0.04088861538461538
0.06717415384615384
0.08010830769230769
0.05298830769230769
-0.019609846153846155
-0.07238953846153846
-0.0828203076923077
-0.05444861538461539
0.0006258461538461538
0.04965046153846154
0.07885661538461539
0.07948246153846153
0.0880356923076923
0.11181784615384616
0.11828492307692307
0.07259815384615384
0.0022947692307692304
-0.04401784615384615
-0.04839876923076923
0.0022947692307692304
0.06321046153846153
0.09909230769230769
0.10722830769230769
0.10868861538461538
0.10409907692307692
0.07280676923076923
0.001043076923076923
-0.08949599999999999
-0.14999446153846155
-0.15082892307692305
-0.08907876923076924
0.003755076923076923
0.08657538461538461
0.13789476923076924
0.17169046153846151
0.1710646153846154
0.15667015384615385
0.12579507692307693
0.03942830769230769
-0.05090215384615384
-0.10743692307692307
-0.0963803076923077
-0.034630153846153845
0.030875076923076922
0.1028473846153846
0.1435273846153846
0.16856123076923077
0.1992276923076923
0.2021483076923077
0.1635544615384615
0.08052553846153847
0.0035464615384615383
-0.03588184615384615
-0.016897846153846156
0.040262769230769234
0.08115138461538463
0.11035753846153845
0.12245723076923076
0.12767261538461538
0.10597661538461538
0.04902461538461538
-0.015437538461538461
-0.08428061538461538
-0.1218313846153846
-0.11181784615384616
-0.06321046153846153
-0.0006258461538461538
0.04631261538461538
0.08636676923076922
0.11014892307692307
0.09679753846153846
0.055491692307692304
-0.011473846153846154
-0.09095630769230768
-0.14477907692307693
-0.15604430769230768
-0.12412615384615384
-0.05507446153846154
0.003963692307692307
0.042557538461538466
0.07197230769230768
0.09053907692307692
0.11181784615384616
0.10368184615384615
0.046104
-0.02044430769230769
-0.06070707692307692
-0.06446215384615385
-0.03629907692307692
-0.009387692307692307
0.012308307692307691
0.040262769230769234
0.059038153846153844
0.07614461538461538
0.06821723076923077
0.0035464615384615383
-0.07697907692307693
-0.1353913846153846
-0.1435273846153846
-0.09658892307692307
-0.04172307692307692
0.013560000000000001
0.06028984615384615
0.08135999999999999
0.09450276923076922
0.08344615384615384
0.02586830769230769
-0.0448523076923077
-0.09658892307692307
-0.10055261538461538
-0.055491692307692304
-0.014394461538461538
0.011891076923076923
0.03337846153846154
0.0446436923076923
0.05674338461538461
0.07092923076923077
0.06362769230769232
0.008970461538461538
-0.05799507692307692
-0.08887015384615385
-0.07364123076923076
-0.02211323076923077
0.020652923076923076
0.06321046153846153
0.09429415384615383
0.12266584615384615
0.14164984615384615
0.11327815384615383
0.07238953846153846
-0.0012516923076923076
-0.045060923076923075
-0.047772923076923074
-0.018775384615384614
0.04631261538461538
0.07218092307692307
0.0936683076923077
0.10159569230769232
0.10806276923076923
0.13038461538461538
0.11974523076923077
0.09137353846153846
0.04088861538461538
-0.01043076923076923
-0.024408000000000003
-0.016063384615384615
0.021904615384615383
0.05277969230769231
0.06487938461538462
0.10201292307692307
0.11619876923076923
0.10180430769230768
0.04902461538461538
-0.018775384615384614
-0.03942830769230769
-0.033169846153846154
0.008136
0.029832
0.03942830769230769
0.05778646153846154
0.06341907692307691
0.0744756923076923
0.0609156923076923
0.025659692307692307
-0.02545107692307692
-0.06216738461538462
-0.06800861538461538
-0.05653476923076922
-0.033169846153846154
-0.012099692307692308
0.006884307692307692
0.028371692307692306
0.06404492307692307
0.08824430769230769
0.07280676923076923
0.031918153846153846
-0.014394461538461538
-0.04985907692307692
-0.05382276923076923
-0.042557538461538466
-0.028163076923076923
-0.012308307692307691
0.0025033846153846152
0.02858030769230769
0.047772923076923074
0.042348923076923076
0.0022947692307692304
-0.054240000000000003
-0.09053907692307692
