-0.11494707692307692
-0.08135999999999999
-0.02753723076923077
0.006049846153846154
0.03400430769230769
0.049233230769230765
0.06946892307692307
0.06884307692307692
0.02858030769230769
-0.03045784615384615
-0.09095630769230768
-0.11098338461538461
-0.08949599999999999
-0.050067692307692306
-0.014185846153846153
-0.0006258461538461538
0.002086153846153846
-0.0025033846153846152
-0.005215384615384615
-0.014603076923076923
-0.06487938461538462
-0.11724184615384614
-0.1395636923076923
-0.12099692307692309
-0.06759138461538462
-0.016480615384615385
0.02795446153846154
0.051528
0.06967753846153846
0.07551876923076924
0.047772923076923074
-0.008136
-0.09095630769230768
-0.15750461538461538
-0.18921415384615384
-0.15354092307692307
-0.07823076923076923
-0.02482523076923077
0.022947692307692308
0.05194523076923077
0.07948246153846153
0.10347323076923076
0.08657538461538461
0.029414769230769227
-0.04631261538461538
-0.103056
-0.11098338461538461
-0.07510153846153846
-0.03275261538461539
0.022530461538461537
0.078648
0.12245723076923076
0.15813046153846153
0.16042523076923076
0.11640738461538462
0.028163076923076923
-0.052153846153846155
-0.07635323076923077
-0.053405538461538456
-0.014185846153846153
0.020027076923076922
0.05069353846153846
0.0826116923076923
0.1097316923076923
0.12329169230769231
0.11974523076923077
0.07823076923076923
0.01710646153846154
-0.021696
-0.024408000000000003
0.0022947692307692304
0.015646153846153844
0.003755076923076923
-0.008344615384615384
0.009596307692307692
0.023364923076923075
0.006467076923076923
-0.02545107692307692
-0.08657538461538461
-0.12308307692307692
-0.13643446153846153
-0.12934153846153845
-0.07969107692307692
-0.05820369230769231
-0.06341907692307691
-0.06946892307692307
-0.06008123076923077
-0.059038153846153844
-0.0936683076923077
-0.13998092307692306
-0.19881046153846152
-0.222384
-0.18525046153846153
-0.12391753846153845
-0.07635323076923077
-0.05528307692307692
-0.06028984615384615
-0.06216738461538462
-0.03775938461538462
-0.030875076923076922
-0.05590892307692308
-0.10743692307692307
-0.1476996923076923
-0.13372246153846154
-0.09450276923076922
-0.04735569230769231
-0.005424
0.007301538461538462
0.03233538461538461
0.07468430769230769
0.0961716923076923
0.09012184615384615
0.049233230769230765
0.003755076923076923
-0.006467076923076923
0.02023569230769231
0.05048492307692308
0.058829538461538454
0.04193169230769231
0.015228923076923076
0.02315630769230769
0.04735569230769231
0.05820369230769231
0.04944184615384615
0.03671630769230769
0.04672984615384615
0.06738276923076922
0.11348676923076922
0.15124615384615384
0.15646153846153846
0.14916
0.12725538461538463
0.10618523076923077
0.07510153846153846
0.02795446153846154
-0.01397723076923077
-0.043392
-0.03692492307692308
0.0035464615384615383
0.04860738461538461
0.07092923076923077
0.055491692307692304
0.040054153846153843
0.031918153846153846
0.03275261538461539
0.02357353846153846
-0.019192615384615384
-0.05590892307692308
-0.06863446153846153
-0.05298830769230769
-0.02086153846153846
-0.012934153846153845
-0.031709538461538456
-0.05194523076923077
-0.03483876923076923
0.006049846153846154
0.02232184615384615
0.007301538461538462
-0.03421292307692308
-0.05799507692307692
-0.05382276923076923
-0.037342153846153844
-0.015020307692307692
-0.006258461538461538
0.004798153846153846
0.017732307692307693
0.04547815384615384
0.06738276923076922
0.037967999999999995
-0.013768615384615384
-0.06654830769230768
-0.06821723076923077
-0.04380923076923077
-0.03045784615384615
-0.02357353846153846
-0.04965046153846154
-0.05048492307692308
-0.0446436923076923
-0.03233538461538461
-0.010848
-0.03921969230769231
-0.07489292307692308
-0.10222153846153846
-0.08699261538461538
-0.041514461538461535
-0.02586830769230769
-0.01272553846153846
0.0006258461538461538
0.017315076923076923
0.04965046153846154
0.08657538461538461
0.08720123076923077
0.03442153846153846
-0.01668923076923077
-0.03713353846153846
-0.010639384615384617
0.03379569230769231
0.03713353846153846
0.045060923076923075
0.07030338461538461
0.10889723076923077
0.15187199999999998
0.14457046153846154
0.11828492307692307
0.06738276923076922
0.021904615384615383
0.01856676923076923
0.03421292307692308
0.07092923076923077
0.07468430769230769
0.07885661538461539
0.10347323076923076
0.130176
0.14874276923076923
0.10868861538461538
0.059872615384615385
0.010848
-0.02023569230769231
0.009596307692307692
0.05069353846153846
0.07531015384615385
0.07051199999999999
0.0771876923076923
0.10514215384615383
0.1097316923076923
0.09241661538461539
0.02357353846153846
-0.043392
-0.06008123076923077
-0.045060923076923075
0.005215384615384615
0.03692492307692308
0.055491692307692304
0.05570030769230769
0.046104
0.05298830769230769
0.03984553846153846
0.0033378461538461535
-0.05444861538461539
-0.09512861538461538
-0.10222153846153846
-0.07030338461538461
-0.013142769230769229
0.008344615384615384
