-0.08031692307692308
-0.06341907692307691
-0.022530461538461537
0.010013538461538461
0.03275261538461539
0.02899753846153846
0.024199384615384616
0.03024923076923077
0.03692492307692308
0.005215384615384615
-0.06300184615384616
-0.11286092307692308
-0.13101046153846155
-0.11703323076923078
-0.09304246153846155
-0.08198584615384615
-0.07092923076923077
-0.06049846153846154
-0.03233538461538461
0.0002086153846153846
-0.0022947692307692304
-0.02357353846153846
-0.05820369230769231
-0.07551876923076924
-0.06821723076923077
-0.04902461538461538
-0.03880246153846154
-0.04714707692307692
-0.03671630769230769
-0.0012516923076923076
0.04568676923076923
0.05194523076923077
0.010013538461538461
-0.045060923076923075
-0.07927384615384615
-0.07051199999999999
-0.03755076923076923
0.002712
0.01940123076923077
0.029832
0.05757784615384615
0.08365476923076923
0.09763200000000001
0.07635323076923077
0.026702769230769228
-0.019192615384615384
-0.04756430769230769
-0.04819015384615385
-0.023782153846153845
0.006049846153846154
0.026702769230769228
0.04819015384615385
0.0744756923076923
0.10159569230769232
0.11056615384615384
0.08469784615384615
0.06759138461538462
0.059664
0.06800861538461538
0.09784061538461537
0.09909230769230769
0.084072
0.06279323076923077
0.07343261538461537
0.11599015384615384
0.12704676923076924
0.11640738461538462
0.08866153846153846
0.051528
0.03629907692307692
0.042557538461538466
0.06258461538461538
0.065088
0.059664
0.07280676923076923
0.0826116923076923
0.09825784615384614
0.0828203076923077
0.044435076923076924
0.013351384615384614
-0.016480615384615385
-0.0012516923076923076
0.01668923076923077
0.011473846153846154
-0.0025033846153846152
-0.012308307692307691
0.011473846153846154
0.03129230769230769
0.03775938461538462
0.029414769230769227
0.006258461538461538
-0.002086153846153846
0.02273907692307692
0.06717415384615384
0.08115138461538463
0.053614153846153846
0.011891076923076923
-0.017940923076923077
-0.023364923076923075
-0.016897846153846156
0.001043076923076923
0.014185846153846153
0.006467076923076923
0.01668923076923077
0.042557538461538466
0.06195876923076923
0.045895384615384616
-0.02211323076923077
-0.08052553846153847
-0.11432123076923076
-0.11828492307692307
-0.09241661538461539
-0.06738276923076922
-0.04735569230769231
-0.03421292307692308
-0.012934153846153845
0.004589538461538461
-0.0070929230769230765
-0.05090215384615384
-0.09950953846153845
-0.12391753846153845
-0.11745046153846153
-0.10055261538461538
-0.08720123076923077
-0.07656184615384615
-0.078648
-0.05069353846153846
0.0006258461538461538
0.020027076923076922
0.008761846153846153
-0.026702769230769228
-0.059664
-0.06028984615384615
-0.05403138461538461
-0.04860738461538461
-0.052153846153846155
-0.065088
-0.046104
-0.019192615384615384
-0.0025033846153846152
-0.003963692307692307
-0.045895384615384616
-0.09387692307692307
-0.1136953846153846
-0.09116492307692307
-0.04172307692307692
0.0014603076923076922
0.026702769230769228
0.052571076923076915
0.08490646153846154
0.11473846153846154
0.1178676923076923
0.07134646153846153
0.005215384615384615
-0.05048492307692308
-0.06946892307692307
-0.04172307692307692
-0.005632615384615384
0.021904615384615383
0.043392
0.06425353846153846
0.08845292307692308
0.09304246153846155
0.061124307692307686
0.01043076923076923
-0.035464615384615386
-0.05090215384615384
-0.02023569230769231
0.02586830769230769
0.06863446153846153
0.0892873846153846
0.10263876923076923
0.14018953846153845
0.15082892307692305
0.1178676923076923
0.05090215384615384
-0.018358153846153843
-0.06070707692307692
-0.06884307692307692
-0.021487384615384613
0.031709538461538456
0.07656184615384615
0.11244369230769231
0.13518276923076925
0.15082892307692305
0.12788123076923075
0.07280676923076923
0.0016689230769230767
-0.05111076923076923
-0.05778646153846154
-0.03379569230769231
0.004589538461538461
0.04819015384615385
0.09262523076923077
0.12412615384615384
0.132888
0.12725538461538463
0.10222153846153846
0.041514461538461535
-0.029832
-0.07113784615384615
-0.059664
-0.015854769230769228
0.04047138461538462
0.100344
0.1316363076923077
0.15166338461538462
0.15145476923076923
0.10910584615384614
0.03588184615384615
-0.046104
-0.09241661538461539
-0.09909230769230769
-0.07697907692307693
-0.04714707692307692
-0.019609846153846155
0.006258461538461538
0.04547815384615384
0.10201292307692307
0.11828492307692307
0.09429415384615383
0.040054153846153843
-0.01814953846153846
-0.03775938461538462
-0.031709538461538456
-0.013768615384615384
-0.0002086153846153846
0.009179076923076922
0.03296123076923077
0.06216738461538462
0.07760492307692309
0.056326153846153845
-0.0022947692307692304
-0.06154153846153846
-0.0892873846153846
-0.06362769230769232
-0.013560000000000001
0.026494153846153844
0.043392
0.045895384615384616
0.04276615384615385
0.037342153846153844
0.029623384615384614
-0.012308307692307691
