-0.01814953846153846
0.0002086153846153846
-0.008970461538461538
-0.04109723076923077
-0.11995384615384615
-0.1913003076923077
-0.23135446153846154
-0.21153599999999997
-0.15875630769230767
-0.10597661538461538
-0.04693846153846153
-0.007510153846153846
0.03024923076923077
0.06049846153846154
0.04693846153846153
-0.014603076923076923
-0.09700615384615385
-0.14999446153846155
-0.17419384615384614
-0.1760713846153846
-0.14707384615384617
-0.11703323076923078
-0.07656184615384615
-0.013768615384615384
0.05236246153846154
0.09199938461538461
0.07364123076923076
0.02273907692307692
-0.042348923076923076
-0.09304246153846155
-0.10138707692307691
-0.06362769230769232
0.0018775384615384615
0.06279323076923077
0.12683815384615382
0.1794092307692308
0.19296923076923078
0.13998092307692306
0.03921969230769231
-0.05090215384615384
-0.09825784615384614
-0.08135999999999999
-0.018775384615384614
0.06863446153846153
0.15374953846153847
0.21028430769230766
0.2480436923076923
0.25847446153846154
0.21612553846153845
0.13434830769230768
0.03755076923076923
-0.050067692307692306
-0.07781353846153846
-0.04860738461538461
0.006675692307692307
0.06738276923076922
0.1070196923076923
0.13852061538461538
0.15896492307692306
0.13706030769230768
0.07280676923076923
-0.005841230769230769
-0.08156861538461539
-0.12496061538461539
-0.12266584615384615
-0.07697907692307693
-0.014394461538461538
0.027328615384615382
0.07426707692307692
0.12662953846153846
0.14811692307692306
0.10994030769230768
0.027328615384615382
-0.06362769230769232
-0.13476553846153844
-0.15333230769230768
-0.12266584615384615
-0.06529661538461538
-0.012308307692307691
0.03588184615384615
0.08761846153846153
0.12162276923076921
0.12099692307692309
0.078648
-0.0029206153846153843
-0.08428061538461538
-0.12204
-0.10660246153846153
-0.06550523076923077
-0.031918153846153846
0.007927384615384614
0.04985907692307692
0.07510153846153846
0.07948246153846153
0.04902461538461538
-0.002086153846153846
-0.05590892307692308
-0.08490646153846154
-0.07113784615384615
-0.026494153846153844
0.026911384615384615
0.06675692307692307
0.09679753846153846
0.11974523076923077
0.12934153846153845
0.11557292307692307
0.07551876923076924
0.021696
-0.002086153846153846
0.021696
0.065088
0.10722830769230769
0.13601723076923075
0.15500123076923078
0.1691870769230769
0.184416
0.18149538461538461
0.14436184615384615
0.07885661538461539
0.005841230769230769
-0.022530461538461537
0.0014603076923076922
0.04401784615384615
0.07551876923076924
0.08699261538461538
0.09930092307692308
0.12245723076923076
0.13476553846153844
0.11348676923076922
0.06300184615384616
-0.01272553846153846
-0.06592246153846154
-0.0609156923076923
-0.03108369230769231
-0.007510153846153846
-0.0014603076923076922
0.02524246153846154
0.06821723076923077
0.09033046153846153
0.07927384615384615
0.028163076923076923
-0.025659692307692307
-0.06946892307692307
-0.08887015384615385
-0.059872615384615385
-0.023782153846153845
-0.008136
-0.0043809230769230765
0.005424
0.03024923076923077
0.04318338461538461
0.024408000000000003
-0.03400430769230769
-0.10076123076923077
-0.13998092307692306
-0.1435273846153846
-0.11348676923076922
-0.08636676923076922
-0.07510153846153846
-0.061124307692307686
-0.02753723076923077
0.014603076923076923
0.030875076923076922
-0.003963692307692307
-0.07468430769230769
-0.1424843076923077
-0.1712732307692308
-0.15208061538461537
-0.11724184615384614
-0.09867507692307692
-0.07739630769230768
-0.029414769230769227
0.020027076923076922
0.06070707692307692
0.05048492307692308
0.0016689230769230767
-0.04109723076923077
-0.065088
-0.04193169230769231
-0.008761846153846153
0.007510153846153846
0.0035464615384615383
0.011473846153846154
0.053614153846153846
0.09304246153846155
0.11077476923076923
0.0853236923076923
0.030040615384615384
-0.014603076923076923
-0.021487384615384613
0.0070929230769230765
0.03045784615384615
0.034630153846153845
0.044435076923076924
0.07113784615384615
0.09700615384615385
0.10493353846153847
0.0828203076923077
0.03233538461538461
-0.025033846153846153
-0.04944184615384615
-0.028371692307692306
0.001043076923076923
0.02232184615384615
0.04735569230769231
0.09074769230769231
0.15562707692307692
0.20715507692307691
0.19985353846153847
0.12767261538461538
0.02586830769230769
-0.04756430769230769
-0.059664
-0.017523692307692306
0.01668923076923077
0.023990769230769232
0.027745846153846152
0.040054153846153843
0.078648
0.09721476923076922
0.07364123076923076
0.02023569230769231
-0.03650769230769231
-0.05945538461538461
-0.054657230769230764
-0.03942830769230769
-0.037342153846153844
-0.04860738461538461
-0.05111076923076923
-0.03212676923076923
-0.0006258461538461538
0.002086153846153846
-0.041514461538461535
-0.09012184615384615
-0.11035753846153845
-0.08469784615384615
-0.04568676923076923
-0.02795446153846154
-0.01043076923076923
-0.003755076923076923
0.015646153846153844
0.040054153846153843
0.046104
0.02023569230769231
