0.023364923076923075
0.09137353846153846
0.10138707692307691
0.05653476923076922
0.0014603076923076922
-0.04819015384615385
-0.06446215384615385
-0.06800861538461538
-0.07238953846153846
-0.08949599999999999
-0.09992676923076924
-0.06926030769230769
-0.02232184615384615
0.006675692307692307
-0.018358153846153843
-0.07948246153846153
-0.13080184615384613
-0.14999446153846155
-0.1178676923076923
-0.08177723076923075
-0.07405846153846153
-0.04714707692307692
-0.011265230769230769
0.04047138461538462
0.08469784615384615
0.06321046153846153
0.007301538461538462
-0.06738276923076922
-0.11056615384615384
-0.10827138461538462
-0.09450276923076922
-0.07092923076923077
-0.05757784615384615
-0.018775384615384614
0.04547815384615384
0.11160923076923077
0.1356
0.07948246153846153
0.0033378461538461535
-0.06675692307692307
-0.09867507692307692
-0.09074769230769231
-0.06216738461538462
-0.027120000000000002
-0.010848
0.023990769230769232
0.07927384615384615
0.11473846153846154
0.09846646153846153
0.03838523076923077
-0.01272553846153846
-0.04526953846153846
-0.03838523076923077
-0.0016689230769230767
0.011265230769230769
0.024616615384615383
0.05924676923076923
0.10722830769230769
0.154584
0.1639716923076923
0.1136953846153846
0.04193169230769231
-0.016272
-0.024408000000000003
0.007510153846153846
0.026702769230769228
0.03671630769230769
0.03337846153846154
0.05069353846153846
0.08699261538461538
0.09867507692307692
0.08615815384615384
0.042557538461538466
-0.010222153846153844
-0.026285538461538457
-0.006884307692307692
0.01940123076923077
0.029623384615384614
0.029414769230769227
0.0448523076923077
0.07218092307692307
0.09846646153846153
0.09930092307692308
0.059038153846153844
0.011891076923076923
-0.020652923076923076
-0.024408000000000003
0.0
0.006049846153846154
-0.013560000000000001
-0.033169846153846154
-0.02795446153846154
0.0025033846153846152
0.03212676923076923
0.02858030769230769
-0.0002086153846153846
-0.016063384615384615
-0.019192615384615384
-0.0029206153846153843
0.012934153846153845
0.0070929230769230765
0.0022947692307692304
0.0018775384615384615
0.019609846153846155
0.047772923076923074
0.04109723076923077
0.012516923076923077
-0.016063384615384615
-0.027328615384615382
-0.01043076923076923
0.014394461538461538
0.03859384615384615
0.043600615384615383
0.05048492307692308
0.0826116923076923
0.10931446153846153
0.10660246153846153
0.07364123076923076
0.030040615384615384
-0.0016689230769230767
-0.0014603076923076922
0.018358153846153843
0.0448523076923077
0.04839876923076923
0.022947692307692308
0.018983999999999997
0.031918153846153846
0.05277969230769231
0.06133292307692308
0.035464615384615386
0.01043076923076923
0.002712
0.013351384615384614
0.029623384615384614
0.014603076923076923
-0.006884307692307692
-0.011265230769230769
-0.0029206153846153843
0.023990769230769232
0.035255999999999996
0.018983999999999997
-0.015646153846153844
-0.026911384615384615
-0.007927384615384614
0.0043809230769230765
0.004589538461538461
-0.011056615384615385
-0.013142769230769229
0.003755076923076923
0.031709538461538456
0.05590892307692308
0.05382276923076923
0.04088861538461538
0.03838523076923077
0.06362769230769232
0.09554584615384615
0.10514215384615383
0.07510153846153846
0.022530461538461537
-0.017940923076923077
-0.026076923076923077
-0.011473846153846154
-0.0025033846153846152
0.0050067692307692304
0.014394461538461538
0.032544
0.06884307692307692
0.10138707692307691
0.10180430769230768
0.07092923076923077
0.031918153846153846
0.021696
0.040679999999999994
0.06571384615384615
0.08302892307692307
0.07843938461538462
0.07802215384615384
0.0892873846153846
0.08949599999999999
0.06404492307692307
0.012308307692307691
-0.03692492307692308
-0.058412307692307694
-0.037342153846153844
-0.0002086153846153846
0.024408000000000003
0.04109723076923077
0.03921969230769231
0.050067692307692306
0.07218092307692307
0.06926030769230769
0.0448523076923077
-0.01940123076923077
-0.07364123076923076
-0.09012184615384615
-0.0936683076923077
-0.07635323076923077
-0.05924676923076923
-0.03212676923076923
0.009596307692307692
0.06195876923076923
0.10055261538461538
0.07426707692307692
0.0029206153846153843
-0.07155507692307693
-0.1097316923076923
-0.09471138461538461
-0.048816000000000005
0.020027076923076922
0.07969107692307692
0.11286092307692308
0.1314276923076923
0.11682461538461539
0.06362769230769232
-0.018775384615384614
-0.0988836923076923
-0.14790830769230767
-0.14832553846153845
-0.09033046153846153
-0.021904615384615383
0.035255999999999996
0.07009476923076922
0.08386338461538462
0.10722830769230769
0.11223507692307692
0.06529661538461538
-0.009596307692307692
-0.07760492307692309
-0.1218313846153846
-0.11348676923076922
-0.07238953846153846
-0.017523692307692306
0.040054153846153843
0.07551876923076924
0.09930092307692308
0.10785415384615385
0.08511507692307693
0.024408000000000003
-0.05111076923076923
-0.1045163076923077
-0.10055261538461538
-0.05653476923076922
0.010639384615384617
0.07197230769230768
