0.006675692307692307
0.029414769230769227
0.05319692307692307
0.09679753846153846
0.11828492307692307
0.09304246153846155
0.040679999999999994
-0.03400430769230769
-0.08365476923076923
-0.0828203076923077
-0.050067692307692306
0.004798153846153846
0.03609046153846154
0.05924676923076923
0.07614461538461538
0.06467076923076923
0.017940923076923077
-0.07551876923076924
-0.17023015384615386
-0.21612553846153845
-0.19380369230769232
-0.13622584615384614
-0.05570030769230769
0.010013538461538461
0.038176615384615385
0.056326153846153845
0.054240000000000003
0.054240000000000003
0.014394461538461538
-0.0678
-0.13205353846153844
-0.1693956923076923
-0.15395815384615386
-0.11473846153846154
-0.06696553846153847
-0.017523692307692306
0.02586830769230769
0.07948246153846153
0.10493353846153847
0.0828203076923077
0.018358153846153843
-0.056326153846153845
-0.10472492307692308
-0.12308307692307692
-0.11411261538461538
-0.07843938461538462
-0.030875076923076922
0.0
0.04985907692307692
0.11327815384615383
0.12808984615384614
0.084072
-0.010848
-0.103056
-0.14060676923076923
-0.12496061538461539
-0.07510153846153846
-0.013768615384615384
0.044435076923076924
0.09012184615384615
0.12579507692307693
0.138312
0.10827138461538462
0.03984553846153846
-0.04214030769230769
-0.08365476923076923
-0.0771876923076923
-0.042974769230769226
-0.0012516923076923076
0.023990769230769232
0.043600615384615383
0.04985907692307692
0.05319692307692307
0.04401784615384615
-0.0043809230769230765
-0.07030338461538461
-0.12370892307692308
-0.12600369230769232
-0.09554584615384615
-0.04547815384615384
0.0043809230769230765
0.03775938461538462
0.0897046153846154
0.14185846153846154
0.16021661538461537
0.11870215384615385
0.04422646153846154
-0.011473846153846154
-0.058829538461538454
-0.06946892307692307
-0.029414769230769227
0.021278769230769233
0.06425353846153846
0.10159569230769232
0.14936861538461538
0.17502830769230768
0.16188553846153847
0.11828492307692307
0.04401784615384615
-0.011265230769230769
-0.029623384615384614
-0.018775384615384614
0.007510153846153846
0.02273907692307692
0.05382276923076923
0.10055261538461538
0.12725538461538463
0.1341396923076923
0.11870215384615385
0.06654830769230768
-0.001043076923076923
-0.042974769230769226
-0.0446436923076923
-0.021696
0.008970461538461538
0.04214030769230769
0.08448923076923077
0.13476553846153844
0.1489513846153846
0.1205796923076923
0.04819015384615385
-0.02899753846153846
-0.05382276923076923
-0.05820369230769231
-0.040679999999999994
-0.023782153846153845
-0.015228923076923076
0.004798153846153846
0.04693846153846153
0.10889723076923077
0.12224861538461537
0.06946892307692307
-0.012308307692307691
-0.07426707692307692
-0.09533723076923077
-0.09658892307692307
-0.09012184615384615
-0.06404492307692307
-0.022947692307692308
0.01814953846153846
0.07468430769230769
0.11995384615384615
0.10868861538461538
0.03504738461538461
-0.051528
-0.11390399999999999
-0.14853415384615384
-0.13706030769230768
-0.10368184615384615
-0.06362769230769232
-0.008344615384615384
0.05820369230769231
0.12537784615384615
0.15687876923076924
0.12788123076923075
0.06633969230769231
0.004172307692307692
-0.03692492307692308
-0.03212676923076923
-0.023364923076923075
-0.03129230769230769
-0.02586830769230769
0.007927384615384614
0.06467076923076923
0.11411261538461538
0.10576799999999999
0.05528307692307692
0.011473846153846154
-0.031709538461538456
-0.037967999999999995
-0.03358707692307692
-0.04422646153846154
-0.03880246153846154
-0.023364923076923075
0.010639384615384617
0.04547815384615384
0.05924676923076923
0.026076923076923077
-0.03588184615384615
-0.07823076923076923
-0.07885661538461539
-0.05048492307692308
-0.022947692307692308
0.012934153846153845
0.05298830769230769
0.09950953846153845
0.15291507692307693
0.17023015384615386
0.13497415384615385
0.06863446153846153
0.011056615384615385
0.0029206153846153843
0.03713353846153846
0.07572738461538461
0.100344
0.11452984615384615
0.13101046153846155
0.15541846153846153
0.17231630769230769
0.17023015384615386
0.12683815384615382
0.07197230769230768
0.059038153846153844
0.07384984615384615
0.08636676923076922
0.08574092307692306
0.059664
0.022947692307692308
0.02899753846153846
0.059872615384615385
0.0897046153846154
0.07697907692307693
0.019192615384615384
-0.0029206153846153843
0.00855323076923077
0.031709538461538456
0.03483876923076923
0.014185846153846153
0.010848
0.015854769230769228
0.03150092307692308
0.052153846153846155
0.04568676923076923
0.006049846153846154
-0.04193169230769231
-0.05945538461538461
-0.04401784615384615
-0.029623384615384614
-0.017940923076923077
-0.010639384615384617
-0.0016689230769230767
0.027745846153846152
0.05674338461538461
0.051528
0.016063384615384615
-0.029832
-0.06529661538461538
-0.06341907692307691
-0.05277969230769231
-0.04902461538461538
-0.05444861538461539
-0.06571384615384615
-0.047772923076923074
0.0025033846153846152
