-0.09950953846153845
-0.08699261538461538
-0.03963692307692308
0.0033378461538461535
0.02232184615384615
0.0446436923076923
0.07051199999999999
0.073224
0.042348923076923076
-0.024408000000000003
-0.10722830769230769
-0.15416676923076922
-0.1502030769230769
-0.100344
-0.035255999999999996
0.019192615384615384
0.06383630769230769
0.10722830769230769
0.14290153846153844
0.12996738461538462
0.07906523076923076
0.003963692307692307
-0.059038153846153844
-0.086784
-0.08866153846153846
-0.05611753846153846
-0.03108369230769231
-0.01043076923076923
0.027120000000000002
0.08344615384615384
0.13664307692307692
0.13372246153846154
0.084072
0.014603076923076923
-0.03233538461538461
-0.04318338461538461
-0.03755076923076923
-0.009596307692307692
0.011265230769230769
0.014185846153846153
0.026702769230769228
0.0446436923076923
0.06008123076923077
0.040679999999999994
-0.016063384615384615
-0.059038153846153844
-0.0717636923076923
-0.04214030769230769
-0.005841230769230769
0.02044430769230769
0.038176615384615385
0.04839876923076923
0.06341907692307691
0.06446215384615385
0.056951999999999996
0.017523692307692306
-0.029206153846153847
-0.047772923076923074
-0.026702769230769228
0.011473846153846154
0.02357353846153846
0.04109723076923077
0.05924676923076923
0.08428061538461538
0.11703323076923078
0.11619876923076923
0.06821723076923077
-0.022947692307692308
-0.10201292307692307
-0.11640738461538462
-0.1045163076923077
-0.07927384615384615
-0.04318338461538461
-0.017732307692307693
0.026702769230769228
0.07781353846153846
0.12329169230769231
0.12266584615384615
0.06362769230769232
0.0014603076923076922
-0.038176615384615385
-0.04422646153846154
-0.03775938461538462
-0.016897846153846156
0.0035464615384615383
0.02524246153846154
0.07843938461538462
0.11974523076923077
0.12642092307692307
0.09596307692307693
0.03984553846153846
-0.005841230769230769
-0.02273907692307692
-0.015646153846153844
0.0002086153846153846
0.025033846153846153
0.05674338461538461
0.08490646153846154
0.10514215384615383
0.11870215384615385
0.09533723076923077
0.04088861538461538
-0.006675692307692307
-0.03775938461538462
-0.0446436923076923
-0.05048492307692308
-0.05674338461538461
-0.05799507692307692
-0.04735569230769231
0.0029206153846153843
0.06613107692307692
0.08720123076923077
0.04839876923076923
-0.011473846153846154
-0.04714707692307692
-0.04902461538461538
-0.035464615384615386
-0.026285538461538457
-0.01272553846153846
0.014603076923076923
0.053405538461538456
0.09679753846153846
0.11390399999999999
0.08010830769230769
0.015854769230769228
-0.046104
-0.06738276923076922
-0.04088861538461538
-0.013142769230769229
0.017523692307692306
0.050067692307692306
0.0828203076923077
0.13205353846153844
0.14060676923076923
0.11640738461538462
0.06279323076923077
-0.009596307692307692
-0.05382276923076923
-0.07343261538461537
-0.049233230769230765
-0.03901107692307692
-0.04109723076923077
-0.015020307692307692
0.02753723076923077
0.06446215384615385
0.04631261538461538
0.0025033846153846152
-0.061124307692307686
-0.11891076923076922
-0.12245723076923076
-0.08177723076923075
-0.023990769230769232
-0.006675692307692307
0.0006258461538461538
0.028788923076923077
0.05820369230769231
0.07009476923076922
0.02357353846153846
-0.051319384615384614
-0.0963803076923077
-0.11140061538461538
-0.09387692307692307
-0.059038153846153844
-0.030875076923076922
-0.006258461538461538
0.007510153846153846
0.03755076923076923
0.058829538461538454
0.044435076923076924
-0.020652923076923076
-0.10117846153846152
-0.14039815384615384
-0.15646153846153846
-0.130176
-0.10743692307692307
-0.08991323076923076
-0.07343261538461537
-0.05027630769230769
0.005841230769230769
0.028163076923076923
0.017523692307692306
-0.030875076923076922
-0.07468430769230769
-0.07885661538461539
-0.06633969230769231
-0.029623384615384614
-0.015646153846153844
-0.008136
0.02795446153846154
0.07030338461538461
0.09825784615384614
0.08699261538461538
0.03755076923076923
-0.00855323076923077
-0.024408000000000003
-0.017940923076923077
-0.0025033846153846152
0.004798153846153846
-0.0016689230769230767
-0.0029206153846153843
0.02545107692307692
0.05778646153846154
0.0744756923076923
0.043600615384615383
-0.015437538461538461
-0.0448523076923077
-0.06070707692307692
-0.04214030769230769
-0.026076923076923077
-0.02524246153846154
-0.01043076923076923
0.017523692307692306
0.05736923076923077
0.08094276923076923
0.0892873846153846
0.0609156923076923
0.029414769230769227
0.03233538461538461
0.04526953846153846
0.06592246153846154
0.059038153846153844
0.04568676923076923
0.06049846153846154
0.08052553846153847
0.12266584615384615
0.146448
0.13747753846153846
0.10889723076923077
0.07009476923076922
0.07572738461538461
0.08782707692307692
0.08594953846153845
0.05382276923076923
0.013768615384615384
0.021696
0.033169846153846154
0.05319692307692307
0.046104
0.0008344615384615384
-0.032544
-0.044435076923076924
-0.005841230769230769
0.01668923076923077
0.015854769230769228
