-0.1558356923076923
-0.13518276923076925
-0.0828203076923077
-0.01940123076923077
0.03921969230769231
0.08782707692307692
0.13226215384615383
0.15166338461538462
0.15813046153846153
0.11202646153846153
0.04193169230769231
0.0014603076923076922
-0.008970461538461538
0.027120000000000002
0.07635323076923077
0.11452984615384615
0.14164984615384615
0.15500123076923078
0.16730953846153845
0.17419384615384614
0.1356
0.0717636923076923
0.03337846153846154
0.024199384615384616
0.05194523076923077
0.08761846153846153
0.11160923076923077
0.13518276923076925
0.14790830769230767
0.14978584615384616
0.132888
0.08344615384615384
0.006884307692307692
-0.07593599999999999
-0.10868861538461538
-0.07572738461538461
-0.030875076923076922
0.011265230769230769
0.03963692307692308
0.05069353846153846
0.058829538461538454
0.053614153846153846
0.04318338461538461
0.01981846153846154
-0.029623384615384614
-0.07656184615384615
-0.08115138461538463
-0.05173661538461538
-0.03629907692307692
-0.027745846153846152
-0.02086153846153846
-0.006675692307692307
0.025659692307692307
0.041514461538461535
0.029414769230769227
-0.02753723076923077
-0.10243015384615384
-0.1489513846153846
-0.1666836923076923
-0.14999446153846155
-0.13080184615384613
-0.11306953846153844
-0.07113784615384615
-0.024199384615384616
0.017315076923076923
0.017940923076923077
-0.02315630769230769
-0.08574092307692306
-0.13893784615384613
-0.13351384615384615
-0.10430769230769231
-0.08991323076923076
-0.07405846153846153
-0.06967753846153846
-0.06362769230769232
-0.04130584615384615
-0.017523692307692306
-0.004798153846153846
-0.021904615384615383
-0.03859384615384615
-0.04214030769230769
-0.014603076923076923
0.015437538461538461
0.028163076923076923
0.03442153846153846
0.03901107692307692
0.07343261538461537
0.10576799999999999
0.12162276923076921
0.092208
0.03504738461538461
0.0022947692307692304
-0.013560000000000001
-0.003963692307692307
0.01397723076923077
0.015646153846153844
0.027745846153846152
0.058412307692307694
0.09533723076923077
0.12642092307692307
0.12433476923076923
0.0892873846153846
0.03880246153846154
0.01272553846153846
0.015854769230769228
0.015020307692307692
0.0043809230769230765
-0.006467076923076923
0.013768615384615384
0.05236246153846154
0.08991323076923076
0.103056
0.06759138461538462
0.025033846153846153
-0.007301538461538462
0.003129230769230769
0.03629907692307692
0.040054153846153843
0.03775938461538462
0.044435076923076924
0.0717636923076923
0.09158215384615384
0.09325107692307691
0.06800861538461538
0.02482523076923077
-0.011891076923076923
-0.03108369230769231
-0.021696
-0.02899753846153846
-0.05277969230769231
-0.07697907692307693
-0.07489292307692308
-0.04547815384615384
-0.029414769230769227
-0.030040615384615384
-0.06654830769230768
-0.09846646153846153
-0.09491999999999999
-0.0826116923076923
-0.06070707692307692
-0.04422646153846154
-0.03692492307692308
-0.024199384615384616
-0.0014603076923076922
0.03442153846153846
0.031918153846153846
-0.01710646153846154
-0.07259815384615384
-0.11828492307692307
-0.12162276923076921
-0.11411261538461538
-0.08490646153846154
-0.04401784615384615
-0.017315076923076923
0.0446436923076923
0.10868861538461538
0.17294215384615383
0.18337292307692307
0.10889723076923077
0.04380923076923077
0.011265230769230769
0.014603076923076923
0.010222153846153844
-0.004798153846153846
0.006884307692307692
0.03129230769230769
0.07656184615384615
0.11995384615384615
0.14707384615384617
0.13226215384615383
0.07489292307692308
0.04902461538461538
0.058829538461538454
0.08386338461538462
0.09471138461538461
0.0934596923076923
0.09658892307692307
0.08240307692307691
0.09491999999999999
0.10681107692307691
0.07697907692307693
0.024199384615384616
-0.037342153846153844
-0.04985907692307692
-0.025659692307692307
-0.005215384615384615
0.005632615384615384
0.002712
0.005841230769230769
0.022947692307692308
0.040262769230769234
0.02273907692307692
-0.014185846153846153
-0.042974769230769226
-0.05799507692307692
-0.04047138461538462
-0.01856676923076923
-0.014603076923076923
-0.024616615384615383
-0.040262769230769234
-0.048816000000000005
-0.03775938461538462
-0.010013538461538461
-0.005841230769230769
-0.026702769230769228
-0.049233230769230765
-0.05507446153846154
-0.029623384615384614
-0.006675692307692307
0.005215384615384615
0.0050067692307692304
0.0033378461538461535
0.032544
0.04568676923076923
0.040054153846153843
0.027120000000000002
0.016897846153846156
0.026494153846153844
0.03755076923076923
0.06446215384615385
0.06216738461538462
0.02753723076923077
0.018775384615384614
0.025033846153846153
0.04172307692307692
0.037967999999999995
0.013560000000000001
0.006258461538461538
0.0043809230769230765
0.030875076923076922
0.06133292307692308
0.06592246153846154
0.042557538461538466
-0.016063384615384615
-0.03692492307692308
-0.03421292307692308
-0.033169846153846154
-0.03337846153846154
-0.04109723076923077
-0.01856676923076923
0.004589538461538461
0.03942830769230769
0.059038153846153844
0.03755076923076923
