-0.15687876923076924
-0.2157083076923077
-0.20339999999999997
-0.13914646153846155
-0.07405846153846153
-0.014811692307692307
0.0035464615384615383
0.01940123076923077
0.03108369230769231
0.0012516923076923076
-0.05111076923076923
-0.13038461538461538
-0.1913003076923077
-0.19964492307692308
-0.15813046153846153
-0.08866153846153846
-0.045895384615384616
0.0043809230769230765
0.04631261538461538
0.0717636923076923
0.08177723076923075
0.03442153846153846
-0.02795446153846154
-0.100344
-0.13726892307692307
-0.11411261538461538
-0.05820369230769231
0.015646153846153844
0.06362769230769232
0.11160923076923077
0.132888
0.11327815384615383
0.0771876923076923
-0.005424
-0.09512861538461538
-0.15208061538461537
-0.14957723076923077
-0.08699261538461538
-0.024616615384615383
0.029623384615384614
0.06926030769230769
0.10096984615384616
0.13372246153846154
0.14144123076923076
0.12621230769230768
0.06404492307692307
-0.01397723076923077
-0.052571076923076915
-0.042974769230769226
0.0035464615384615383
0.04902461538461538
0.09700615384615385
0.14123261538461537
0.17273353846153844
0.18170399999999998
0.15416676923076922
0.09992676923076924
0.023990769230769232
-0.02273907692307692
-0.023364923076923075
-0.0018775384615384615
0.037967999999999995
0.06300184615384616
0.07259815384615384
0.09554584615384615
0.11745046153846153
0.11014892307692307
0.06216738461538462
-0.0035464615384615383
-0.05778646153846154
-0.09658892307692307
-0.10430769230769231
-0.10138707692307691
-0.08866153846153846
-0.04672984615384615
-0.0002086153846153846
0.05716061538461538
0.08469784615384615
0.05236246153846154
-0.024199384615384616
-0.11599015384615384
-0.15917353846153848
-0.1504116923076923
-0.10347323076923076
-0.03775938461538462
0.03066646153846154
0.08490646153846154
0.116616
0.13852061538461538
0.11891076923076922
0.06341907692307691
-0.006467076923076923
-0.06258461538461538
-0.08657538461538461
-0.0798996923076923
-0.05069353846153846
-0.019192615384615384
0.023364923076923075
0.0798996923076923
0.1476996923076923
0.18107815384615383
0.14874276923076923
0.07969107692307692
-0.0016689230769230767
-0.055491692307692304
-0.06946892307692307
-0.05528307692307692
-0.02795446153846154
-0.01397723076923077
0.009179076923076922
0.050067692307692306
0.0798996923076923
0.06821723076923077
0.019609846153846155
-0.029206153846153847
-0.06967753846153846
-0.06967753846153846
-0.03713353846153846
-0.012099692307692308
0.01272553846153846
0.03483876923076923
0.07593599999999999
0.12224861538461537
0.13706030769230768
0.11703323076923078
0.04401784615384615
-0.030875076923076922
-0.06383630769230769
-0.05319692307692307
-0.014603076923076923
0.016063384615384615
0.04547815384615384
0.06717415384615384
0.10180430769230768
0.13706030769230768
0.10910584615384614
0.04672984615384615
-0.02044430769230769
-0.06946892307692307
-0.08782707692307692
-0.0855323076923077
-0.06300184615384616
-0.048816000000000005
-0.02524246153846154
0.017315076923076923
0.05653476923076922
0.07614461538461538
0.03921969230769231
-0.027120000000000002
-0.07781353846153846
-0.09721476923076922
-0.07551876923076924
-0.05486584615384615
-0.040262769230769234
-0.01814953846153846
0.011056615384615385
0.05590892307692308
0.06446215384615385
0.029206153846153847
-0.03650769230769231
-0.10889723076923077
-0.11828492307692307
-0.08031692307692308
-0.018358153846153843
0.02482523076923077
0.0448523076923077
0.06446215384615385
0.07510153846153846
0.092208
0.07614461538461538
0.03233538461538461
-0.020652923076923076
-0.06383630769230769
-0.05277969230769231
-0.021070153846153846
0.010848
0.03567323076923076
0.061750153846153844
0.11578153846153846
0.16292861538461537
0.184416
0.15875630769230767
0.084072
0.01272553846153846
-0.03880246153846154
-0.028163076923076923
0.011682461538461537
0.025659692307692307
0.05048492307692308
0.08428061538461538
0.14436184615384615
0.19881046153846152
0.19735015384615384
0.15228923076923076
0.06550523076923077
-0.008761846153846153
-0.044435076923076924
-0.05277969230769231
-0.03629907692307692
-0.016063384615384615
0.024408000000000003
0.08365476923076923
0.1316363076923077
0.157296
0.1356
0.07405846153846153
0.01856676923076923
-0.014394461538461538
-0.02273907692307692
-0.02795446153846154
-0.042974769230769226
-0.04735569230769231
-0.026911384615384615
0.014394461538461538
0.05653476923076922
0.08490646153846154
0.065088
0.02545107692307692
0.0043809230769230765
-0.010639384615384617
-0.01272553846153846
-0.01668923076923077
-0.017315076923076923
0.004172307692307692
0.03421292307692308
0.07051199999999999
0.08031692307692308
0.042348923076923076
-0.018983999999999997
-0.08469784615384615
-0.1151556923076923
-0.0974233846153846
-0.06613107692307692
-0.03108369230769231
0.008344615384615384
0.05277969230769231
0.10159569230769232
0.11202646153846153
0.06926030769230769
-0.014394461538461538
-0.09283384615384616
-0.12433476923076923
-0.119328
-0.08198584615384615
