0.06529661538461538
0.08782707692307692
0.09095630769230768
0.06404492307692307
0.029206153846153847
0.014394461538461538
0.019192615384615384
0.022947692307692308
0.0004172307692307692
-0.03275261538461539
-0.05611753846153846
-0.040262769230769234
0.006258461538461538
0.043600615384615383
0.05590892307692308
0.04672984615384615
0.051319384615384614
0.0609156923076923
0.06425353846153846
0.06028984615384615
0.026911384615384615
-0.0022947692307692304
-0.009596307692307692
0.007927384615384614
0.029414769230769227
0.017315076923076923
0.0018775384615384615
-0.01272553846153846
-0.0077187692307692304
0.03275261538461539
0.05757784615384615
0.05403138461538461
0.02273907692307692
-0.013142769230769229
-0.015854769230769228
-0.0002086153846153846
0.018775384615384614
0.028788923076923077
0.02273907692307692
0.025659692307692307
0.05382276923076923
0.07614461538461538
0.06049846153846154
0.028788923076923077
-0.005632615384615384
-0.013560000000000001
0.02357353846153846
0.06195876923076923
0.0988836923076923
0.111192
0.10722830769230769
0.1316363076923077
0.1489513846153846
0.14853415384615384
0.11578153846153846
0.055491692307692304
0.02545107692307692
0.03150092307692308
0.06675692307692307
0.11056615384615384
0.13497415384615385
0.1368516923076923
0.1316363076923077
0.13038461538461538
0.10785415384615385
0.05945538461538461
-0.010013538461538461
-0.06675692307692307
-0.07468430769230769
-0.052571076923076915
-0.003755076923076923
0.03588184615384615
0.04568676923076923
0.05277969230769231
0.06717415384615384
0.08240307692307691
0.06321046153846153
0.024199384615384616
-0.029832
-0.09074769230769231
-0.10889723076923077
-0.09471138461538461
-0.059872615384615385
-0.03880246153846154
-0.010639384615384617
0.054240000000000003
0.10493353846153847
0.12579507692307693
0.08156861538461539
-0.005841230769230769
-0.08386338461538462
-0.116616
-0.08511507692307693
-0.038176615384615385
0.016897846153846156
0.06696553846153847
0.09846646153846153
0.11974523076923077
0.11265230769230769
0.06696553846153847
-0.01668923076923077
-0.08511507692307693
-0.11223507692307692
-0.10868861538461538
-0.054657230769230764
0.0070929230769230765
0.056951999999999996
0.08761846153846153
0.11640738461538462
0.14331876923076922
0.10263876923076923
0.03108369230769231
-0.05027630769230769
-0.09095630769230768
-0.07593599999999999
-0.048816000000000005
0.015020307692307692
0.06988615384615385
0.12016246153846154
0.16793538461538463
0.1792006153846154
0.1704387692307692
0.10368184615384615
0.004172307692307692
-0.08720123076923077
-0.14436184615384615
-0.12245723076923076
-0.059664
0.025659692307692307
0.10347323076923076
0.1635544615384615
0.208824
0.19714153846153845
0.14540492307692307
0.03212676923076923
-0.09095630769230768
-0.16605784615384614
-0.19714153846153845
-0.15103753846153847
-0.08135999999999999
-0.008970461538461538
0.05027630769230769
0.09179076923076923
0.10827138461538462
0.06425353846153846
-0.005841230769230769
-0.09137353846153846
-0.15917353846153848
-0.173568
-0.13476553846153844
-0.0609156923076923
0.0025033846153846152
0.034630153846153845
0.059872615384615385
0.08031692307692308
0.07197230769230768
0.03671630769230769
-0.021696
-0.08574092307692306
-0.13101046153846155
-0.12662953846153846
-0.08866153846153846
-0.048816000000000005
-0.008136
0.03483876923076923
0.07343261538461537
0.08469784615384615
0.06362769230769232
0.003963692307692307
-0.06905169230769231
-0.1368516923076923
-0.16021661538461537
-0.12037107692307693
-0.08198584615384615
-0.03921969230769231
0.0016689230769230767
0.042557538461538466
0.09179076923076923
0.10597661538461538
0.08386338461538462
0.029414769230769227
-0.019192615384615384
-0.038176615384615385
-0.02482523076923077
0.014394461538461538
0.031918153846153846
0.05778646153846154
0.08720123076923077
0.10764553846153846
0.138312
0.12099692307692309
0.07551876923076924
0.02482523076923077
-0.021487384615384613
-0.019192615384615384
0.0033378461538461535
0.026076923076923077
0.04380923076923077
0.07009476923076922
0.0988836923076923
0.11911938461538461
0.12913292307692306
0.09262523076923077
0.03650769230769231
-0.03296123076923077
-0.08198584615384615
-0.08010830769230769
-0.07843938461538462
-0.06550523076923077
-0.045895384615384616
-0.007510153846153846
0.04172307692307692
0.059872615384615385
0.056326153846153845
0.014185846153846153
-0.03442153846153846
-0.059664
-0.06550523076923077
-0.03650769230769231
-0.011265230769230769
-0.0012516923076923076
-0.0018775384615384615
0.001043076923076923
0.016272
-0.012934153846153845
-0.06654830769230768
-0.1178676923076923
-0.14936861538461538
-0.13476553846153844
-0.09554584615384615
-0.053405538461538456
-0.04547815384615384
-0.059038153846153844
-0.06341907692307691
-0.04944184615384615
-0.03692492307692308
-0.06425353846153846
-0.10681107692307691
-0.1543753846153846
-0.1860849230769231
-0.15833907692307692
-0.11286092307692308
-0.06654830769230768
-0.023990769230769232
