0.011473846153846154
-0.055491692307692304
-0.100344
-0.10722830769230769
-0.10076123076923077
-0.11703323076923078
-0.12704676923076924
-0.12496061538461539
-0.0936683076923077
-0.052153846153846155
-0.03129230769230769
-0.04985907692307692
-0.11223507692307692
-0.1476996923076923
-0.15145476923076923
-0.12120553846153845
-0.07113784615384615
-0.053614153846153846
-0.05027630769230769
-0.05298830769230769
-0.03275261538461539
-0.011682461538461537
-0.03108369230769231
-0.058829538461538454
-0.0934596923076923
-0.1097316923076923
-0.09199938461538461
-0.06383630769230769
-0.04526953846153846
-0.03942830769230769
-0.022947692307692308
0.005424
0.046104
0.07635323076923077
0.059872615384615385
0.024199384615384616
-0.006258461538461538
-0.011265230769230769
0.024408000000000003
0.06195876923076923
0.06654830769230768
0.03588184615384615
0.028163076923076923
0.053614153846153846
0.08866153846153846
0.10326461538461539
0.05820369230769231
0.016063384615384615
-0.0035464615384615383
0.016063384615384615
0.06759138461538462
0.07739630769230768
0.06759138461538462
0.06133292307692308
0.07384984615384615
0.10076123076923077
0.08574092307692306
0.05736923076923077
0.02586830769230769
-0.006049846153846154
0.015854769230769228
0.055491692307692304
0.08469784615384615
0.078648
0.04819015384615385
0.04672984615384615
0.06842584615384616
0.11536430769230768
0.1289243076923077
0.10201292307692307
0.07656184615384615
0.05382276923076923
0.07280676923076923
0.09909230769230769
0.10389046153846154
0.08949599999999999
0.07051199999999999
0.07635323076923077
0.1045163076923077
0.1353913846153846
0.11995384615384615
0.09033046153846153
0.06821723076923077
0.06133292307692308
0.08720123076923077
0.09930092307692308
0.08469784615384615
0.05111076923076923
0.03150092307692308
0.04568676923076923
0.05653476923076922
0.06154153846153846
0.05069353846153846
0.030875076923076922
0.027328615384615382
0.03629907692307692
0.04631261538461538
0.012934153846153845
-0.03838523076923077
-0.06821723076923077
-0.07134646153846153
-0.04380923076923077
-0.015854769230769228
0.012934153846153845
0.01668923076923077
0.018983999999999997
0.047981538461538464
0.062376
0.04902461538461538
-0.010013538461538461
-0.07843938461538462
-0.11473846153846154
-0.10138707692307691
-0.04652123076923077
-0.004589538461538461
0.014185846153846153
0.021904615384615383
0.032544
0.042557538461538466
0.021904615384615383
-0.03108369230769231
-0.09575446153846154
-0.12975876923076923
-0.11140061538461538
-0.06446215384615385
-0.0012516923076923076
0.04109723076923077
0.06550523076923077
0.084072
0.07697907692307693
0.05590892307692308
0.011473846153846154
-0.05757784615384615
-0.12913292307692306
-0.15938215384615384
-0.13872923076923074
-0.09450276923076922
-0.03963692307692308
0.003129230769230769
0.042348923076923076
0.07280676923076923
0.06967753846153846
0.05027630769230769
0.0014603076923076922
-0.06341907692307691
-0.09554584615384615
-0.09387692307692307
-0.058829538461538454
-0.029414769230769227
-0.014603076923076923
0.012099692307692308
0.03275261538461539
0.043600615384615383
0.04172307692307692
0.0050067692307692304
-0.05716061538461538
-0.10931446153846153
-0.11828492307692307
-0.078648
-0.028788923076923077
0.02023569230769231
0.05611753846153846
0.07927384615384615
0.11223507692307692
0.1205796923076923
0.07969107692307692
0.003755076923076923
-0.06425353846153846
-0.08720123076923077
-0.06321046153846153
0.0016689230769230767
0.08761846153846153
0.16501476923076921
0.21612553846153845
0.2453316923076923
0.2526332307692308
0.22676492307692306
0.1570873846153846
0.07280676923076923
0.015854769230769228
0.0
0.018983999999999997
0.04672984615384615
0.09074769230769231
0.12600369230769232
0.14853415384615384
0.17690584615384616
0.1718990769230769
0.11494707692307692
0.0018775384615384615
-0.111192
-0.15792184615384616
-0.14311015384615386
-0.08845292307692308
-0.03129230769230769
0.017523692307692306
0.06133292307692308
0.09304246153846155
0.10055261538461538
0.06487938461538462
-0.013351384615384614
-0.1151556923076923
-0.1923433846153846
-0.20861538461538462
-0.17690584615384616
-0.11140061538461538
-0.03337846153846154
0.03442153846153846
0.0798996923076923
0.09533723076923077
0.08135999999999999
0.01940123076923077
-0.06362769230769232
-0.12496061538461539
-0.14853415384615384
-0.10764553846153846
-0.041514461538461535
0.02232184615384615
0.06550523076923077
0.0744756923076923
0.09137353846153846
0.09283384615384616
0.07531015384615385
0.03504738461538461
-0.028788923076923077
-0.07614461538461538
-0.09262523076923077
-0.07489292307692308
-0.047981538461538464
-0.014811692307692307
0.02211323076923077
0.07113784615384615
0.12496061538461539
0.1314276923076923
0.0897046153846154
0.011473846153846154
-0.07113784615384615
-0.09992676923076924
-0.08761846153846153
-0.0446436923076923
0.011473846153846154
0.04985907692307692
0.09241661538461539
0.12266584615384615
