-0.11703323076923078
-0.14978584615384616
-0.14832553846153845
-0.12579507692307693
-0.111192
-0.07531015384615385
-0.029206153846153847
0.011891076923076923
0.04214030769230769
0.041514461538461535
-0.009387692307692307
-0.06321046153846153
-0.08219446153846154
-0.07238953846153846
-0.03421292307692308
-0.027328615384615382
-0.016063384615384615
0.015020307692307692
0.027745846153846152
0.04526953846153846
0.03984553846153846
0.009596307692307692
-0.03379569230769231
-0.07885661538461539
-0.08949599999999999
-0.0717636923076923
-0.04693846153846153
-0.023990769230769232
0.004589538461538461
0.045060923076923075
0.0771876923076923
0.08615815384615384
0.06300184615384616
0.007301538461538462
-0.044435076923076924
-0.08490646153846154
-0.08344615384615384
-0.06154153846153846
-0.054240000000000003
-0.035464615384615386
-0.03504738461538461
-0.02044430769230769
0.0022947692307692304
0.0008344615384615384
-0.017315076923076923
-0.05611753846153846
-0.08302892307692307
-0.07823076923076923
-0.04860738461538461
-0.021278769230769233
0.0050067692307692304
0.037967999999999995
0.061750153846153844
0.09867507692307692
0.11724184615384614
0.08949599999999999
0.04714707692307692
-0.015020307692307692
-0.03713353846153846
-0.027328615384615382
-0.02545107692307692
-0.01668923076923077
-0.014394461538461538
0.022947692307692308
0.05590892307692308
0.07531015384615385
0.09533723076923077
0.06675692307692307
0.04672984615384615
0.040679999999999994
0.04380923076923077
0.06633969230769231
0.06362769230769232
0.059038153846153844
0.05319692307692307
0.04819015384615385
0.05507446153846154
0.04401784615384615
0.017940923076923077
-0.022947692307692308
-0.042557538461538466
-0.017315076923076923
0.03066646153846154
0.08907876923076924
0.1218313846153846
0.1368516923076923
0.15270646153846154
0.1558356923076923
0.14269292307692305
0.09950953846153845
0.03483876923076923
-0.02482523076923077
-0.05486584615384615
-0.03275261538461539
-0.013142769230769229
-0.010848
-0.0050067692307692304
0.001043076923076923
0.04631261538461538
0.0771876923076923
0.07593599999999999
0.03504738461538461
-0.034630153846153845
-0.048816000000000005
-0.04214030769230769
-0.019192615384615384
0.005841230769230769
0.014185846153846153
0.02023569230769231
0.023364923076923075
0.05528307692307692
0.07531015384615385
0.04214030769230769
-0.01856676923076923
-0.06550523076923077
-0.059664
-0.013351384615384614
0.03880246153846154
0.06654830769230768
0.0717636923076923
0.0771876923076923
0.0826116923076923
0.08720123076923077
0.08720123076923077
0.04756430769230769
-0.007927384615384614
-0.03108369230769231
-0.03337846153846154
-0.0070929230769230765
0.0002086153846153846
-0.018983999999999997
-0.025033846153846153
-0.013560000000000001
0.012308307692307691
0.029206153846153847
0.018983999999999997
-0.03233538461538461
-0.07823076923076923
-0.08448923076923077
-0.05027630769230769
-0.014185846153846153
-0.02858030769230769
-0.047772923076923074
-0.04380923076923077
-0.021070153846153846
0.003963692307692307
-0.006049846153846154
-0.04735569230769231
-0.11202646153846153
-0.143736
-0.12537784615384615
-0.09784061538461537
-0.05382276923076923
-0.02858030769230769
-0.016063384615384615
0.007510153846153846
0.026702769230769228
0.035464615384615386
-0.014603076923076923
-0.09471138461538461
-0.14916
-0.16876984615384616
-0.14916
-0.11244369230769231
-0.07927384615384615
-0.06654830769230768
-0.034630153846153845
0.016897846153846156
0.05048492307692308
0.05528307692307692
0.017940923076923077
-0.003963692307692307
-0.013560000000000001
-0.0022947692307692304
0.029414769230769227
0.014811692307692307
-0.02086153846153846
-0.06028984615384615
-0.05528307692307692
-0.018775384615384614
0.0002086153846153846
0.021904615384615383
0.018358153846153843
0.018358153846153843
0.04756430769230769
0.08636676923076922
0.1097316923076923
0.08907876923076924
0.06425353846153846
0.05048492307692308
0.043600615384615383
0.03483876923076923
-0.018775384615384614
-0.07489292307692308
-0.1028473846153846
-0.0880356923076923
-0.03024923076923077
0.01981846153846154
0.06613107692307692
0.06842584615384616
0.06028984615384615
0.07823076923076923
0.086784
0.09158215384615384
0.05736923076923077
0.02044430769230769
-0.006049846153846154
-0.017315076923076923
0.015228923076923076
0.031918153846153846
0.03692492307692308
0.050067692307692306
0.06341907692307691
0.09241661538461539
0.11056615384615384
0.09909230769230769
0.07343261538461537
0.059038153846153844
0.06717415384615384
0.08761846153846153
0.10076123076923077
0.0678
0.027328615384615382
0.013351384615384614
0.02086153846153846
0.054657230769230764
0.05924676923076923
0.04714707692307692
0.030875076923076922
0.02482523076923077
0.04547815384615384
0.05653476923076922
0.058412307692307694
0.019192615384615384
-0.019192615384615384
-0.026494153846153844
-0.00855323076923077
0.03129230769230769
0.025659692307692307
0.013560000000000001
0.010639384615384617
0.015646153846153844
0.04631261538461538
0.04965046153846154
