0.04568676923076923
-0.024199384615384616
-0.07677046153846154
-0.08720123076923077
-0.037967999999999995
0.017940923076923077
0.06675692307692307
0.10409907692307692
0.11578153846153846
0.13330523076923076
0.13497415384615385
0.10764553846153846
0.03921969230769231
-0.06487938461538462
-0.11640738461538462
-0.11724184615384614
-0.08949599999999999
-0.05570030769230769
-0.028163076923076923
0.007510153846153846
0.03713353846153846
0.06926030769230769
0.0826116923076923
0.042974769230769226
-0.02899753846153846
-0.07823076923076923
-0.08469784615384615
-0.06133292307692308
-0.02858030769230769
0.0002086153846153846
0.02086153846153846
0.04902461538461538
0.09491999999999999
0.11870215384615385
0.09450276923076922
0.02545107692307692
-0.04944184615384615
-0.09095630769230768
-0.09053907692307692
-0.051528
-0.014603076923076923
0.01814953846153846
0.058412307692307694
0.09241661538461539
0.10722830769230769
0.09033046153846153
0.032544
-0.053614153846153846
-0.11327815384615383
-0.116616
-0.09116492307692307
-0.06550523076923077
-0.03921969230769231
-0.011473846153846154
0.04631261538461538
0.10535076923076922
0.14018953846153845
0.13247076923076923
0.059664
-0.0025033846153846152
-0.03775938461538462
-0.03671630769230769
-0.013560000000000001
-0.0029206153846153843
0.02044430769230769
0.05090215384615384
0.0961716923076923
0.13476553846153844
0.13267938461538462
0.08887015384615385
0.013560000000000001
-0.046104
-0.06467076923076923
-0.05194523076923077
-0.035255999999999996
-0.021904615384615383
0.00855323076923077
0.05277969230769231
0.09304246153846155
0.10514215384615383
0.06717415384615384
-0.005215384615384615
-0.06884307692307692
-0.09179076923076923
-0.06759138461538462
-0.04088861538461538
-0.019609846153846155
0.013560000000000001
0.051528
0.1028473846153846
0.13998092307692306
0.12850707692307692
0.04902461538461538
-0.045895384615384616
-0.08574092307692306
-0.08344615384615384
-0.07092923076923077
-0.06383630769230769
-0.05069353846153846
-0.03337846153846154
-0.004172307692307692
0.04819015384615385
0.07259815384615384
0.034630153846153845
-0.03880246153846154
-0.10806276923076923
-0.14144123076923076
-0.13476553846153844
-0.1045163076923077
-0.07384984615384615
-0.05027630769230769
-0.007510153846153846
0.05236246153846154
0.09533723076923077
0.08511507692307693
0.012934153846153845
-0.065088
-0.11974523076923077
-0.11765907692307691
-0.07405846153846153
-0.04756430769230769
-0.018358153846153843
0.009387692307692307
0.05194523076923077
0.09992676923076924
0.1028473846153846
0.06884307692307692
0.007510153846153846
-0.051528
-0.06341907692307691
-0.04214030769230769
-0.018775384615384614
-0.0018775384615384615
0.013142769230769229
0.03755076923076923
0.065088
0.08115138461538463
0.053405538461538456
-0.0043809230769230765
-0.059038153846153844
-0.07697907692307693
-0.054240000000000003
-0.035255999999999996
-0.013560000000000001
-0.0014603076923076922
0.017315076923076923
0.04839876923076923
0.059664
0.05507446153846154
-0.005215384615384615
-0.0798996923076923
-0.1218313846153846
-0.12662953846153846
-0.09512861538461538
-0.06759138461538462
-0.03901107692307692
-0.010848
0.02858030769230769
0.06550523076923077
0.07384984615384615
0.04631261538461538
-0.02044430769230769
-0.06884307692307692
-0.08073415384615384
-0.07426707692307692
-0.049233230769230765
-0.038176615384615385
-0.030040615384615384
-0.017940923076923077
0.004589538461538461
0.0448523076923077
0.03483876923076923
0.002086153846153846
-0.03942830769230769
-0.06467076923076923
-0.03692492307692308
-0.011056615384615385
0.021904615384615383
0.022947692307692308
0.0012516923076923076
0.0012516923076923076
-0.006675692307692307
-0.0018775384615384615
-0.020652923076923076
-0.054657230769230764
-0.06529661538461538
-0.053614153846153846
-0.007301538461538462
0.028788923076923077
0.04172307692307692
0.02795446153846154
0.02545107692307692
0.03984553846153846
0.042348923076923076
0.045895384615384616
0.01668923076923077
-0.01814953846153846
-0.029623384615384614
-0.010013538461538461
0.021904615384615383
0.02273907692307692
0.020652923076923076
0.016480615384615385
0.014185846153846153
0.020652923076923076
0.027745846153846152
0.028788923076923077
0.015228923076923076
0.017523692307692306
0.041514461538461535
0.073224
0.09012184615384615
0.0853236923076923
0.08010830769230769
0.07426707692307692
0.08469784615384615
0.10806276923076923
0.10493353846153847
0.08636676923076922
0.07197230769230768
0.07218092307692307
0.09262523076923077
0.10618523076923077
0.09095630769230768
0.06133292307692308
0.05069353846153846
0.06571384615384615
0.10055261538461538
0.13518276923076925
0.14269292307692305
0.13330523076923076
0.12558646153846154
0.13455692307692307
0.15187199999999998
0.13330523076923076
0.08845292307692308
0.0448523076923077
0.01940123076923077
0.037967999999999995
0.06154153846153846
0.07134646153846153
0.065088
0.055491692307692304
0.08031692307692308
