0.07238953846153846
0.09053907692307692
0.08156861538461539
0.016063384615384615
-0.10138707692307691
-0.2056947692307692
-0.25534523076923077
-0.23052
-0.14394461538461537
-0.046104
0.026702769230769228
0.06154153846153846
0.09241661538461539
0.10618523076923077
0.07927384615384615
0.009387692307692307
-0.08115138461538463
-0.1397723076923077
-0.16105107692307694
-0.1136953846153846
-0.03650769230769231
0.01856676923076923
0.06195876923076923
0.08740984615384616
0.11724184615384614
0.12808984615384614
0.09763200000000001
0.029414769230769227
-0.04860738461538461
-0.07843938461538462
-0.05090215384615384
0.0043809230769230765
0.046104
0.06613107692307692
0.07656184615384615
0.09471138461538461
0.10389046153846154
0.06675692307692307
-0.007927384615384614
-0.09137353846153846
-0.1397723076923077
-0.14081538461538462
-0.09158215384615384
-0.003129230769230769
0.06967753846153846
0.10535076923076922
0.13852061538461538
0.16292861538461537
0.13935507692307691
0.08010830769230769
0.0012516923076923076
-0.06341907692307691
-0.09074769230769231
-0.06800861538461538
-0.01043076923076923
0.037342153846153844
0.08448923076923077
0.12621230769230768
0.168144
0.17085599999999998
0.1207883076923077
0.06404492307692307
-0.00855323076923077
-0.03963692307692308
-0.03421292307692308
-0.009804923076923077
0.026285538461538457
0.031918153846153846
0.037967999999999995
0.03921969230769231
0.04318338461538461
0.02858030769230769
-0.003963692307692307
-0.05590892307692308
-0.10827138461538462
-0.09679753846153846
-0.07697907692307693
-0.05069353846153846
-0.015228923076923076
0.011473846153846154
0.0446436923076923
0.05736923076923077
0.059038153846153844
0.03838523076923077
-0.025659692307692307
-0.07781353846153846
-0.08991323076923076
-0.05736923076923077
0.014185846153846153
0.06279323076923077
0.086784
0.09596307692307693
0.09450276923076922
0.092208
0.05528307692307692
-0.006467076923076923
-0.05590892307692308
-0.07259815384615384
-0.05069353846153846
-0.006675692307692307
0.018983999999999997
0.028163076923076923
0.01710646153846154
0.0
0.01814953846153846
0.017523692307692306
0.004172307692307692
-0.020652923076923076
-0.05528307692307692
-0.06028984615384615
-0.054240000000000003
-0.03942830769230769
-0.04944184615384615
-0.05799507692307692
-0.05173661538461538
-0.0448523076923077
-0.018358153846153843
-0.02044430769230769
-0.03609046153846154
-0.06362769230769232
-0.08094276923076923
-0.04902461538461538
-0.030875076923076922
-0.015228923076923076
-0.007510153846153846
-0.014185846153846153
0.007301538461538462
0.04401784615384615
0.07969107692307692
0.06028984615384615
0.005424
-0.026076923076923077
-0.05048492307692308
-0.04047138461538462
-0.018983999999999997
-0.007510153846153846
0.0070929230769230765
0.022947692307692308
0.06967753846153846
0.09846646153846153
0.08386338461538462
0.03859384615384615
-0.0029206153846153843
-0.0029206153846153843
0.003755076923076923
0.020652923076923076
0.02795446153846154
0.01668923076923077
0.026494153846153844
0.04631261538461538
0.078648
0.0974233846153846
0.07927384615384615
0.045060923076923075
0.004798153846153846
-0.007510153846153846
0.004589538461538461
0.014185846153846153
0.0077187692307692304
0.012099692307692308
0.050067692307692306
0.09950953846153845
0.13747753846153846
0.11849353846153846
0.06300184615384616
0.006049846153846154
-0.035464615384615386
-0.03588184615384615
-0.026702769230769228
-0.013768615384615384
-0.006675692307692307
0.0016689230769230767
0.04130584615384615
0.08031692307692308
0.08386338461538462
0.04172307692307692
-0.017732307692307693
-0.05736923076923077
-0.07155507692307693
-0.06446215384615385
-0.049233230769230765
-0.040262769230769234
-0.017940923076923077
0.031709538461538456
0.09387692307692307
0.12308307692307692
0.09575446153846154
0.04422646153846154
-0.006258461538461538
-0.033169846153846154
-0.03963692307692308
-0.038176615384615385
-0.047981538461538464
-0.050067692307692306
-0.021487384615384613
0.022947692307692308
0.0744756923076923
0.10660246153846153
0.09804923076923076
0.04693846153846153
-0.0043809230769230765
-0.026702769230769228
-0.04631261538461538
-0.09325107692307691
-0.12934153846153845
-0.12433476923076923
-0.08887015384615385
-0.025659692307692307
0.021278769230769233
0.03296123076923077
0.0033378461538461535
-0.035464615384615386
-0.03275261538461539
-0.016480615384615385
-0.02211323076923077
-0.03713353846153846
-0.03045784615384615
-0.006258461538461538
0.02211323076923077
0.045895384615384616
0.049233230769230765
0.021696
-0.005632615384615384
-0.0043809230769230765
0.030040615384615384
0.07656184615384615
0.08323753846153846
0.04860738461538461
0.012308307692307691
0.024616615384615383
0.0771876923076923
0.1178676923076923
0.11014892307692307
0.06759138461538462
0.044435076923076924
0.050067692307692306
0.06633969230769231
0.055491692307692304
0.026702769230769228
0.012099692307692308
0.02023569230769231
0.051528
0.06633969230769231
0.06028984615384615
