0.0880356923076923
0.08302892307692307
0.086784
0.07551876923076924
0.04526953846153846
0.026494153846153844
0.02586830769230769
0.05173661538461538
0.0853236923076923
0.10117846153846152
0.09846646153846153
0.0936683076923077
0.10472492307692308
0.11578153846153846
0.1028473846153846
0.06425353846153846
0.017315076923076923
-0.006258461538461538
0.0012516923076923076
0.028371692307692306
0.04672984615384615
0.03650769230769231
0.03692492307692308
0.05799507692307692
0.09074769230769231
0.10243015384615384
0.0678
0.013351384615384614
-0.03379569230769231
-0.026076923076923077
0.013351384615384614
0.04526953846153846
0.05590892307692308
0.03609046153846154
0.032544
0.03671630769230769
0.023990769230769232
0.0035464615384615383
-0.04109723076923077
-0.08991323076923076
-0.10806276923076923
-0.08991323076923076
-0.045060923076923075
-0.012308307692307691
-0.004172307692307692
-0.012934153846153845
-0.016897846153846156
-0.016897846153846156
-0.04401784615384615
-0.08428061538461538
-0.14185846153846154
-0.1779489230769231
-0.1704387692307692
-0.13622584615384614
-0.08636676923076922
-0.05444861538461539
-0.026494153846153844
-0.005215384615384615
0.005424
0.010848
-0.009804923076923077
-0.05590892307692308
-0.10055261538461538
-0.11870215384615385
-0.09700615384615385
-0.042348923076923076
0.015228923076923076
0.04631261538461538
0.05048492307692308
0.06404492307692307
0.07280676923076923
0.03775938461538462
-0.033169846153846154
-0.11181784615384616
-0.14832553846153845
-0.12725538461538463
-0.06571384615384615
-0.006675692307692307
0.027120000000000002
0.06592246153846154
0.09658892307692307
0.1045163076923077
0.07614461538461538
0.016063384615384615
-0.04693846153846153
-0.09763200000000001
-0.09325107692307691
-0.029623384615384614
0.0446436923076923
0.09950953846153845
0.143736
0.16730953846153845
0.16251138461538459
0.1397723076923077
0.0855323076923077
0.01668923076923077
-0.04735569230769231
-0.07927384615384615
-0.05674338461538461
-0.006258461538461538
0.04714707692307692
0.07614461538461538
0.09471138461538461
0.12204
0.13038461538461538
0.10806276923076923
0.03942830769230769
-0.04902461538461538
-0.10117846153846152
-0.10722830769230769
-0.07218092307692307
-0.021904615384615383
0.02858030769230769
0.06279323076923077
0.07197230769230768
0.07739630769230768
0.06154153846153846
0.0002086153846153846
-0.09095630769230768
-0.15750461538461538
-0.16647507692307692
-0.12767261538461538
-0.04839876923076923
0.026702769230769228
0.07802215384615384
0.12120553846153845
0.1449876923076923
0.14060676923076923
0.09408553846153846
0.021487384615384613
-0.042974769230769226
-0.07510153846153846
-0.06258461538461538
-0.02044430769230769
0.028163076923076923
0.05799507692307692
0.078648
0.10806276923076923
0.12788123076923075
0.11745046153846153
0.06633969230769231
-0.015228923076923076
-0.09387692307692307
-0.12996738461538462
-0.10848000000000001
-0.06195876923076923
-0.003755076923076923
0.055491692307692304
0.10722830769230769
0.14916
0.14603076923076924
0.09846646153846153
0.012099692307692308
-0.08386338461538462
-0.1314276923076923
-0.12391753846153845
-0.05736923076923077
0.014811692307692307
0.07280676923076923
0.1205796923076923
0.14978584615384616
0.16480615384615382
0.12120553846153845
0.05507446153846154
-0.03379569230769231
-0.11411261538461538
-0.12808984615384614
-0.103056
-0.04526953846153846
0.005215384615384615
0.05799507692307692
0.12412615384615384
0.1652233846153846
0.16897846153846155
0.11390399999999999
0.019192615384615384
-0.06341907692307691
-0.10389046153846154
-0.09158215384615384
-0.058412307692307694
-0.012099692307692308
0.03358707692307692
0.04735569230769231
0.059038153846153844
0.05090215384615384
0.019609846153846155
-0.03609046153846154
-0.10347323076923076
-0.11911938461538461
-0.11140061538461538
-0.073224
-0.02357353846153846
0.021904615384615383
0.06905169230769231
0.092208
0.12767261538461538
0.1287156923076923
0.07489292307692308
-0.006258461538461538
-0.09137353846153846
-0.12955015384615384
-0.12621230769230768
-0.09387692307692307
-0.04547815384615384
-0.005841230769230769
0.04568676923076923
0.11473846153846154
0.15103753846153847
0.1449876923076923
0.09137353846153846
0.02753723076923077
-0.015020307692307692
-0.03838523076923077
-0.03650769230769231
-0.03233538461538461
-0.01814953846153846
0.008136
0.05653476923076922
0.10597661538461538
0.12370892307692308
0.08845292307692308
0.017315076923076923
-0.03421292307692308
-0.07051199999999999
-0.06821723076923077
-0.03921969230769231
-0.02023569230769231
0.008970461538461538
0.040262769230769234
0.06988615384615385
0.07802215384615384
0.05298830769230769
0.014603076923076923
-0.027328615384615382
-0.04214030769230769
-0.033169846153846154
-0.015228923076923076
-0.004798153846153846
-0.0012516923076923076
0.009179076923076922
0.03859384615384615
0.08469784615384615
0.092208
0.0609156923076923
