0.06425353846153846
0.05736923076923077
0.05736923076923077
0.02211323076923077
-0.023990769230769232
-0.05757784615384615
-0.07531015384615385
-0.02211323076923077
0.007927384615384614
0.03150092307692308
0.04401784615384615
0.03609046153846154
0.06633969230769231
0.056326153846153845
0.015228923076923076
-0.04652123076923077
-0.11390399999999999
-0.1424843076923077
-0.13998092307692306
-0.0880356923076923
-0.03400430769230769
0.005841230769230769
0.042974769230769226
0.06008123076923077
0.06905169230769231
0.02899753846153846
-0.03275261538461539
-0.07364123076923076
-0.11745046153846153
-0.11807630769230769
-0.078648
-0.015020307692307692
0.03755076923076923
0.05382276923076923
0.086784
0.10743692307692307
0.10076123076923077
0.05236246153846154
-0.025033846153846153
-0.08031692307692308
-0.11014892307692307
-0.07927384615384615
-0.026702769230769228
0.03838523076923077
0.11640738461538462
0.16897846153846155
0.2125790769230769
0.2075723076923077
0.15667015384615385
0.05736923076923077
-0.051319384615384614
-0.10243015384615384
-0.10618523076923077
-0.059038153846153844
0.0018775384615384615
0.07489292307692308
0.15604430769230768
0.21341353846153846
0.2453316923076923
0.208824
0.12808984615384614
0.04193169230769231
-0.027745846153846152
-0.042348923076923076
-0.017523692307692306
0.037967999999999995
0.08386338461538462
0.11327815384615383
0.15228923076923076
0.18128676923076922
0.18900553846153845
0.14081538461538462
0.06362769230769232
-0.0006258461538461538
-0.042557538461538466
-0.030875076923076922
0.009804923076923077
0.0609156923076923
0.09554584615384615
0.11807630769230769
0.14290153846153844
0.138312
0.10117846153846152
0.010848
-0.0826116923076923
-0.14164984615384615
-0.16084246153846155
-0.119328
-0.06654830769230768
-0.0029206153846153843
0.05090215384615384
0.07551876923076924
0.09971815384615385
0.0771876923076923
0.004589538461538461
-0.09554584615384615
-0.18316430769230768
-0.21466523076923077
-0.20047938461538461
-0.12934153846153845
-0.046104
0.019609846153846155
0.06550523076923077
0.09199938461538461
0.111192
0.07531015384615385
-0.002086153846153846
-0.09304246153846155
-0.154584
-0.13914646153846155
-0.08720123076923077
-0.02211323076923077
0.024199384615384616
0.058829538461538454
0.0892873846153846
0.09095630769230768
0.07259815384615384
0.013142769230769229
-0.05924676923076923
-0.119328
-0.143736
-0.1136953846153846
-0.07489292307692308
-0.016272
0.050067692307692306
0.10222153846153846
0.14123261538461537
0.13789476923076924
0.09700615384615385
0.02315630769230769
-0.06258461538461538
-0.11494707692307692
-0.12204
-0.07677046153846154
-0.017315076923076923
0.043392
0.11745046153846153
0.16167692307692308
0.19192615384615386
0.1802436923076923
0.11870215384615385
0.059664
0.015228923076923076
0.011891076923076923
0.015646153846153844
0.02545107692307692
0.04401784615384615
0.049233230769230765
0.07468430769230769
0.10222153846153846
0.11703323076923078
0.0880356923076923
0.027328615384615382
-0.0050067692307692304
-0.03337846153846154
-0.03838523076923077
-0.022947692307692308
-0.0016689230769230767
0.029623384615384614
0.03921969230769231
0.07572738461538461
0.09053907692307692
0.06028984615384615
0.014603076923076923
-0.05736923076923077
-0.07906523076923076
-0.07843938461538462
-0.06759138461538462
-0.04088861538461538
-0.027328615384615382
0.006258461538461538
0.045895384615384616
0.08156861538461539
0.09658892307692307
0.0678
0.009596307692307692
-0.04944184615384615
-0.07426707692307692
-0.06946892307692307
-0.06258461538461538
-0.055491692307692304
-0.045060923076923075
-0.007301538461538462
0.042557538461538466
0.05048492307692308
0.02273907692307692
-0.04568676923076923
-0.11223507692307692
-0.1397723076923077
-0.13935507692307691
-0.10764553846153846
-0.08073415384615384
-0.05736923076923077
-0.02753723076923077
0.013768615384615384
0.05611753846153846
0.06821723076923077
0.05048492307692308
0.002712
-0.04568676923076923
-0.06383630769230769
-0.05507446153846154
-0.028371692307692306
-0.009596307692307692
0.008970461538461538
0.04714707692307692
0.0934596923076923
0.12433476923076923
0.1028473846153846
0.04401784615384615
-0.008344615384615384
-0.03838523076923077
-0.017940923076923077
0.02273907692307692
0.059038153846153844
0.08386338461538462
0.0974233846153846
0.12537784615384615
0.12308307692307692
0.0934596923076923
0.03379569230769231
-0.045895384615384616
-0.09304246153846155
-0.09387692307692307
-0.059038153846153844
-0.031709538461538456
-0.011891076923076923
0.008344615384615384
0.03963692307692308
0.07656184615384615
0.07551876923076924
0.03859384615384615
-0.02524246153846154
-0.08073415384615384
-0.07843938461538462
-0.0446436923076923
0.0025033846153846152
0.03108369230769231
0.040054153846153843
0.06425353846153846
0.08448923076923077
0.10597661538461538
0.08699261538461538
0.02273907692307692
