0.017732307692307693
-0.05298830769230769
-0.0880356923076923
-0.07510153846153846
-0.022530461538461537
0.02899753846153846
0.06863446153846153
0.09992676923076924
0.11265230769230769
0.08156861538461539
0.0014603076923076922
-0.07614461538461538
-0.12996738461538462
-0.14749107692307692
-0.11140061538461538
-0.053405538461538456
-0.005632615384615384
0.026285538461538457
0.05820369230769231
0.07259815384615384
0.06028984615384615
0.018775384615384614
-0.06633969230769231
-0.13789476923076924
-0.17085599999999998
-0.14603076923076924
-0.08135999999999999
-0.023990769230769232
0.02795446153846154
0.05862092307692307
0.08219446153846154
0.09116492307692307
0.07009476923076922
0.011056615384615385
-0.0717636923076923
-0.11724184615384614
-0.11682461538461539
-0.09450276923076922
-0.06550523076923077
-0.037342153846153844
-0.006675692307692307
0.03901107692307692
0.06884307692307692
0.06863446153846153
0.024408000000000003
-0.06195876923076923
-0.12350030769230769
-0.14832553846153845
-0.10681107692307691
-0.05173661538461538
-0.01397723076923077
0.040054153846153843
0.07843938461538462
0.13121907692307694
0.16835261538461538
0.1696043076923077
0.13080184615384613
0.046104
-0.011265230769230769
-0.018983999999999997
0.016063384615384615
0.05528307692307692
0.07593599999999999
0.09325107692307691
0.10055261538461538
0.11640738461538462
0.11870215384615385
0.08720123076923077
0.043600615384615383
-0.014185846153846153
-0.02211323076923077
0.016480615384615385
0.05277969230769231
0.10159569230769232
0.11265230769230769
0.10660246153846153
0.10889723076923077
0.09846646153846153
0.08115138461538463
0.02357353846153846
-0.02482523076923077
-0.03713353846153846
-0.02315630769230769
0.021696
0.04631261538461538
0.05444861538461539
0.04819015384615385
0.06216738461538462
0.11035753846153845
0.1422756923076923
0.14436184615384615
0.10868861538461538
0.06487938461538462
0.03150092307692308
0.015646153846153844
0.01981846153846154
0.03275261538461539
0.05799507692307692
0.08323753846153846
0.1097316923076923
0.1353913846153846
0.12955015384615384
0.09429415384615383
0.04672984615384615
0.03296123076923077
0.05799507692307692
0.07468430769230769
0.08177723076923075
0.06967753846153846
0.06905169230769231
0.07384984615384615
0.08156861538461539
0.086784
0.05027630769230769
0.005215384615384615
-0.05319692307692307
-0.06383630769230769
-0.03713353846153846
-0.024199384615384616
-0.002086153846153846
-0.009179076923076922
0.009804923076923077
0.04985907692307692
0.06404492307692307
0.052153846153846155
-0.0006258461538461538
-0.040679999999999994
-0.058829538461538454
-0.05674338461538461
-0.037342153846153844
-0.03713353846153846
-0.04965046153846154
-0.05799507692307692
-0.040054153846153843
-0.009179076923076922
-0.010013538461538461
-0.03629907692307692
-0.07051199999999999
-0.08636676923076922
-0.08115138461538463
-0.07593599999999999
-0.05611753846153846
-0.06028984615384615
-0.05507446153846154
-0.015646153846153844
0.01981846153846154
0.05799507692307692
0.03713353846153846
-0.012308307692307691
-0.06028984615384615
-0.08720123076923077
-0.06446215384615385
-0.05382276923076923
-0.03421292307692308
-0.012516923076923077
0.010848
0.05507446153846154
0.08219446153846154
0.086784
0.05403138461538461
0.006884307692307692
-0.003963692307692307
0.009179076923076922
0.035464615384615386
0.04214030769230769
0.029414769230769227
0.03984553846153846
0.052571076923076915
0.08240307692307691
0.10576799999999999
0.07969107692307692
0.03713353846153846
0.003963692307692307
-0.0002086153846153846
0.016897846153846156
0.02858030769230769
0.021696
0.013142769230769229
0.021278769230769233
0.05027630769230769
0.08302892307692307
0.08073415384615384
0.05820369230769231
0.03233538461538461
0.025659692307692307
0.04756430769230769
0.06362769230769232
0.08177723076923075
0.07364123076923076
0.07656184615384615
0.12496061538461539
0.165432
0.1792006153846154
0.13643446153846153
0.09471138461538461
0.07197230769230768
0.046104
0.05236246153846154
0.031918153846153846
0.007301538461538462
0.008344615384615384
0.017315076923076923
0.06446215384615385
0.09179076923076923
0.08636676923076922
0.05862092307692307
0.015854769230769228
0.02273907692307692
0.04214030769230769
0.03859384615384615
0.018775384615384614
-0.014603076923076923
-0.04109723076923077
-0.05319692307692307
-0.05111076923076923
-0.06717415384615384
-0.0974233846153846
-0.12037107692307693
-0.11160923076923077
-0.06049846153846154
-0.01940123076923077
-0.018358153846153843
-0.03629907692307692
-0.033169846153846154
-0.026285538461538457
-0.01043076923076923
0.02545107692307692
0.02023569230769231
-0.004589538461538461
-0.02273907692307692
-0.02357353846153846
0.004589538461538461
-0.019192615384615384
-0.054657230769230764
-0.08198584615384615
-0.10138707692307691
-0.06341907692307691
-0.040054153846153843
-0.029623384615384614
-0.05048492307692308
-0.084072
-0.07092923076923077
-0.06550523076923077
-0.04693846153846153
