0.015854769230769228
-0.005632615384615384
-0.0016689230769230767
0.015646153846153844
0.03421292307692308
0.05111076923076923
0.054657230769230764
0.054240000000000003
0.05862092307692307
0.07364123076923076
0.09471138461538461
0.078648
0.027120000000000002
-0.028788923076923077
-0.06195876923076923
-0.050067692307692306
-0.02023569230769231
-0.0022947692307692304
-0.011891076923076923
-0.023364923076923075
-0.0035464615384615383
0.029414769230769227
0.051319384615384614
0.028788923076923077
-0.012308307692307691
-0.040054153846153843
-0.04860738461538461
-0.029623384615384614
-0.033169846153846154
-0.06008123076923077
-0.0853236923076923
-0.08302892307692307
-0.044435076923076924
-0.015020307692307692
-0.010639384615384617
-0.029623384615384614
-0.04965046153846154
-0.03942830769230769
-0.007510153846153846
0.019609846153846155
0.008136
-0.03504738461538461
-0.04902461538461538
-0.033169846153846154
-0.0022947692307692304
0.03880246153846154
0.03713353846153846
0.015228923076923076
-0.0016689230769230767
-0.004589538461538461
-0.0008344615384615384
-0.018983999999999997
-0.04130584615384615
-0.05486584615384615
-0.022530461538461537
0.028788923076923077
0.08010830769230769
0.11578153846153846
0.10243015384615384
0.0936683076923077
0.09450276923076922
0.0961716923076923
0.08991323076923076
0.04735569230769231
-0.011682461538461537
-0.04860738461538461
-0.05027630769230769
-0.026285538461538457
-0.005215384615384615
0.0035464615384615383
0.012934153846153845
0.03504738461538461
0.08386338461538462
0.11891076923076922
0.11390399999999999
0.07531015384615385
0.014603076923076923
-0.013560000000000001
0.0
0.027745846153846152
0.047772923076923074
0.02753723076923077
0.0077187692307692304
0.021696
0.03045784615384615
0.016897846153846156
-0.037342153846153844
-0.10722830769230769
-0.13893784615384613
-0.12913292307692306
-0.06905169230769231
-0.007510153846153846
0.02482523076923077
0.06070707692307692
0.08469784615384615
0.09554584615384615
0.09241661538461539
0.047772923076923074
-0.03421292307692308
-0.11202646153846153
-0.1341396923076923
-0.08344615384615384
0.0
0.06446215384615385
0.10076123076923077
0.1205796923076923
0.12412615384615384
0.12516923076923075
0.10639384615384614
0.04401784615384615
-0.018358153846153843
-0.04380923076923077
-0.008136
0.048816000000000005
0.08720123076923077
0.1205796923076923
0.1314276923076923
0.1356
0.13267938461538462
0.09992676923076924
0.03942830769230769
-0.031918153846153846
-0.08887015384615385
-0.0974233846153846
-0.04985907692307692
0.014185846153846153
0.06633969230769231
0.09158215384615384
0.11703323076923078
0.1395636923076923
0.12433476923076923
0.08177723076923075
0.019609846153846155
-0.04401784615384615
-0.07635323076923077
-0.058412307692307694
-0.002086153846153846
0.046104
0.07489292307692308
0.08490646153846154
0.08594953846153845
0.09012184615384615
0.06279323076923077
0.016063384615384615
-0.04568676923076923
-0.09158215384615384
-0.08365476923076923
-0.04756430769230769
0.013351384615384614
0.06821723076923077
0.09262523076923077
0.08761846153846153
0.06675692307692307
0.040054153846153843
-0.010848
-0.0880356923076923
-0.14665661538461539
-0.15208061538461537
-0.12308307692307692
-0.06738276923076922
0.005215384615384615
0.07051199999999999
0.1028473846153846
0.11473846153846154
0.09909230769230769
0.04819015384615385
-0.027120000000000002
-0.1136953846153846
-0.15187199999999998
-0.15166338461538462
-0.10931446153846153
-0.0446436923076923
0.007510153846153846
0.07843938461538462
0.13706030769230768
0.17690584615384616
0.17023015384615386
0.10013538461538461
0.010639384615384617
-0.07468430769230769
-0.10806276923076923
-0.08302892307692307
-0.03671630769230769
0.006258461538461538
0.05048492307692308
0.10222153846153846
0.13497415384615385
0.13518276923076925
0.0936683076923077
0.01397723076923077
-0.06467076923076923
-0.11181784615384616
-0.10722830769230769
-0.06300184615384616
-0.010222153846153844
0.061124307692307686
0.1356
0.192552
0.21967199999999998
0.1990190769230769
0.13998092307692306
0.05799507692307692
0.003963692307692307
-0.006467076923076923
0.009179076923076922
0.05674338461538461
0.10138707692307691
0.13643446153846153
0.16292861538461537
0.17711446153846155
0.17294215384615383
0.11599015384615384
0.04401784615384615
-0.014603076923076923
-0.040679999999999994
-0.03108369230769231
-0.01814953846153846
0.012934153846153845
0.04088861538461538
0.06884307692307692
0.10743692307692307
0.124752
0.10201292307692307
0.02858030769230769
-0.05674338461538461
-0.12955015384615384
-0.16584923076923075
-0.1462393846153846
-0.11223507692307692
-0.061124307692307686
-0.0033378461538461535
0.04902461538461538
0.08448923076923077
0.07656184615384615
0.05090215384615384
-0.008136
-0.07489292307692308
-0.08887015384615385
-0.06571384615384615
-0.03629907692307692
-0.022530461538461537
-0.009596307692307692
0.017523692307692306
0.04088861538461538
