-0.11181784615384616
-0.05236246153846154
-0.002086153846153846
0.05298830769230769
0.09429415384615383
0.12016246153846154
0.14457046153846154
0.12850707692307692
0.07739630769230768
0.0022947692307692304
-0.043600615384615383
-0.03880246153846154
0.0025033846153846152
0.046104
0.06800861538461538
0.06946892307692307
0.06863446153846153
0.08511507692307693
0.08386338461538462
0.06195876923076923
0.017523692307692306
-0.02357353846153846
-0.037342153846153844
-0.03024923076923077
-0.002086153846153846
0.018358153846153843
0.03692492307692308
0.07134646153846153
0.10952307692307692
0.13330523076923076
0.11202646153846153
0.0448523076923077
-0.028371692307692306
-0.06863446153846153
-0.05194523076923077
-0.015854769230769228
0.014811692307692307
0.04526953846153846
0.06154153846153846
0.0771876923076923
0.08907876923076924
0.07677046153846154
0.04214030769230769
-0.016897846153846156
-0.052153846153846155
-0.03984553846153846
-0.021070153846153846
-0.003963692307692307
0.014185846153846153
0.03609046153846154
0.05528307692307692
0.07218092307692307
0.09095630769230768
0.07656184615384615
0.024408000000000003
-0.024199384615384616
-0.052571076923076915
-0.044435076923076924
-0.01940123076923077
-0.0043809230769230765
-0.0008344615384615384
-0.0006258461538461538
0.04422646153846154
0.10472492307692308
0.12621230769230768
0.10535076923076922
0.04526953846153846
-0.003755076923076923
-0.022530461538461537
-0.028163076923076923
-0.02586830769230769
-0.03859384615384615
-0.05319692307692307
-0.03984553846153846
-0.003129230769230769
0.024408000000000003
0.01272553846153846
-0.026494153846153844
-0.06592246153846154
-0.07510153846153846
-0.05236246153846154
-0.02586830769230769
-0.011056615384615385
-0.014185846153846153
-0.013351384615384614
0.014603076923076923
0.040262769230769234
0.05319692307692307
0.03901107692307692
-0.0043809230769230765
-0.031709538461538456
-0.04401784615384615
-0.05111076923076923
-0.06425353846153846
-0.07092923076923077
-0.06633969230769231
-0.03671630769230769
0.023990769230769232
0.07572738461538461
0.09512861538461538
0.058829538461538454
0.015437538461538461
-0.01043076923076923
-0.015020307692307692
0.005841230769230769
0.024616615384615383
0.05590892307692308
0.08824430769230769
0.12662953846153846
0.16480615384615382
0.15395815384615386
0.10243015384615384
0.03859384615384615
-0.007510153846153846
-0.003963692307692307
0.0070929230769230765
0.008970461538461538
0.00855323076923077
0.016897846153846156
0.06800861538461538
0.12099692307692309
0.16042523076923076
0.15562707692307692
0.10555938461538462
0.061124307692307686
0.02545107692307692
0.016897846153846156
0.0016689230769230767
-0.023990769230769232
-0.022530461538461537
0.0012516923076923076
0.042974769230769226
0.06738276923076922
0.05507446153846154
0.005215384615384615
-0.06070707692307692
-0.103056
-0.10430769230769231
-0.07969107692307692
-0.06613107692307692
-0.05048492307692308
-0.015228923076923076
0.03337846153846154
0.08156861538461539
0.09095630769230768
0.04693846153846153
-0.016063384615384615
-0.07489292307692308
-0.09846646153846153
-0.08845292307692308
-0.07843938461538462
-0.06487938461538462
-0.048816000000000005
-0.006258461538461538
0.04839876923076923
0.07113784615384615
0.03984553846153846
-0.03212676923076923
-0.086784
-0.09784061538461537
-0.073224
-0.04088861538461538
-0.016063384615384615
-0.0077187692307692304
0.0002086153846153846
0.031918153846153846
0.056951999999999996
0.051528
0.004798153846153846
-0.056326153846153845
-0.09554584615384615
-0.11640738461538462
-0.10096984615384616
-0.08156861538461539
-0.07343261538461537
-0.043600615384615383
-0.006884307692307692
0.0446436923076923
0.06842584615384616
0.04526953846153846
0.0014603076923076922
-0.06133292307692308
-0.09533723076923077
-0.09304246153846155
-0.07885661538461539
-0.06967753846153846
-0.05277969230769231
-0.007927384615384614
0.04088861538461538
0.07364123076923076
0.06529661538461538
0.019609846153846155
-0.03838523076923077
-0.07572738461538461
-0.07051199999999999
-0.04193169230769231
-0.010639384615384617
-0.0022947692307692304
-0.003755076923076923
0.026285538461538457
0.06195876923076923
0.08031692307692308
0.065088
0.02044430769230769
-0.011056615384615385
-0.03045784615384615
-0.015646153846153844
0.010013538461538461
0.022947692307692308
0.04214030769230769
0.055491692307692304
0.07906523076923076
0.103056
0.10472492307692308
0.06800861538461538
0.025659692307692307
0.019609846153846155
0.02273907692307692
0.02357353846153846
0.011265230769230769
-0.014811692307692307
-0.018983999999999997
0.011473846153846154
0.05507446153846154
0.06467076923076923
0.03755076923076923
0.0043809230769230765
-0.026911384615384615
-0.024408000000000003
0.0025033846153846152
0.012934153846153845
0.004798153846153846
-0.005424
0.006467076923076923
0.03921969230769231
0.059038153846153844
0.045895384615384616
0.013560000000000001
-0.019609846153846155
-0.02044430769230769
0.006049846153846154
0.030040615384615384
0.037342153846153844
0.017315076923076923
