0.058412307692307694
0.06425353846153846
0.05403138461538461
0.06821723076923077
0.08010830769230769
0.05507446153846154
0.02211323076923077
-0.024616615384615383
-0.053614153846153846
-0.04422646153846154
-0.018358153846153843
0.010848
0.010222153846153844
0.018983999999999997
0.044435076923076924
0.06195876923076923
0.05674338461538461
0.013768615384615384
-0.02044430769230769
-0.06529661538461538
-0.07593599999999999
-0.04401784615384615
-0.027328615384615382
-0.009596307692307692
-0.0016689230769230767
0.02086153846153846
0.04735569230769231
0.06633969230769231
0.06154153846153846
0.01814953846153846
-0.01668923076923077
-0.031918153846153846
-0.011056615384615385
0.012099692307692308
0.01981846153846154
0.032544
0.03609046153846154
0.052571076923076915
0.06529661538461538
0.051528
0.011473846153846154
-0.03775938461538462
-0.05090215384615384
-0.035255999999999996
-0.006884307692307692
0.029623384615384614
0.04985907692307692
0.059872615384615385
0.06967753846153846
0.08031692307692308
0.08991323076923076
0.05945538461538461
0.007927384615384614
-0.03108369230769231
-0.05674338461538461
-0.04214030769230769
-0.014811692307692307
-0.011265230769230769
-0.01668923076923077
-0.010013538461538461
0.007301538461538462
0.03150092307692308
0.0448523076923077
0.04631261538461538
0.052571076923076915
0.06487938461538462
0.0892873846153846
0.10639384615384614
0.09012184615384615
0.035255999999999996
-0.005841230769230769
-0.014394461538461538
0.010639384615384617
0.06195876923076923
0.08386338461538462
0.08636676923076922
0.0853236923076923
0.09304246153846155
0.1028473846153846
0.09554584615384615
0.06446215384615385
0.007510153846153846
-0.03024923076923077
-0.035255999999999996
-0.02044430769230769
0.006049846153846154
0.02753723076923077
0.047981538461538464
0.062376
0.05945538461538461
0.04631261538461538
-0.0002086153846153846
-0.05653476923076922
-0.08761846153846153
-0.08073415384615384
-0.03379569230769231
0.012934153846153845
0.06028984615384615
0.07426707692307692
0.07134646153846153
0.08073415384615384
0.06133292307692308
0.02273907692307692
-0.04714707692307692
-0.09450276923076922
-0.10910584615384614
-0.10743692307692307
-0.05820369230769231
-0.012099692307692308
0.026285538461538457
0.04819015384615385
0.07906523076923076
0.10848000000000001
0.08219446153846154
0.026285538461538457
-0.058829538461538454
-0.14790830769230767
-0.1869193846153846
-0.165432
-0.10389046153846154
-0.03337846153846154
0.026494153846153844
0.08302892307692307
0.11473846153846154
0.11098338461538461
0.06404492307692307
-0.023782153846153845
-0.10597661538461538
-0.12996738461538462
-0.09158215384615384
-0.037967999999999995
0.021278769230769233
0.056326153846153845
0.07238953846153846
0.08094276923076923
0.08887015384615385
0.08949599999999999
0.026494153846153844
-0.05069353846153846
-0.10076123076923077
-0.10868861538461538
-0.07823076923076923
-0.037967999999999995
0.017940923076923077
0.06216738461538462
0.10576799999999999
0.1356
0.12433476923076923
0.07802215384615384
0.003129230769230769
-0.052571076923076915
-0.08428061538461538
-0.0853236923076923
-0.04130584615384615
0.0008344615384615384
0.03692492307692308
0.078648
0.13101046153846155
0.17502830769230768
0.1635544615384615
0.11536430769230768
0.021278769230769233
-0.05736923076923077
-0.05716061538461538
-0.023364923076923075
0.04819015384615385
0.11599015384615384
0.16856123076923077
0.21132738461538458
0.2209236923076923
0.20256553846153844
0.12496061538461539
0.017732307692307693
-0.06028984615384615
-0.08845292307692308
-0.06821723076923077
-0.027745846153846152
0.03275261538461539
0.08845292307692308
0.12850707692307692
0.16230276923076925
0.1666836923076923
0.1356
0.053614153846153846
-0.026911384615384615
-0.06696553846153847
-0.06988615384615385
-0.03379569230769231
-0.004589538461538461
0.024199384615384616
0.05090215384615384
0.09158215384615384
0.138312
0.12704676923076924
0.07197230769230768
-0.008344615384615384
-0.07343261538461537
-0.09971815384615385
-0.08115138461538463
-0.016480615384615385
0.02753723076923077
0.059872615384615385
0.09971815384615385
0.12016246153846154
0.12850707692307692
0.078648
-0.011056615384615385
-0.084072
-0.13768615384615385
-0.13330523076923076
-0.10013538461538461
-0.06467076923076923
-0.018775384615384614
0.03692492307692308
0.10368184615384615
0.12683815384615382
0.09721476923076922
0.015646153846153844
-0.08740984615384616
-0.15291507692307693
-0.1639716923076923
-0.10994030769230768
-0.053614153846153846
-0.004172307692307692
0.04526953846153846
0.08469784615384615
0.12224861538461537
0.10868861538461538
0.06195876923076923
-0.013142769230769229
-0.08219446153846154
-0.09491999999999999
-0.07656184615384615
-0.021070153846153846
0.021904615384615383
0.04965046153846154
0.08782707692307692
0.12099692307692309
0.14540492307692307
0.1097316923076923
0.033169846153846154
-0.042557538461538466
-0.08845292307692308
-0.0855323076923077
