-0.023990769230769232
-0.009179076923076922
0.014394461538461538
0.021696
0.0029206153846153843
-0.0018775384615384615
0.013560000000000001
0.043392
0.046104
0.022530461538461537
0.0035464615384615383
-0.008970461538461538
0.00855323076923077
0.043392
0.042974769230769226
0.003755076923076923
-0.035255999999999996
-0.032544
-0.008136
0.006049846153846154
0.02273907692307692
0.017315076923076923
0.011265230769230769
0.010848
0.01940123076923077
0.014185846153846153
-0.051319384615384614
-0.11891076923076922
-0.15103753846153847
-0.12516923076923075
-0.0717636923076923
-0.014394461538461538
0.040262769230769234
0.06529661538461538
0.08761846153846153
0.08699261538461538
0.07739630769230768
0.03921969230769231
-0.03650769230769231
-0.08636676923076922
-0.10764553846153846
-0.07969107692307692
-0.03421292307692308
0.0029206153846153843
0.034630153846153845
0.065088
0.10722830769230769
0.12245723076923076
0.10138707692307691
0.04631261538461538
-0.03421292307692308
-0.07238953846153846
-0.056951999999999996
-0.02044430769230769
0.02023569230769231
0.03692492307692308
0.04944184615384615
0.06800861538461538
0.07697907692307693
0.06821723076923077
0.028371692307692306
-0.03337846153846154
-0.09116492307692307
-0.09950953846153845
-0.05757784615384615
0.007301538461538462
0.06550523076923077
0.08615815384615384
0.10555938461538462
0.12642092307692307
0.12037107692307693
0.08490646153846154
0.02044430769230769
-0.041514461538461535
-0.061750153846153844
-0.02357353846153846
0.031918153846153846
0.08907876923076924
0.12955015384615384
0.13184492307692308
0.14206707692307693
0.13601723076923075
0.09950953846153845
0.040262769230769234
-0.03275261538461539
-0.08782707692307692
-0.10472492307692308
-0.06133292307692308
-0.009596307692307692
0.03504738461538461
0.06717415384615384
0.08115138461538463
0.09325107692307691
0.06571384615384615
0.006467076923076923
-0.07364123076923076
-0.14311015384615386
-0.15875630769230767
-0.1476996923076923
-0.10931446153846153
-0.058829538461538454
-0.008970461538461538
0.041514461538461535
0.06070707692307692
0.06884307692307692
0.03379569230769231
-0.03921969230769231
-0.09053907692307692
-0.12350030769230769
-0.10639384615384614
-0.06049846153846154
-0.01272553846153846
0.026494153846153844
0.03838523076923077
0.06675692307692307
0.08761846153846153
0.08198584615384615
0.04860738461538461
-0.020652923076923076
-0.06592246153846154
-0.06967753846153846
-0.04401784615384615
-0.02482523076923077
-0.01043076923076923
0.020652923076923076
0.04401784615384615
0.0771876923076923
0.07969107692307692
0.03629907692307692
-0.028163076923076923
-0.0855323076923077
-0.0961716923076923
-0.09116492307692307
-0.07197230769230768
-0.035255999999999996
0.0018775384615384615
0.03775938461538462
0.08219446153846154
0.12558646153846154
0.13059323076923077
0.07426707692307692
-0.006884307692307692
-0.058829538461538454
-0.08115138461538463
-0.06717415384615384
-0.03108369230769231
0.017315076923076923
0.06404492307692307
0.09909230769230769
0.13080184615384613
0.12120553846153845
0.07697907692307693
0.01814953846153846
-0.035464615384615386
-0.059872615384615385
-0.058829538461538454
-0.04380923076923077
-0.02524246153846154
0.0012516923076923076
0.03609046153846154
0.06800861538461538
0.0897046153846154
0.08177723076923075
0.04047138461538462
-0.014394461538461538
-0.04944184615384615
-0.03045784615384615
0.016480615384615385
0.05048492307692308
0.07113784615384615
0.10159569230769232
0.138312
0.16480615384615382
0.16188553846153847
0.119328
0.05486584615384615
-0.005632615384615384
-0.005841230769230769
0.031709538461538456
0.058412307692307694
0.08344615384615384
0.09387692307692307
0.11765907692307691
0.13726892307692307
0.14206707692307693
0.127464
0.05736923076923077
0.009179076923076922
-0.012308307692307691
-0.011265230769230769
0.005215384615384615
0.009179076923076922
0.03483876923076923
0.04422646153846154
0.065088
0.09846646153846153
0.09763200000000001
0.061124307692307686
-0.017940923076923077
-0.06592246153846154
-0.07364123076923076
-0.05716061538461538
-0.011265230769230769
0.01940123076923077
0.043600615384615383
0.07155507692307693
0.10952307692307692
0.12996738461538462
0.09179076923076923
0.03880246153846154
-0.008970461538461538
-0.03066646153846154
-0.021278769230769233
-0.010222153846153844
-0.0016689230769230767
-0.02044430769230769
-0.013142769230769229
0.028788923076923077
0.052153846153846155
0.06946892307692307
0.026911384615384615
-0.03129230769230769
-0.03921969230769231
-0.024408000000000003
0.013560000000000001
0.027745846153846152
0.017940923076923077
0.005632615384615384
0.017732307692307693
0.052153846153846155
0.07051199999999999
0.05945538461538461
0.005424
-0.03400430769230769
-0.04860738461538461
-0.047772923076923074
-0.038176615384615385
-0.03921969230769231
-0.014394461538461538
0.01981846153846154
0.073224
0.1341396923076923
0.14790830769230767
0.12037107692307693
