0.052153846153846155
0.07593599999999999
0.08031692307692308
0.051319384615384614
-0.0043809230769230765
-0.03567323076923076
-0.051319384615384614
-0.040679999999999994
-0.015020307692307692
-0.001043076923076923
0.015020307692307692
0.03588184615384615
0.07113784615384615
0.09450276923076922
0.08845292307692308
0.06905169230769231
0.04401784615384615
0.04088861538461538
0.05048492307692308
0.06008123076923077
0.06633969230769231
0.04902461538461538
0.03880246153846154
0.05507446153846154
0.08177723076923075
0.09491999999999999
0.06362769230769232
0.014603076923076923
-0.013142769230769229
-0.015228923076923076
0.01272553846153846
0.049233230769230765
0.05820369230769231
0.04652123076923077
0.047981538461538464
0.05111076923076923
0.040054153846153843
0.004172307692307692
-0.04380923076923077
-0.08156861538461539
-0.09909230769230769
-0.07510153846153846
-0.04756430769230769
-0.030875076923076922
-0.018775384615384614
-0.003129230769230769
0.03400430769230769
0.054240000000000003
0.054240000000000003
0.016480615384615385
-0.06133292307692308
-0.111192
-0.12579507692307693
-0.10472492307692308
-0.07238953846153846
-0.04109723076923077
0.015020307692307692
0.06696553846153847
0.11432123076923076
0.12725538461538463
0.07697907692307693
-0.0043809230769230765
-0.07969107692307692
-0.09763200000000001
-0.07092923076923077
-0.024408000000000003
0.02357353846153846
0.05924676923076923
0.08699261538461538
0.09784061538461537
0.0897046153846154
0.05674338461538461
0.0077187692307692304
-0.04985907692307692
-0.08344615384615384
-0.07301538461538462
-0.04819015384615385
-0.02023569230769231
0.008761846153846153
0.03483876923076923
0.06717415384615384
0.07948246153846153
0.04756430769230769
-0.014394461538461538
-0.0974233846153846
-0.1597993846153846
-0.17315076923076922
-0.14811692307692306
-0.1028473846153846
-0.041514461538461535
0.01814953846153846
0.0678
0.10639384615384614
0.11286092307692308
0.07802215384615384
-0.008970461538461538
-0.09304246153846155
-0.13247076923076923
-0.12934153846153845
-0.09053907692307692
-0.04672984615384615
0.005424
0.06884307692307692
0.11599015384615384
0.13184492307692308
0.0853236923076923
-0.007510153846153846
-0.09450276923076922
-0.14728246153846153
-0.12621230769230768
-0.07343261538461537
-0.013768615384615384
0.029623384615384614
0.055491692307692304
0.08866153846153846
0.09554584615384615
0.086784
0.03984553846153846
-0.026911384615384615
-0.06529661538461538
-0.0717636923076923
-0.041514461538461535
-0.005215384615384615
0.02858030769230769
0.042348923076923076
0.05382276923076923
0.07927384615384615
0.07927384615384615
0.06028984615384615
0.00855323076923077
-0.051319384615384614
-0.0717636923076923
-0.053405538461538456
-0.0050067692307692304
0.04965046153846154
0.09304246153846155
0.11619876923076923
0.13330523076923076
0.13476553846153844
0.11828492307692307
0.06988615384615385
-0.019609846153846155
-0.08240307692307691
-0.08448923076923077
-0.03066646153846154
0.032544
0.06821723076923077
0.07948246153846153
0.08740984615384616
0.12120553846153845
0.1422756923076923
0.12788123076923075
0.08574092307692306
0.028371692307692306
0.004172307692307692
0.013560000000000001
0.0446436923076923
0.0892873846153846
0.11077476923076923
0.11953661538461538
0.12141415384615384
0.1028473846153846
0.08073415384615384
0.04109723076923077
-0.0022947692307692304
-0.01940123076923077
-0.014185846153846153
0.02753723076923077
0.05674338461538461
0.07551876923076924
0.10639384615384614
0.11411261538461538
0.12788123076923075
0.11745046153846153
0.08365476923076923
0.035464615384615386
-0.03066646153846154
-0.052571076923076915
-0.04422646153846154
-0.03045784615384615
-0.02586830769230769
-0.014603076923076923
0.019192615384615384
0.033169846153846154
0.040679999999999994
0.04526953846153846
0.02545107692307692
0.0016689230769230767
-0.026285538461538457
-0.028788923076923077
-0.009596307692307692
-0.0018775384615384615
-0.007510153846153846
-0.02023569230769231
-0.008136
-0.011265230769230769
-0.03045784615384615
-0.05611753846153846
-0.09784061538461537
-0.12433476923076923
-0.11494707692307692
-0.07134646153846153
-0.03421292307692308
-0.008970461538461538
0.010013538461538461
0.027328615384615382
0.049233230769230765
0.051319384615384614
0.02858030769230769
-0.011473846153846154
-0.04735569230769231
-0.05277969230769231
-0.04193169230769231
-0.025033846153846153
-0.012934153846153845
-0.016063384615384615
0.008136
0.04380923076923077
0.06216738461538462
0.07677046153846154
0.06362769230769232
0.04401784615384615
0.03337846153846154
0.043600615384615383
0.06571384615384615
0.07051199999999999
0.06800861538461538
0.06279323076923077
0.08073415384615384
0.10785415384615385
0.11035753846153845
0.07384984615384615
0.017315076923076923
-0.01981846153846154
-0.010848
0.03859384615384615
0.07843938461538462
0.10076123076923077
0.116616
0.1287156923076923
0.14999446153846155
0.15875630769230767
0.138312
0.09804923076923076
