0.07113784615384615
0.10096984615384616
0.13080184615384613
0.11077476923076923
0.05069353846153846
-0.03567323076923076
-0.08949599999999999
-0.11286092307692308
-0.09867507692307692
-0.06759138461538462
-0.050067692307692306
-0.008970461538461538
0.015228923076923076
0.03296123076923077
0.03880246153846154
-0.0022947692307692304
-0.06195876923076923
-0.12788123076923075
-0.14206707692307693
-0.1178676923076923
-0.08699261538461538
-0.04088861538461538
-0.008344615384615384
0.035464615384615386
0.06926030769230769
0.08615815384615384
0.0826116923076923
0.026285538461538457
-0.05069353846153846
-0.1070196923076923
-0.0936683076923077
-0.06049846153846154
-0.04756430769230769
-0.02211323076923077
0.012934153846153845
0.059038153846153844
0.07405846153846153
0.0717636923076923
0.04401784615384615
-0.04276615384615385
-0.09825784615384614
-0.11244369230769231
-0.08761846153846153
-0.03400430769230769
-0.0029206153846153843
0.037967999999999995
0.06592246153846154
0.0853236923076923
0.092208
0.05403138461538461
0.009179076923076922
-0.035464615384615386
-0.05069353846153846
-0.03629907692307692
0.0002086153846153846
0.05090215384615384
0.1028473846153846
0.14749107692307692
0.16459753846153846
0.18212123076923076
0.1656406153846154
0.10138707692307691
0.02086153846153846
-0.03671630769230769
-0.029414769230769227
0.005424
0.04965046153846154
0.10138707692307691
0.13205353846153844
0.14978584615384616
0.15103753846153847
0.12537784615384615
0.07510153846153846
-0.0070929230769230765
-0.09429415384615383
-0.13351384615384615
-0.11640738461538462
-0.08386338461538462
-0.029623384615384614
0.03233538461538461
0.078648
0.11911938461538461
0.11870215384615385
0.073224
-0.016063384615384615
-0.11390399999999999
-0.15687876923076924
-0.1570873846153846
-0.10827138461538462
-0.04401784615384615
0.011891076923076923
0.07134646153846153
0.10618523076923077
0.12037107692307693
0.09450276923076922
0.021278769230769233
-0.07134646153846153
-0.14102399999999998
-0.15124615384615384
-0.10764553846153846
-0.032544
0.025033846153846153
0.0717636923076923
0.10848000000000001
0.11557292307692307
0.10681107692307691
0.042348923076923076
-0.04985907692307692
-0.12850707692307692
-0.1802436923076923
-0.1721076923076923
-0.14811692307692306
-0.10368184615384615
-0.0448523076923077
0.008761846153846153
0.06863446153846153
0.08782707692307692
0.06341907692307691
-0.0029206153846153843
-0.09283384615384616
-0.14749107692307692
-0.15625292307692307
-0.11327815384615383
-0.047772923076923074
0.015646153846153844
0.06362769230769232
0.084072
0.1178676923076923
0.13038461538461538
0.09116492307692307
0.017315076923076923
-0.06988615384615385
-0.10806276923076923
-0.10514215384615383
-0.07113784615384615
-0.0014603076923076922
0.05924676923076923
0.11473846153846154
0.168144
0.19067446153846154
0.16876984615384616
0.09199938461538461
-0.003129230769230769
-0.06467076923076923
-0.07677046153846154
-0.042974769230769226
0.0014603076923076922
0.045895384615384616
0.09074769230769231
0.12516923076923075
0.14311015384615386
0.1356
0.09867507692307692
0.03442153846153846
-0.005424
-0.009596307692307692
0.010848
0.05486584615384615
0.07614461538461538
0.09763200000000001
0.1314276923076923
0.16021661538461537
0.16689230769230767
0.12558646153846154
0.0717636923076923
0.021487384615384613
-0.013768615384615384
-0.016063384615384615
0.008970461538461538
0.04526953846153846
0.06863446153846153
0.10055261538461538
0.14999446153846155
0.18399876923076922
0.18525046153846153
0.13914646153846155
0.06696553846153847
0.0014603076923076922
-0.031918153846153846
-0.029414769230769227
-0.01856676923076923
-0.003963692307692307
0.004798153846153846
0.02795446153846154
0.06300184615384616
0.08657538461538461
0.07656184615384615
0.026494153846153844
-0.013142769230769229
-0.03066646153846154
-0.024199384615384616
-0.014185846153846153
-0.021904615384615383
-0.027745846153846152
-0.015228923076923076
0.021904615384615383
0.06362769230769232
0.07134646153846153
0.03108369230769231
-0.025659692307692307
-0.054240000000000003
-0.03129230769230769
-0.004172307692307692
0.0070929230769230765
0.015020307692307692
0.011056615384615385
0.03379569230769231
0.058829538461538454
0.06279323076923077
0.043392
-0.016480615384615385
-0.06821723076923077
-0.0934596923076923
-0.08490646153846154
-0.06967753846153846
-0.06946892307692307
-0.05674338461538461
-0.028788923076923077
0.025659692307692307
0.07197230769230768
0.07113784615384615
0.03108369230769231
-0.028788923076923077
-0.0771876923076923
-0.08219446153846154
-0.06967753846153846
-0.06133292307692308
-0.03629907692307692
-0.011891076923076923
0.042348923076923076
0.11035753846153845
0.1353913846153846
0.11077476923076923
0.04944184615384615
-0.008136
-0.040679999999999994
-0.03650769230769231
-0.04047138461538462
-0.06008123076923077
-0.05778646153846154
-0.033169846153846154
0.02795446153846154
0.086784
0.08949599999999999
