0.04631261538461538
0.07238953846153846
0.04214030769230769
-0.01814953846153846
-0.06216738461538462
-0.07113784615384615
-0.04172307692307692
-0.023364923076923075
-0.008970461538461538
0.0006258461538461538
0.01710646153846154
0.06070707692307692
0.08344615384615384
0.07635323076923077
0.03066646153846154
-0.014394461538461538
-0.03504738461538461
-0.035464615384615386
-0.003755076923076923
0.011265230769230769
-0.003129230769230769
-0.0077187692307692304
0.009596307692307692
0.03921969230769231
0.056326153846153845
0.03838523076923077
-0.00855323076923077
-0.05570030769230769
-0.06383630769230769
-0.037342153846153844
-0.01043076923076923
0.002712
0.0012516923076923076
-0.010013538461538461
-0.022530461538461537
-0.03275261538461539
-0.059038153846153844
-0.1136953846153846
-0.16251138461538459
-0.1712732307692308
-0.13372246153846154
-0.07802215384615384
-0.02524246153846154
0.02586830769230769
0.06195876923076923
0.08094276923076923
0.08073415384615384
0.04672984615384615
-0.035464615384615386
-0.13768615384615385
-0.2021483076923077
-0.2205064615384615
-0.1858763076923077
-0.11724184615384614
-0.042348923076923076
0.044435076923076924
0.10180430769230768
0.12913292307692306
0.12329169230769231
0.05945538461538461
-0.014603076923076923
-0.08240307692307691
-0.12579507692307693
-0.12391753846153845
-0.09554584615384615
-0.046104
-0.006258461538461538
0.03567323076923076
0.0826116923076923
0.084072
0.04672984615384615
-0.01710646153846154
-0.06863446153846153
-0.09429415384615383
-0.08344615384615384
-0.03442153846153846
0.001043076923076923
0.03024923076923077
0.07051199999999999
0.11035753846153845
0.11557292307692307
0.07405846153846153
0.003963692307692307
-0.0826116923076923
-0.14290153846153844
-0.1462393846153846
-0.10201292307692307
-0.03129230769230769
0.03212676923076923
0.09116492307692307
0.15291507692307693
0.1927606153846154
0.18525046153846153
0.11828492307692307
0.02899753846153846
-0.04672984615384615
-0.06425353846153846
-0.031918153846153846
0.009387692307692307
0.06905169230769231
0.1207883076923077
0.16271999999999998
0.19964492307692308
0.19755876923076923
0.15270646153846154
0.06425353846153846
-0.05027630769230769
-0.1341396923076923
-0.1397723076923077
-0.084072
-0.009179076923076922
0.05862092307692307
0.09575446153846154
0.1341396923076923
0.16063384615384615
0.14811692307692306
0.09825784615384614
0.01710646153846154
-0.04944184615384615
-0.08073415384615384
-0.05236246153846154
-0.0002086153846153846
0.033169846153846154
0.06070707692307692
0.09012184615384615
0.11640738461538462
0.11432123076923076
0.07802215384615384
0.017315076923076923
-0.04714707692307692
-0.08824430769230769
-0.07134646153846153
-0.020652923076923076
0.02211323076923077
0.05799507692307692
0.07739630769230768
0.0892873846153846
0.07614461538461538
0.040262769230769234
-0.03045784615384615
-0.13247076923076923
-0.19463815384615382
-0.1940123076923077
-0.13476553846153844
-0.062376
0.0050067692307692304
0.06341907692307691
0.08887015384615385
0.09408553846153846
0.06800861538461538
0.024199384615384616
-0.047772923076923074
-0.13101046153846155
-0.16480615384615382
-0.14999446153846155
-0.08845292307692308
-0.021278769230769233
0.020652923076923076
0.05778646153846154
0.08949599999999999
0.10555938461538462
0.09450276923076922
0.050067692307692306
-0.0014603076923076922
-0.028163076923076923
-0.016063384615384615
0.0033378461538461535
0.021696
0.05528307692307692
0.08240307692307691
0.11348676923076922
0.12370892307692308
0.10827138461538462
0.07343261538461537
0.008344615384615384
-0.03984553846153846
-0.05799507692307692
-0.047772923076923074
-0.026285538461538457
-0.005215384615384615
0.02899753846153846
0.0744756923076923
0.12600369230769232
0.16000799999999998
0.15625292307692307
0.1028473846153846
0.02858030769230769
-0.015646153846153844
-0.0004172307692307692
0.03629907692307692
0.04944184615384615
0.06863446153846153
0.09137353846153846
0.12329169230769231
0.14749107692307692
0.14477907692307693
0.12516923076923075
0.06863446153846153
0.013142769230769229
-0.007510153846153846
0.01272553846153846
0.03963692307692308
0.04318338461538461
0.062376
0.08657538461538461
0.103056
0.11160923076923077
0.0828203076923077
0.02899753846153846
-0.030875076923076922
-0.0744756923076923
-0.08302892307692307
-0.07134646153846153
-0.05090215384615384
-0.030040615384615384
0.018775384615384614
0.08219446153846154
0.1316363076923077
0.1543753846153846
0.10952307692307692
0.04380923076923077
-0.0035464615384615383
-0.016272
-0.0025033846153846152
-0.008761846153846153
-0.016272
-0.022530461538461537
0.0002086153846153846
0.042557538461538466
0.05736923076923077
0.04526953846153846
-0.0077187692307692304
-0.05382276923076923
-0.06529661538461538
-0.04568676923076923
-0.0025033846153846152
0.015854769230769228
0.03358707692307692
0.06967753846153846
0.11077476923076923
0.14540492307692307
0.13393107692307693
0.07510153846153846
0.0
