0.084072
0.06049846153846154
0.0033378461538461535
-0.03963692307692308
-0.04547815384615384
-0.023990769230769232
-0.0077187692307692304
-0.016480615384615385
-0.013351384615384614
-0.004798153846153846
0.03024923076923077
0.07030338461538461
0.06258461538461538
0.018775384615384614
-0.024199384615384616
-0.030040615384615384
-0.009804923076923077
0.015646153846153844
0.03129230769230769
0.030040615384615384
0.03984553846153846
0.05820369230769231
0.052153846153846155
0.011265230769230769
-0.065088
-0.12266584615384615
-0.1368516923076923
-0.11286092307692308
-0.04819015384615385
0.01814953846153846
0.05444861538461539
0.05590892307692308
0.07238953846153846
0.10076123076923077
0.08365476923076923
0.029414769230769227
-0.042348923076923076
-0.09867507692307692
-0.11223507692307692
-0.06571384615384615
0.012308307692307691
0.06905169230769231
0.11098338461538461
0.15270646153846154
0.18066092307692305
0.16710092307692306
0.1097316923076923
0.02023569230769231
-0.07113784615384615
-0.10201292307692307
-0.07238953846153846
-0.019192615384615384
0.04693846153846153
0.10138707692307691
0.14123261538461537
0.1696043076923077
0.18399876923076922
0.1696043076923077
0.08240307692307691
-0.03421292307692308
-0.10597661538461538
-0.11640738461538462
-0.08428061538461538
-0.02753723076923077
0.04672984615384615
0.08574092307692306
0.11265230769230769
0.13852061538461538
0.12329169230769231
0.06967753846153846
-0.042974769230769226
-0.12683815384615382
-0.15833907692307692
-0.14916
-0.07802215384615384
-0.015437538461538461
0.03880246153846154
0.07843938461538462
0.0974233846153846
0.08782707692307692
0.024199384615384616
-0.05924676923076923
-0.1543753846153846
-0.2342750769230769
-0.23823876923076923
-0.17648861538461538
-0.08386338461538462
0.0002086153846153846
0.07635323076923077
0.1424843076923077
0.14707384615384617
0.12016246153846154
0.05111076923076923
-0.06821723076923077
-0.1656406153846154
-0.2127876923076923
-0.18504184615384617
-0.11619876923076923
-0.02858030769230769
0.07343261538461537
0.13768615384615385
0.18963138461538462
0.2138307692307692
0.18525046153846153
0.11682461538461539
0.03358707692307692
-0.02524246153846154
-0.06279323076923077
-0.06279323076923077
-0.03275261538461539
0.015437538461538461
0.06759138461538462
0.13038461538461538
0.18066092307692305
0.1666836923076923
0.09596307692307693
0.0014603076923076922
-0.06383630769230769
-0.08720123076923077
-0.05319692307692307
0.016272
0.08323753846153846
0.1353913846153846
0.1612596923076923
0.16647507692307692
0.13393107692307693
0.061124307692307686
-0.03984553846153846
-0.10994030769230768
-0.12037107692307693
-0.08594953846153845
-0.038176615384615385
0.009179076923076922
0.07969107692307692
0.14707384615384617
0.19693292307692306
0.2194633846153846
0.20402584615384614
0.13059323076923077
0.03671630769230769
-0.028163076923076923
-0.04839876923076923
-0.03275261538461539
-0.017732307692307693
0.020027076923076922
0.05298830769230769
0.08574092307692306
0.10806276923076923
0.09387692307692307
0.051528
-0.02753723076923077
-0.09053907692307692
-0.12850707692307692
-0.12433476923076923
-0.0897046153846154
-0.0678
-0.05236246153846154
-0.03504738461538461
0.011891076923076923
0.05611753846153846
0.06279323076923077
0.03629907692307692
-0.030040615384615384
-0.09199938461538461
-0.11953661538461538
-0.10681107692307691
-0.073224
-0.053405538461538456
-0.004798153846153846
0.06821723076923077
0.12204
0.13601723076923075
0.08094276923076923
0.0006258461538461538
-0.06571384615384615
-0.09074769230769231
-0.05236246153846154
-0.017940923076923077
0.02086153846153846
0.07343261538461537
0.10806276923076923
0.12433476923076923
0.11494707692307692
0.07531015384615385
0.0035464615384615383
-0.06905169230769231
-0.111192
-0.10660246153846153
-0.0826116923076923
-0.044435076923076924
0.006258461538461538
0.06341907692307691
0.12496061538461539
0.15270646153846154
0.1289243076923077
0.04902461538461538
-0.06800861538461538
-0.15792184615384616
-0.18504184615384617
-0.17628
-0.138312
-0.08428061538461538
-0.030875076923076922
0.03358707692307692
0.0961716923076923
0.12537784615384615
0.10076123076923077
0.02858030769230769
-0.04902461538461538
-0.0855323076923077
-0.08386338461538462
-0.06195876923076923
-0.03921969230769231
-0.020652923076923076
0.006675692307692307
0.03859384615384615
0.059038153846153844
0.034630153846153845
-0.028371692307692306
-0.08636676923076922
-0.1218313846153846
-0.10076123076923077
-0.04714707692307692
-0.005215384615384615
0.03233538461538461
0.07030338461538461
0.11223507692307692
0.13747753846153846
0.1218313846153846
0.058829538461538454
-0.02524246153846154
-0.08156861538461539
-0.09596307692307693
-0.07551876923076924
-0.048816000000000005
-0.03108369230769231
-0.004589538461538461
0.02795446153846154
0.08010830769230769
0.11765907692307691
0.11265230769230769
0.07885661538461539
0.018358153846153843
-0.015854769230769228
