-0.08866153846153846
-0.07906523076923076
-0.06258461538461538
-0.03421292307692308
-0.033169846153846154
-0.009804923076923077
0.012308307692307691
0.011265230769230769
-0.006049846153846154
-0.06529661538461538
-0.11160923076923077
-0.1358086153846154
-0.130176
-0.1151556923076923
-0.10618523076923077
-0.092208
-0.09179076923076923
-0.049233230769230765
0.010013538461538461
0.03379569230769231
0.03108369230769231
-0.0043809230769230765
-0.040262769230769234
-0.050067692307692306
-0.03108369230769231
-0.010013538461538461
-0.014394461538461538
-0.014394461538461538
0.006675692307692307
0.05757784615384615
0.10222153846153846
0.10681107692307691
0.08782707692307692
0.03629907692307692
0.011265230769230769
0.02586830769230769
0.05298830769230769
0.0828203076923077
0.08115138461538463
0.09763200000000001
0.1353913846153846
0.17273353846153844
0.19609846153846153
0.1504116923076923
0.07802215384615384
0.02086153846153846
-0.0008344615384615384
0.014811692307692307
0.021278769230769233
0.023990769230769232
0.02482523076923077
0.05799507692307692
0.11870215384615385
0.1435273846153846
0.13059323076923077
0.07551876923076924
0.015646153846153844
-0.006675692307692307
0.007510153846153846
0.04380923076923077
0.04860738461538461
0.03233538461538461
0.03212676923076923
0.047981538461538464
0.061124307692307686
0.06258461538461538
0.05757784615384615
0.015854769230769228
-0.015854769230769228
-0.014811692307692307
-0.015020307692307692
-0.006884307692307692
-0.028371692307692306
-0.03609046153846154
-0.010639384615384617
0.02211323076923077
0.056326153846153845
0.020027076923076922
-0.045060923076923075
-0.11494707692307692
-0.1639716923076923
-0.15500123076923078
-0.14728246153846153
-0.12955015384615384
-0.12704676923076924
-0.11974523076923077
-0.07843938461538462
-0.04714707692307692
-0.03880246153846154
-0.0892873846153846
-0.14144123076923076
-0.168144
-0.17419384615384614
-0.14457046153846154
-0.13622584615384614
-0.12162276923076921
-0.10159569230769232
-0.0798996923076923
-0.016063384615384615
0.01668923076923077
0.0016689230769230767
-0.03066646153846154
-0.05403138461538461
-0.04401784615384615
-0.021070153846153846
0.0029206153846153843
0.019609846153846155
0.04526953846153846
0.07614461538461538
0.10222153846153846
0.12412615384615384
0.11807630769230769
0.07113784615384615
0.013768615384615384
-0.011056615384615385
0.005424
0.024616615384615383
0.021904615384615383
0.026494153846153844
0.054240000000000003
0.0892873846153846
0.11223507692307692
0.1207883076923077
0.10159569230769232
0.043392
-0.007301538461538462
-0.014185846153846153
-0.005841230769230769
-0.0018775384615384615
0.0004172307692307692
0.01710646153846154
0.04756430769230769
0.0853236923076923
0.12204
0.1207883076923077
0.07760492307692309
0.02899753846153846
0.006258461538461538
0.01043076923076923
0.02315630769230769
0.025033846153846153
0.02044430769230769
0.018775384615384614
0.05111076923076923
0.0988836923076923
0.09137353846153846
0.04380923076923077
-0.015854769230769228
-0.05653476923076922
-0.056951999999999996
-0.04172307692307692
-0.03838523076923077
-0.04902461538461538
-0.03400430769230769
0.005424
0.05298830769230769
0.08615815384615384
0.07092923076923077
0.03337846153846154
-0.009804923076923077
-0.02753723076923077
-0.022530461538461537
-0.009596307692307692
-0.003129230769230769
-0.021904615384615383
-0.009804923076923077
0.03045784615384615
0.09450276923076922
0.11557292307692307
0.07051199999999999
0.037967999999999995
0.01272553846153846
0.008970461538461538
0.033169846153846154
0.04631261538461538
0.02357353846153846
-0.005841230769230769
0.0043809230769230765
0.03588184615384615
0.046104
0.027328615384615382
-0.01710646153846154
-0.04547815384615384
-0.05444861538461539
-0.056951999999999996
-0.03880246153846154
-0.053614153846153846
-0.0717636923076923
-0.05611753846153846
-0.014603076923076923
0.04193169230769231
0.05757784615384615
0.044435076923076924
0.018983999999999997
0.0002086153846153846
0.011265230769230769
0.02211323076923077
0.017732307692307693
-0.0002086153846153846
0.0029206153846153843
0.03880246153846154
0.08469784615384615
0.12037107692307693
0.1151556923076923
0.0892873846153846
0.08240307692307691
0.09512861538461538
0.100344
0.09179076923076923
0.07760492307692309
0.048816000000000005
0.027328615384615382
0.03024923076923077
0.05319692307692307
0.06008123076923077
0.02899753846153846
-0.0016689230769230767
-0.009596307692307692
-0.005215384615384615
-0.0077187692307692304
-0.037342153846153844
-0.09387692307692307
-0.13747753846153846
-0.12537784615384615
-0.07343261538461537
-0.028788923076923077
-0.010639384615384617
-0.01814953846153846
-0.02586830769230769
-0.022530461538461537
-0.013142769230769229
-0.020652923076923076
-0.06717415384615384
-0.0974233846153846
-0.09241661538461539
-0.0678
-0.02524246153846154
0.0006258461538461538
0.009596307692307692
0.006258461538461538
-0.0033378461538461535
0.006049846153846154
-0.0018775384615384615
-0.03609046153846154
