-0.1028473846153846
-0.10201292307692307
-0.03880246153846154
0.015020307692307692
0.05444861538461539
0.09554584615384615
0.0961716923076923
0.092208
0.07218092307692307
0.014394461538461538
-0.06216738461538462
-0.13101046153846155
-0.15646153846153846
-0.130176
-0.07072061538461538
-0.006884307692307692
0.03775938461538462
0.05590892307692308
0.0717636923076923
0.07301538461538462
0.05173661538461538
0.006467076923076923
-0.05444861538461539
-0.0744756923076923
-0.06216738461538462
-0.028371692307692306
0.02044430769230769
0.06550523076923077
0.09512861538461538
0.11557292307692307
0.130176
0.11035753846153845
0.06759138461538462
0.004589538461538461
-0.04631261538461538
-0.05590892307692308
-0.03024923076923077
0.03275261538461539
0.09262523076923077
0.12934153846153845
0.14749107692307692
0.1489513846153846
0.1316363076923077
0.10096984615384616
0.04819015384615385
-0.022947692307692308
-0.052153846153846155
-0.042557538461538466
-0.003963692307692307
0.03609046153846154
0.06446215384615385
0.10555938461538462
0.14060676923076923
0.16710092307692306
0.15374953846153847
0.10555938461538462
0.045895384615384616
-0.0070929230769230765
-0.006258461538461538
0.01668923076923077
0.031918153846153846
0.043600615384615383
0.05403138461538461
0.086784
0.11056615384615384
0.10055261538461538
0.06133292307692308
-0.009596307692307692
-0.06884307692307692
-0.08490646153846154
-0.06592246153846154
-0.03609046153846154
-0.0006258461538461538
0.04985907692307692
0.09491999999999999
0.12808984615384614
0.14331876923076922
0.10889723076923077
0.031918153846153846
-0.053614153846153846
-0.10409907692307692
-0.09283384615384616
-0.06842584615384616
-0.04380923076923077
-0.010013538461538461
0.023782153846153845
0.06592246153846154
0.11995384615384615
0.14811692307692306
0.09700615384615385
0.016480615384615385
-0.051528
-0.08115138461538463
-0.05778646153846154
-0.026702769230769228
0.0043809230769230765
0.02858030769230769
0.05945538461538461
0.10764553846153846
0.124752
0.08740984615384616
0.017315076923076923
-0.05924676923076923
-0.10889723076923077
-0.11473846153846154
-0.0974233846153846
-0.08469784615384615
-0.06633969230769231
-0.018775384615384614
0.03775938461538462
0.08198584615384615
0.07927384615384615
0.025659692307692307
-0.04568676923076923
-0.10368184615384615
-0.0974233846153846
-0.05799507692307692
-0.017315076923076923
0.01940123076923077
0.04714707692307692
0.08177723076923075
0.10472492307692308
0.11703323076923078
0.0961716923076923
0.029206153846153847
-0.03442153846153846
-0.05611753846153846
-0.03233538461538461
0.0077187692307692304
0.04172307692307692
0.06842584615384616
0.1045163076923077
0.14936861538461538
0.1856676923076923
0.1779489230769231
0.10096984615384616
0.027745846153846152
-0.023990769230769232
-0.051528
-0.032544
-0.022530461538461537
-0.005424
0.006467076923076923
0.026285538461538457
0.07823076923076923
0.0826116923076923
0.050067692307692306
-0.00855323076923077
-0.06717415384615384
-0.07697907692307693
-0.06800861538461538
-0.053614153846153846
-0.05820369230769231
-0.06383630769230769
-0.04672984615384615
-0.02524246153846154
0.00855323076923077
0.004798153846153846
-0.03942830769230769
-0.10263876923076923
-0.14707384615384617
-0.12788123076923075
-0.10743692307692307
-0.07760492307692309
-0.054240000000000003
-0.029623384615384614
0.01710646153846154
0.04422646153846154
0.065088
0.023990769230769232
-0.05236246153846154
-0.09784061538461537
-0.11432123076923076
-0.07656184615384615
-0.041514461538461535
-0.033169846153846154
-0.02273907692307692
0.0004172307692307692
0.05277969230769231
0.08761846153846153
0.08010830769230769
0.03650769230769231
-0.02044430769230769
-0.05820369230769231
-0.06842584615384616
-0.03650769230769231
-0.017315076923076923
-0.01814953846153846
0.013560000000000001
0.055491692307692304
0.10409907692307692
0.11682461538461539
0.0961716923076923
0.06446215384615385
0.003963692307692307
-0.003755076923076923
0.02044430769230769
0.040054153846153843
0.042974769230769226
0.02899753846153846
0.05778646153846154
0.08177723076923075
0.10389046153846154
0.09304246153846155
0.02795446153846154
-0.005424
-0.021487384615384613
-0.005841230769230769
0.008970461538461538
0.008970461538461538
0.044435076923076924
0.073224
0.11745046153846153
0.14206707692307693
0.12537784615384615
0.08490646153846154
0.010013538461538461
-0.037967999999999995
-0.06133292307692308
-0.03921969230769231
0.003963692307692307
0.009596307692307692
0.016480615384615385
0.042348923076923076
0.0853236923076923
0.10660246153846153
0.08824430769230769
0.026494153846153844
-0.026702769230769228
-0.026076923076923077
-0.0018775384615384615
0.05111076923076923
0.06300184615384616
0.043392
0.050067692307692306
0.05757784615384615
0.06300184615384616
0.022947692307692308
-0.03650769230769231
-0.09408553846153846
-0.12913292307692306
-0.10910584615384614
-0.09450276923076922
-0.08615815384615384
