0.012516923076923077
0.015228923076923076
0.02023569230769231
0.030875076923076922
0.05590892307692308
0.07134646153846153
0.07259815384615384
0.03045784615384615
-0.013560000000000001
-0.015020307692307692
0.027120000000000002
0.07843938461538462
0.09012184615384615
0.09179076923076923
0.0961716923076923
0.09429415384615383
0.11557292307692307
0.10597661538461538
0.06654830769230768
0.028788923076923077
-0.01397723076923077
-0.009804923076923077
0.012099692307692308
0.021696
0.006049846153846154
-0.027745846153846152
-0.03045784615384615
-0.006675692307692307
0.026494153846153844
0.02232184615384615
-0.013142769230769229
-0.04839876923076923
-0.06321046153846153
-0.03421292307692308
0.00855323076923077
0.02586830769230769
0.014185846153846153
-0.008136
-0.02023569230769231
-0.018358153846153843
-0.016480615384615385
-0.018358153846153843
-0.034630153846153845
-0.04693846153846153
-0.028163076923076923
0.01940123076923077
0.05570030769230769
0.03880246153846154
0.012099692307692308
0.015854769230769228
0.04380923076923077
0.06467076923076923
0.04902461538461538
0.020652923076923076
-0.005841230769230769
-0.009804923076923077
0.01397723076923077
0.016063384615384615
-0.0012516923076923076
-0.05173661538461538
-0.09658892307692307
-0.100344
-0.07843938461538462
-0.04526953846153846
-0.03650769230769231
-0.027120000000000002
-0.02273907692307692
-0.015437538461538461
-0.02023569230769231
-0.0448523076923077
-0.07843938461538462
-0.13747753846153846
-0.15562707692307692
-0.12558646153846154
-0.07635323076923077
-0.020652923076923076
0.01856676923076923
0.05236246153846154
0.08574092307692306
0.09846646153846153
0.08219446153846154
0.04088861538461538
-0.015646153846153844
-0.047981538461538464
-0.04526953846153846
-0.01272553846153846
0.03921969230769231
0.08198584615384615
0.10743692307692307
0.12224861538461537
0.14728246153846153
0.15291507692307693
0.11724184615384614
0.05090215384615384
-0.013768615384615384
-0.03483876923076923
-0.029414769230769227
0.012308307692307691
0.059664
0.08991323076923076
0.1178676923076923
0.1422756923076923
0.1449876923076923
0.08636676923076922
0.012099692307692308
-0.053614153846153846
-0.08448923076923077
-0.06738276923076922
-0.03609046153846154
0.019609846153846155
0.0717636923076923
0.0974233846153846
0.11953661538461538
0.13914646153846155
0.12162276923076921
0.05716061538461538
-0.03045784615384615
-0.08094276923076923
-0.07113784615384615
-0.03024923076923077
0.028788923076923077
0.08511507692307693
0.12662953846153846
0.15875630769230767
0.1869193846153846
0.18107815384615383
0.12496061538461539
0.038176615384615385
-0.05236246153846154
-0.10827138461538462
-0.10994030769230768
-0.054240000000000003
0.005424
0.048816000000000005
0.08386338461538462
0.10722830769230769
0.1449876923076923
0.1424843076923077
0.09158215384615384
0.015020307692307692
-0.05820369230769231
-0.06800861538461538
-0.031709538461538456
0.025033846153846153
0.056951999999999996
0.06613107692307692
0.07197230769230768
0.06967753846153846
0.05799507692307692
0.004172307692307692
-0.06216738461538462
-0.12141415384615384
-0.14874276923076923
-0.09950953846153845
-0.01940123076923077
0.04965046153846154
0.09930092307692308
0.12558646153846154
0.132888
0.1218313846153846
0.07593599999999999
-0.01710646153846154
-0.11056615384615384
-0.16313723076923078
-0.15187199999999998
-0.08699261538461538
-0.009387692307692307
0.05674338461538461
0.08094276923076923
0.09179076923076923
0.09554584615384615
0.06404492307692307
0.01814953846153846
-0.04526953846153846
-0.08636676923076922
-0.08115138461538463
-0.05382276923076923
0.005632615384615384
0.053614153846153846
0.08991323076923076
0.12558646153846154
0.13914646153846155
0.12850707692307692
0.08991323076923076
0.05194523076923077
-0.003755076923076923
-0.03880246153846154
-0.023782153846153845
0.010013538461538461
0.03775938461538462
0.04526953846153846
0.06863446153846153
0.08720123076923077
0.08344615384615384
0.06884307692307692
0.028788923076923077
-0.026285538461538457
-0.05611753846153846
-0.054657230769230764
-0.023990769230769232
-0.006467076923076923
0.005841230769230769
0.026911384615384615
0.01043076923076923
-0.003129230769230769
-0.02899753846153846
-0.07238953846153846
-0.10952307692307692
-0.12934153846153845
-0.11536430769230768
-0.08031692307692308
-0.026702769230769228
0.018358153846153843
0.03921969230769231
0.05111076923076923
0.07885661538461539
0.08323753846153846
0.043600615384615383
-0.013768615384615384
-0.07405846153846153
-0.0892873846153846
-0.06884307692307692
-0.028788923076923077
0.015020307692307692
0.03400430769230769
0.03567323076923076
0.04985907692307692
0.08156861538461539
0.0826116923076923
0.0448523076923077
-0.018358153846153843
-0.06821723076923077
-0.07614461538461538
-0.047981538461538464
-0.0050067692307692304
0.008136
0.016480615384615385
0.04276615384615385
0.07155507692307693
0.07405846153846153
0.03400430769230769
-0.024408000000000003
-0.08699261538461538
-0.11870215384615385
