0.040054153846153843
0.05716061538461538
0.06341907692307691
0.04672984615384615
-0.0016689230769230767
-0.023364923076923075
-0.019609846153846155
0.006258461538461538
0.018983999999999997
0.001043076923076923
-0.010013538461538461
-0.0070929230769230765
0.023364923076923075
0.04276615384615385
0.035255999999999996
0.027120000000000002
0.009804923076923077
0.011473846153846154
0.023990769230769232
0.03984553846153846
0.01272553846153846
-0.03880246153846154
-0.053405538461538456
-0.05820369230769231
-0.03588184615384615
-0.026702769230769228
-0.02899753846153846
-0.03024923076923077
-0.03775938461538462
0.002086153846153846
0.03275261538461539
0.027120000000000002
-0.0008344615384615384
-0.052571076923076915
-0.06967753846153846
-0.07134646153846153
-0.05570030769230769
-0.042557538461538466
-0.06008123076923077
-0.040262769230769234
-0.03713353846153846
-0.045060923076923075
-0.073224
-0.12808984615384614
-0.15374953846153847
-0.17252492307692308
-0.13372246153846154
-0.08323753846153846
-0.03901107692307692
0.0008344615384615384
0.013560000000000001
0.033169846153846154
0.021070153846153846
0.01043076923076923
-0.02273907692307692
-0.07927384615384615
-0.10868861538461538
-0.11578153846153846
-0.06633969230769231
-0.011891076923076923
0.021070153846153846
0.04985907692307692
0.07092923076923077
0.09804923076923076
0.09784061538461537
0.06884307692307692
0.02232184615384615
-0.04631261538461538
-0.084072
-0.08511507692307693
-0.05194523076923077
0.00855323076923077
0.04756430769230769
0.08469784615384615
0.10117846153846152
0.09992676923076924
0.06717415384615384
-0.0004172307692307692
-0.047772923076923074
-0.07092923076923077
-0.03275261538461539
0.010848
0.06446215384615385
0.12308307692307692
0.14519630769230768
0.1704387692307692
0.16876984615384616
0.16710092307692306
0.12788123076923075
0.04672984615384615
-0.0043809230769230765
-0.035464615384615386
-0.021487384615384613
0.02232184615384615
0.07343261538461537
0.11703323076923078
0.13643446153846153
0.1597993846153846
0.1476996923076923
0.10368184615384615
0.055491692307692304
-0.009596307692307692
-0.054657230769230764
-0.06821723076923077
-0.05236246153846154
-0.017940923076923077
0.023782153846153845
0.06613107692307692
0.0934596923076923
0.09179076923076923
0.04088861538461538
-0.022530461538461537
-0.0880356923076923
-0.15354092307692307
-0.1639716923076923
-0.1462393846153846
-0.09846646153846153
-0.041514461538461535
-0.008344615384615384
0.027328615384615382
0.04088861538461538
0.038176615384615385
0.005424
-0.050067692307692306
-0.08866153846153846
-0.10389046153846154
-0.08010830769230769
-0.04401784615384615
-0.010848
0.02211323076923077
0.047772923076923074
0.08219446153846154
0.10806276923076923
0.0855323076923077
0.025659692307692307
-0.03212676923076923
-0.06571384615384615
-0.061124307692307686
-0.03650769230769231
-0.017732307692307693
0.004798153846153846
0.033169846153846154
0.06842584615384616
0.09512861538461538
0.09033046153846153
0.04631261538461538
-0.021070153846153846
-0.07343261538461537
-0.08949599999999999
-0.07238953846153846
-0.040054153846153843
-0.003963692307692307
0.04631261538461538
0.0988836923076923
0.12767261538461538
0.13622584615384614
0.10660246153846153
0.025033846153846153
-0.06633969230769231
-0.12037107692307693
-0.1287156923076923
-0.09471138461538461
-0.04652123076923077
-0.003755076923076923
0.05090215384615384
0.0988836923076923
0.14999446153846155
0.16626646153846153
0.11223507692307692
0.04672984615384615
-0.01981846153846154
-0.05653476923076922
-0.059038153846153844
-0.04819015384615385
-0.03504738461538461
-0.024408000000000003
0.008344615384615384
0.0446436923076923
0.073224
0.05653476923076922
0.004589538461538461
-0.04860738461538461
-0.08615815384615384
-0.06654830769230768
-0.03421292307692308
0.0002086153846153846
0.03233538461538461
0.051528
0.09679753846153846
0.11452984615384615
0.09116492307692307
0.051528
-0.013142769230769229
-0.043392
-0.04672984615384615
-0.03337846153846154
0.01043076923076923
0.03650769230769231
0.06759138461538462
0.09533723076923077
0.13643446153846153
0.1775316923076923
0.15124615384615384
0.0961716923076923
0.016897846153846156
-0.04631261538461538
-0.06800861538461538
-0.07927384615384615
-0.059664
-0.027120000000000002
0.013560000000000001
0.06425353846153846
0.09283384615384616
0.0961716923076923
0.06070707692307692
0.0006258461538461538
-0.03588184615384615
-0.041514461538461535
-0.023782153846153845
-0.0043809230769230765
0.002086153846153846
0.03233538461538461
0.06341907692307691
0.08824430769230769
0.11473846153846154
0.0934596923076923
0.06467076923076923
0.03442153846153846
0.018775384615384614
0.026494153846153844
0.011682461538461537
0.004172307692307692
-0.0016689230769230767
0.019192615384615384
0.06404492307692307
0.08594953846153845
0.09095630769230768
0.073224
0.047772923076923074
0.04172307692307692
0.04193169230769231
0.04109723076923077
0.031709538461538456
0.011891076923076923
