-0.06341907692307691
-0.05069353846153846
-0.044435076923076924
0.0018775384615384615
0.05319692307692307
0.09325107692307691
0.09283384615384616
0.054240000000000003
0.016897846153846156
-0.007927384615384614
0.0033378461538461535
0.01856676923076923
0.012099692307692308
-0.003963692307692307
-0.0022947692307692304
0.022947692307692308
0.05298830769230769
0.06675692307692307
0.032544
-0.03483876923076923
-0.08198584615384615
-0.08907876923076924
-0.05924676923076923
-0.03588184615384615
-0.03024923076923077
0.0077187692307692304
0.05528307692307692
0.09700615384615385
0.10681107692307691
0.06946892307692307
0.023990769230769232
-0.030875076923076922
-0.04672984615384615
-0.026702769230769228
-0.017315076923076923
-0.010013538461538461
-0.00855323076923077
0.01043076923076923
0.03963692307692308
0.055491692307692304
0.05298830769230769
0.02023569230769231
-0.02086153846153846
-0.04109723076923077
-0.021070153846153846
0.020652923076923076
0.0448523076923077
0.04985907692307692
0.04526953846153846
0.054240000000000003
0.06738276923076922
0.05319692307692307
0.01814953846153846
-0.04902461538461538
-0.10076123076923077
-0.10159569230769232
-0.0717636923076923
-0.023990769230769232
-0.0004172307692307692
0.025659692307692307
0.059872615384615385
0.08323753846153846
0.09679753846153846
0.07677046153846154
0.02899753846153846
-0.026702769230769228
-0.03066646153846154
0.006258461538461538
0.025033846153846153
0.014394461538461538
-0.015228923076923076
-0.03629907692307692
-0.051528
-0.04130584615384615
-0.025659692307692307
-0.02858030769230769
-0.03129230769230769
-0.026494153846153844
0.01043076923076923
0.05736923076923077
0.07489292307692308
0.07364123076923076
0.06633969230769231
0.06529661538461538
0.07510153846153846
0.07697907692307693
0.051319384615384614
0.003755076923076923
-0.022947692307692308
-0.015020307692307692
0.028163076923076923
0.0717636923076923
0.07927384615384615
0.08344615384615384
0.08240307692307691
0.09012184615384615
0.0961716923076923
0.07572738461538461
0.03880246153846154
-0.021696
-0.03838523076923077
-0.023364923076923075
0.011891076923076923
0.05799507692307692
0.05716061538461538
0.0609156923076923
0.05799507692307692
0.05319692307692307
0.04318338461538461
0.006884307692307692
-0.021070153846153846
-0.042974769230769226
-0.03108369230769231
-0.0014603076923076922
0.01668923076923077
0.016480615384615385
-0.004589538461538461
-0.014394461538461538
-0.0043809230769230765
0.01940123076923077
0.027745846153846152
0.004798153846153846
-0.0004172307692307692
0.001043076923076923
0.013768615384615384
0.03901107692307692
0.026911384615384615
0.0025033846153846152
-0.029832
-0.028163076923076923
0.006258461538461538
0.013560000000000001
0.0035464615384615383
-0.015228923076923076
-0.015437538461538461
0.011891076923076923
0.04652123076923077
0.07510153846153846
0.07802215384615384
0.06592246153846154
0.059664
0.05319692307692307
0.05403138461538461
0.055491692307692304
0.04714707692307692
0.04401784615384615
0.07134646153846153
0.130176
0.1639716923076923
0.16021661538461537
0.12245723076923076
0.073224
0.047772923076923074
0.045060923076923075
0.059664
0.05319692307692307
0.04693846153846153
0.06738276923076922
0.09679753846153846
0.12996738461538462
0.12099692307692309
0.06738276923076922
0.005424
-0.034630153846153845
-0.023990769230769232
0.010639384615384617
0.027745846153846152
0.02545107692307692
0.01668923076923077
0.010639384615384617
0.028163076923076923
0.031709538461538456
-0.009804923076923077
-0.05799507692307692
-0.09283384615384616
-0.0974233846153846
-0.06821723076923077
-0.03692492307692308
-0.02357353846153846
-0.009596307692307692
0.01814953846153846
0.06446215384615385
0.10618523076923077
0.10409907692307692
0.056951999999999996
-0.02586830769230769
-0.08323753846153846
-0.09012184615384615
-0.07009476923076922
-0.043392
-0.02858030769230769
0.006884307692307692
0.04547815384615384
0.07802215384615384
0.07343261538461537
-0.002086153846153846
-0.09658892307692307
-0.1691870769230769
-0.1910916923076923
-0.1718990769230769
-0.12767261538461538
-0.065088
-0.005632615384615384
0.04693846153846153
0.07927384615384615
0.07489292307692308
0.02232184615384615
-0.062376
-0.12788123076923075
-0.16021661538461537
-0.14311015384615386
-0.08866153846153846
-0.043600615384615383
-0.0022947692307692304
0.03775938461538462
0.086784
0.11536430769230768
0.08782707692307692
0.027328615384615382
-0.0446436923076923
-0.08866153846153846
-0.09700615384615385
-0.059664
0.010848
0.07531015384615385
0.12391753846153845
0.15228923076923076
0.1639716923076923
0.14999446153846155
0.09992676923076924
0.013768615384615384
-0.07426707692307692
-0.11974523076923077
-0.10430769230769231
-0.06070707692307692
-0.015854769230769228
0.040054153846153843
0.10263876923076923
0.14832553846153845
0.15875630769230767
0.11286092307692308
0.017940923076923077
-0.07030338461538461
