-0.053405538461538456
-0.08720123076923077
-0.08469784615384615
-0.0448523076923077
-0.029623384615384614
-0.02086153846153846
-0.00855323076923077
0.012516923076923077
0.056951999999999996
0.0744756923076923
0.07009476923076922
0.016272
-0.04401784615384615
-0.06654830769230768
-0.06884307692307692
-0.04860738461538461
-0.05653476923076922
-0.052153846153846155
-0.015437538461538461
0.040054153846153843
0.09992676923076924
0.100344
0.059038153846153844
-0.007510153846153846
-0.06863446153846153
-0.073224
-0.06759138461538462
-0.06529661538461538
-0.05736923076923077
-0.04631261538461538
-0.004798153846153846
0.037967999999999995
0.06195876923076923
0.03692492307692308
-0.015020307692307692
-0.047772923076923074
-0.07155507692307693
-0.06404492307692307
-0.06675692307692307
-0.07593599999999999
-0.07468430769230769
-0.058829538461538454
0.0
0.04318338461538461
0.03775938461538462
-0.003963692307692307
-0.05048492307692308
-0.06988615384615385
-0.06446215384615385
-0.051319384615384614
-0.037342153846153844
-0.03150092307692308
-0.016897846153846156
0.016272
0.04526953846153846
0.051319384615384614
0.010848
-0.05236246153846154
-0.09074769230769231
-0.08428061538461538
-0.04985907692307692
-0.019192615384615384
0.003755076923076923
0.02545107692307692
0.05069353846153846
0.078648
0.08574092307692306
0.051528
-0.021278769230769233
-0.078648
-0.08636676923076922
-0.04985907692307692
-0.003963692307692307
0.025033846153846153
0.05590892307692308
0.08845292307692308
0.14018953846153845
0.17377661538461536
0.15103753846153847
0.09304246153846155
0.013351384615384614
-0.04109723076923077
-0.05528307692307692
-0.04568676923076923
-0.03150092307692308
-0.027328615384615382
-0.016063384615384615
0.01856676923076923
0.0678
0.09763200000000001
0.09137353846153846
0.058412307692307694
0.013768615384615384
-0.0077187692307692304
-0.005424
-0.0043809230769230765
-0.01043076923076923
-0.022947692307692308
-0.016480615384615385
0.011473846153846154
0.04819015384615385
0.054657230769230764
0.0006258461538461538
-0.051319384615384614
-0.06905169230769231
-0.04547815384615384
-0.0016689230769230767
0.013768615384615384
0.022947692307692308
0.03963692307692308
0.06404492307692307
0.10055261538461538
0.12204
0.09137353846153846
0.03212676923076923
-0.007301538461538462
-0.028163076923076923
-0.020652923076923076
-0.0035464615384615383
-0.004798153846153846
-0.004798153846153846
-0.006467076923076923
0.0050067692307692304
0.03629907692307692
0.02044430769230769
-0.013768615384615384
-0.028163076923076923
-0.026702769230769228
0.01272553846153846
0.05277969230769231
0.078648
0.06425353846153846
0.03609046153846154
0.03838523076923077
0.042557538461538466
0.046104
0.020652923076923076
-0.013142769230769229
-0.028371692307692306
-0.021696
0.014811692307692307
0.031709538461538456
0.02858030769230769
0.025659692307692307
0.03150092307692308
0.05924676923076923
0.09012184615384615
0.09116492307692307
0.056326153846153845
0.02753723076923077
0.013142769230769229
0.014603076923076923
0.026285538461538457
0.006258461538461538
-0.02753723076923077
-0.03650769230769231
-0.03150092307692308
-0.02482523076923077
-0.02211323076923077
-0.04047138461538462
-0.06133292307692308
-0.054657230769230764
-0.014185846153846153
0.03504738461538461
0.05048492307692308
0.02482523076923077
-0.005424
-0.017523692307692306
-0.009804923076923077
0.0035464615384615383
0.0022947692307692304
-0.0016689230769230767
-0.0008344615384615384
0.011056615384615385
0.030875076923076922
0.03921969230769231
0.02232184615384615
-0.0077187692307692304
-0.014603076923076923
0.005841230769230769
0.03921969230769231
0.06279323076923077
0.06613107692307692
0.065088
0.07238953846153846
0.09679753846153846
0.10994030769230768
0.08323753846153846
0.03400430769230769
-0.021278769230769233
-0.044435076923076924
-0.019609846153846155
0.012308307692307691
0.04735569230769231
0.06279323076923077
0.06842584615384616
0.0936683076923077
0.12162276923076921
0.14081538461538462
0.11494707692307692
0.05570030769230769
0.005424
-0.01710646153846154
-0.016897846153846156
-0.0022947692307692304
0.01940123076923077
0.04172307692307692
0.08448923076923077
0.127464
0.14290153846153844
0.10514215384615383
0.017732307692307693
-0.06133292307692308
-0.10222153846153846
-0.09763200000000001
-0.06341907692307691
-0.014394461538461538
0.04193169230769231
0.08782707692307692
0.11953661538461538
0.12934153846153845
0.1045163076923077
0.03901107692307692
-0.04944184615384615
-0.10243015384615384
-0.10743692307692307
-0.09241661538461539
-0.04652123076923077
-0.013768615384615384
0.012099692307692308
0.061750153846153844
0.09971815384615385
0.1218313846153846
0.0936683076923077
0.03671630769230769
-0.022530461538461537
-0.061124307692307686
-0.06008123076923077
-0.0448523076923077
-0.011891076923076923
0.017315076923076923
0.058829538461538454
0.09554584615384615
0.10013538461538461
