-0.0070929230769230765
0.009804923076923077
-0.008136
-0.016480615384615385
-0.015854769230769228
0.028788923076923077
0.059872615384615385
0.07051199999999999
0.06362769230769232
0.028163076923076923
0.029414769230769227
0.042974769230769226
0.05799507692307692
0.05236246153846154
0.025033846153846153
0.016897846153846156
0.006884307692307692
0.020652923076923076
0.03692492307692308
0.012934153846153845
-0.016063384615384615
-0.019609846153846155
0.016063384615384615
0.06133292307692308
0.08782707692307692
0.08094276923076923
0.04693846153846153
0.037967999999999995
0.04902461538461538
0.061750153846153844
0.04735569230769231
0.003129230769230769
-0.017940923076923077
-0.016480615384615385
0.010639384615384617
0.03921969230769231
0.04965046153846154
0.03838523076923077
0.02482523076923077
0.04902461538461538
0.08511507692307693
0.11828492307692307
0.13726892307692307
0.14728246153846153
0.15395815384615386
0.15646153846153846
0.15124615384615384
0.10409907692307692
0.03233538461538461
-0.037342153846153844
-0.07113784615384615
-0.059664
-0.033169846153846154
0.0012516923076923076
0.015020307692307692
0.016897846153846156
0.04109723076923077
0.06759138461538462
0.07468430769230769
0.04172307692307692
-0.019609846153846155
-0.05653476923076922
-0.06446215384615385
-0.03483876923076923
0.0002086153846153846
0.003963692307692307
0.015646153846153844
0.026494153846153844
0.040054153846153843
0.03442153846153846
-0.014394461538461538
-0.073224
-0.11640738461538462
-0.10994030769230768
-0.07656184615384615
-0.031709538461538456
0.017315076923076923
0.04526953846153846
0.09053907692307692
0.1316363076923077
0.15166338461538462
0.11849353846153846
0.01272553846153846
-0.07656184615384615
-0.1368516923076923
-0.14686523076923075
-0.11870215384615385
-0.06717415384615384
-0.011891076923076923
0.012934153846153845
0.05716061538461538
0.08219446153846154
0.065088
0.02211323076923077
-0.05528307692307692
-0.11056615384615384
-0.12642092307692307
-0.1136953846153846
-0.05924676923076923
-0.008136
0.03045784615384615
0.047772923076923074
0.04631261538461538
0.04109723076923077
0.0
-0.06049846153846154
-0.11494707692307692
-0.12016246153846154
-0.08386338461538462
-0.04902461538461538
-0.004589538461538461
0.034630153846153845
0.08177723076923075
0.124752
0.14519630769230768
0.12934153846153845
0.05069353846153846
-0.044435076923076924
-0.11452984615384615
-0.11265230769230769
-0.05924676923076923
0.013351384615384614
0.09450276923076922
0.15208061538461537
0.1927606153846154
0.19317784615384614
0.154584
0.07823076923076923
-0.013142769230769229
-0.06800861538461538
-0.09471138461538461
-0.06884307692307692
-0.007510153846153846
0.05236246153846154
0.11140061538461538
0.15333230769230768
0.20778092307692309
0.21216184615384615
0.15750461538461538
0.08782707692307692
-0.0002086153846153846
-0.04652123076923077
-0.05444861538461539
-0.015646153846153844
0.03212676923076923
0.06967753846153846
0.12913292307692306
0.15667015384615385
0.16981292307692308
0.14436184615384615
0.07113784615384615
0.005424
-0.054657230769230764
-0.049233230769230765
-0.016272
0.001043076923076923
0.03066646153846154
0.055491692307692304
0.10389046153846154
0.13852061538461538
0.1543753846153846
0.12016246153846154
0.010848
-0.06946892307692307
-0.11682461538461539
-0.10576799999999999
-0.06654830769230768
-0.027745846153846152
0.046104
0.09471138461538461
0.14519630769230768
0.1639716923076923
0.1314276923076923
0.07009476923076922
-0.021278769230769233
-0.047981538461538464
-0.03358707692307692
0.0070929230769230765
0.05277969230769231
0.06571384615384615
0.09867507692307692
0.12370892307692308
0.14102399999999998
0.14081538461538462
0.0963803076923077
0.031918153846153846
-0.03671630769230769
-0.05444861538461539
-0.035464615384615386
-0.020652923076923076
-0.013768615384615384
-0.012308307692307691
0.015020307692307692
0.054240000000000003
0.08031692307692308
0.07426707692307692
0.023364923076923075
-0.025033846153846153
-0.041514461538461535
-0.03504738461538461
-0.015646153846153844
0.006258461538461538
0.010013538461538461
-0.006675692307692307
-0.008970461538461538
0.004798153846153846
0.01856676923076923
0.011265230769230769
-0.020652923076923076
-0.04860738461538461
-0.06133292307692308
-0.054657230769230764
-0.032544
-0.006467076923076923
0.006675692307692307
0.03692492307692308
0.10326461538461539
0.14749107692307692
0.14331876923076922
0.08907876923076924
0.019609846153846155
-0.021696
-0.03483876923076923
-0.017315076923076923
-0.013142769230769229
-0.02858030769230769
-0.018775384615384614
0.014394461538461538
0.04860738461538461
0.06404492307692307
0.051319384615384614
0.014185846153846153
-0.018775384615384614
-0.02315630769230769
0.0012516923076923076
0.013768615384615384
0.009596307692307692
0.011265230769230769
0.018775384615384614
0.052153846153846155
0.08010830769230769
0.07489292307692308
0.03567323076923076
