0.006884307692307692
0.0448523076923077
0.06425353846153846
0.045895384615384616
0.030040615384615384
0.042974769230769226
0.06258461538461538
0.049233230769230765
0.015646153846153844
-0.014394461538461538
-0.03129230769230769
-0.016480615384615385
0.012308307692307691
0.026494153846153844
0.011473846153846154
0.009596307692307692
0.016272
0.018983999999999997
0.032544
0.013560000000000001
-0.02357353846153846
-0.05194523076923077
-0.05090215384615384
-0.019609846153846155
0.007927384615384614
0.031709538461538456
0.041514461538461535
0.046104
0.05444861538461539
0.054657230769230764
0.04839876923076923
-0.0006258461538461538
-0.06154153846153846
-0.0897046153846154
-0.08323753846153846
-0.035255999999999996
-0.009179076923076922
0.028788923076923077
0.07656184615384615
0.0988836923076923
0.12287446153846153
0.1028473846153846
0.06487938461538462
0.006467076923076923
-0.06362769230769232
-0.07489292307692308
-0.034630153846153845
0.02899753846153846
0.07781353846153846
0.11452984615384615
0.15604430769230768
0.18066092307692305
0.17502830769230768
0.12704676923076924
0.04819015384615385
-0.034630153846153845
-0.07572738461538461
-0.05590892307692308
-0.019192615384615384
0.026911384615384615
0.062376
0.08782707692307692
0.12245723076923076
0.12204
0.10222153846153846
0.047772923076923074
-0.04109723076923077
-0.08907876923076924
-0.10201292307692307
-0.06821723076923077
-0.014394461538461538
0.021904615384615383
0.05090215384615384
0.07301538461538462
0.09450276923076922
0.08240307692307691
0.01981846153846154
-0.06425353846153846
-0.11599015384615384
-0.1314276923076923
-0.09471138461538461
-0.01397723076923077
0.06028984615384615
0.12767261538461538
0.16167692307692308
0.1704387692307692
0.14540492307692307
0.0717636923076923
-0.009596307692307692
-0.08761846153846153
-0.12162276923076921
-0.09533723076923077
-0.0446436923076923
0.025659692307692307
0.07384984615384615
0.09950953846153845
0.12558646153846154
0.14018953846153845
0.13101046153846155
0.06404492307692307
-0.023364923076923075
-0.10514215384615383
-0.1341396923076923
-0.10848000000000001
-0.08615815384615384
-0.0446436923076923
-0.03129230769230769
-0.021696
0.0025033846153846152
0.009596307692307692
0.016480615384615385
-0.021904615384615383
-0.07134646153846153
-0.08657538461538461
-0.07134646153846153
-0.02357353846153846
0.02211323076923077
0.055491692307692304
0.061750153846153844
0.06154153846153846
0.05924676923076923
0.011056615384615385
-0.05382276923076923
-0.12767261538461538
-0.1693956923076923
-0.15354092307692307
-0.09950953846153845
-0.026285538461538457
0.02273907692307692
0.07426707692307692
0.1178676923076923
0.13852061538461538
0.12287446153846153
0.07113784615384615
-0.0014603076923076922
-0.07885661538461539
-0.11223507692307692
-0.100344
-0.04568676923076923
0.02273907692307692
0.09721476923076922
0.14999446153846155
0.1635544615384615
0.16271999999999998
0.14144123076923076
0.08720123076923077
0.012516923076923077
-0.03045784615384615
-0.025033846153846153
0.0025033846153846152
0.03296123076923077
0.0853236923076923
0.11745046153846153
0.13643446153846153
0.16647507692307692
0.15896492307692306
0.1207883076923077
0.04214030769230769
-0.025033846153846153
-0.05444861538461539
-0.05674338461538461
-0.006675692307692307
0.0446436923076923
0.07635323076923077
0.09784061538461537
0.10910584615384614
0.09679753846153846
0.05194523076923077
-0.007510153846153846
-0.06988615384615385
-0.09325107692307691
-0.07885661538461539
-0.03629907692307692
0.013560000000000001
0.04401784615384615
0.09053907692307692
0.11974523076923077
0.12141415384615384
0.09241661538461539
0.02211323076923077
-0.03880246153846154
-0.09241661538461539
-0.0963803076923077
-0.059038153846153844
-0.01710646153846154
0.022530461538461537
0.042557538461538466
0.08782707692307692
0.11765907692307691
0.1205796923076923
0.0974233846153846
0.027120000000000002
-0.04380923076923077
-0.08720123076923077
-0.09512861538461538
-0.09909230769230769
-0.0936683076923077
-0.08740984615384616
-0.08782707692307692
-0.05382276923076923
-0.009596307692307692
0.020652923076923076
0.03379569230769231
0.017523692307692306
0.0025033846153846152
0.02044430769230769
0.03567323076923076
0.01940123076923077
-0.018358153846153843
-0.056326153846153845
-0.05862092307692307
-0.02795446153846154
0.0004172307692307692
0.0016689230769230767
-0.025659692307692307
-0.04631261538461538
-0.03629907692307692
0.005215384615384615
0.05173661538461538
0.07238953846153846
0.07009476923076922
0.05111076923076923
0.03921969230769231
0.03442153846153846
0.006049846153846154
-0.03629907692307692
-0.08365476923076923
-0.10326461538461539
-0.08177723076923075
-0.054657230769230764
-0.02273907692307692
-0.009387692307692307
0.010639384615384617
0.04318338461538461
0.06279323076923077
0.07531015384615385
0.03609046153846154
-0.018775384615384614
-0.054240000000000003
-0.06195876923076923
-0.02899753846153846
-0.005215384615384615
0.015646153846153844
