0.061750153846153844
0.04693846153846153
0.002086153846153846
-0.029832
-0.04380923076923077
-0.015020307692307692
0.013768615384615384
0.02586830769230769
0.035255999999999996
0.037967999999999995
0.061750153846153844
0.07426707692307692
0.06967753846153846
0.026702769230769228
-0.037967999999999995
-0.07343261538461537
-0.08720123076923077
-0.07113784615384615
-0.06446215384615385
-0.051319384615384614
-0.02586830769230769
0.006884307692307692
0.059664
0.08219446153846154
0.062376
0.011265230769230769
-0.026702769230769228
-0.037342153846153844
-0.02482523076923077
-0.007510153846153846
-0.008970461538461538
-0.013768615384615384
-0.011473846153846154
0.006049846153846154
0.02044430769230769
0.021278769230769233
-0.020652923076923076
-0.0771876923076923
-0.09596307692307693
-0.0855323076923077
-0.05111076923076923
-0.035464615384615386
-0.03045784615384615
-0.021904615384615383
-0.004589538461538461
0.0446436923076923
0.086784
0.07238953846153846
0.009804923076923077
-0.04839876923076923
-0.0717636923076923
-0.052571076923076915
-0.03337846153846154
-0.03421292307692308
-0.041514461538461535
-0.03921969230769231
0.0002086153846153846
0.042557538461538466
0.044435076923076924
0.007927384615384614
-0.03650769230769231
-0.059872615384615385
-0.05069353846153846
-0.02899753846153846
-0.02086153846153846
-0.01856676923076923
-0.011891076923076923
0.010639384615384617
0.037967999999999995
0.031709538461538456
-0.013560000000000001
-0.06967753846153846
-0.11911938461538461
-0.13121907692307694
-0.103056
-0.07531015384615385
-0.06425353846153846
-0.06884307692307692
-0.04401784615384615
0.009596307692307692
0.06070707692307692
0.09158215384615384
0.07426707692307692
0.028163076923076923
-0.014185846153846153
-0.020652923076923076
-0.014603076923076923
-0.026702769230769228
-0.05069353846153846
-0.06717415384615384
-0.040679999999999994
-0.0014603076923076922
0.020027076923076922
0.008970461538461538
-0.03150092307692308
-0.04318338461538461
-0.02482523076923077
0.005841230769230769
0.03942830769230769
0.05653476923076922
0.06967753846153846
0.09846646153846153
0.13455692307692307
0.1462393846153846
0.11870215384615385
0.058412307692307694
-0.004172307692307692
-0.02899753846153846
-0.017523692307692306
0.010222153846153844
0.03150092307692308
0.03296123076923077
0.046104
0.07843938461538462
0.11765907692307691
0.13706030769230768
0.11202646153846153
0.06487938461538462
0.019192615384615384
0.0008344615384615384
-0.0008344615384615384
-0.009804923076923077
-0.033169846153846154
-0.04401784615384615
-0.025033846153846153
0.0033378461538461535
0.03129230769230769
0.03775938461538462
0.024408000000000003
0.009179076923076922
0.008970461538461538
0.03400430769230769
0.040054153846153843
0.021278769230769233
0.0
-0.026494153846153844
-0.021487384615384613
-0.0002086153846153846
-0.005215384615384615
-0.03442153846153846
-0.06133292307692308
-0.053614153846153846
-0.02524246153846154
0.005632615384615384
0.020652923076923076
0.013351384615384614
0.0006258461538461538
0.001043076923076923
0.029206153846153847
0.03650769230769231
-0.0016689230769230767
-0.045895384615384616
-0.06133292307692308
-0.03567323076923076
0.0018775384615384615
0.027120000000000002
0.02315630769230769
-0.0025033846153846152
-0.006258461538461538
0.01814953846153846
0.04172307692307692
0.033169846153846154
0.007510153846153846
-0.008136
0.0012516923076923076
0.02753723076923077
0.06279323076923077
0.06425353846153846
0.023364923076923075
0.0035464615384615383
-0.0022947692307692304
0.012934153846153845
0.035255999999999996
0.04109723076923077
0.028788923076923077
0.011891076923076923
0.016063384615384615
0.032544
0.04172307692307692
0.023990769230769232
0.006049846153846154
-0.008761846153846153
-0.0050067692307692304
0.014394461538461538
0.011265230769230769
-0.0035464615384615383
-0.018358153846153843
-0.004589538461538461
0.026702769230769228
0.04672984615384615
0.043600615384615383
0.009596307692307692
-0.02086153846153846
-0.03921969230769231
-0.03358707692307692
-0.016480615384615385
-0.022947692307692308
-0.022947692307692308
0.009596307692307692
0.06070707692307692
0.09846646153846153
0.10493353846153847
0.08448923076923077
0.04860738461538461
0.03296123076923077
0.029623384615384614
0.03129230769230769
0.04088861538461538
0.03838523076923077
0.04902461538461538
0.07802215384615384
0.10555938461538462
0.12391753846153845
0.10347323076923076
0.054657230769230764
0.02044430769230769
0.01710646153846154
0.03880246153846154
0.052571076923076915
0.05194523076923077
0.053614153846153846
0.07677046153846154
0.11494707692307692
0.143736
0.14540492307692307
0.09971815384615385
0.04902461538461538
0.03045784615384615
0.037967999999999995
0.061124307692307686
0.07113784615384615
0.07280676923076923
0.0880356923076923
0.11745046153846153
0.14123261538461537
0.12850707692307692
0.07238953846153846
-0.0077187692307692304
-0.05590892307692308
-0.04860738461538461
-0.016063384615384615
0.010013538461538461
0.022530461538461537
0.03859384615384615
