-0.09784061538461537
-0.08615815384615384
-0.06216738461538462
-0.04819015384615385
-0.016063384615384615
0.03400430769230769
0.04652123076923077
0.04193169230769231
-0.015020307692307692
-0.07364123076923076
-0.09533723076923077
-0.09429415384615383
-0.06946892307692307
-0.049233230769230765
-0.018983999999999997
0.004798153846153846
0.03129230769230769
0.06926030769230769
0.06759138461538462
0.03942830769230769
-0.018358153846153843
-0.05820369230769231
-0.04902461538461538
-0.03713353846153846
-0.012516923076923077
-0.005632615384615384
0.015437538461538461
0.06258461538461538
0.0936683076923077
0.09909230769230769
0.047981538461538464
-0.006467076923076923
-0.04985907692307692
-0.07301538461538462
-0.04401784615384615
-0.021696
-0.01272553846153846
0.004589538461538461
0.02858030769230769
0.06800861538461538
0.09241661538461539
0.07635323076923077
0.041514461538461535
-0.005215384615384615
-0.03337846153846154
-0.02899753846153846
-0.015854769230769228
-0.006049846153846154
-0.003129230769230769
0.017523692307692306
0.051319384615384614
0.08052553846153847
0.08991323076923076
0.05444861538461539
-0.004589538461538461
-0.03713353846153846
-0.03150092307692308
-0.006675692307692307
0.02211323076923077
0.042557538461538466
0.05319692307692307
0.06654830769230768
0.07823076923076923
0.07426707692307692
0.041514461538461535
-0.016063384615384615
-0.04985907692307692
-0.056951999999999996
-0.024199384615384616
0.03275261538461539
0.046104
0.045895384615384616
0.05486584615384615
0.07781353846153846
0.10138707692307691
0.08824430769230769
0.04714707692307692
-0.017523692307692306
-0.07238953846153846
-0.07823076923076923
-0.05444861538461539
-0.03838523076923077
-0.05403138461538461
-0.061124307692307686
-0.02899753846153846
0.011473846153846154
0.037967999999999995
0.022947692307692308
-0.015020307692307692
-0.04380923076923077
-0.05277969230769231
-0.02795446153846154
-0.02273907692307692
-0.05090215384615384
-0.07405846153846153
-0.07572738461538461
-0.045895384615384616
-0.018775384615384614
-0.007301538461538462
-0.024199384615384616
-0.06341907692307691
-0.06717415384615384
-0.043392
-0.00855323076923077
0.009179076923076922
-0.003755076923076923
-0.0029206153846153843
0.013560000000000001
0.03212676923076923
0.03984553846153846
0.021487384615384613
-0.011056615384615385
-0.017940923076923077
0.009596307692307692
0.04401784615384615
0.07572738461538461
0.07677046153846154
0.05570030769230769
0.04214030769230769
0.04193169230769231
0.05111076923076923
0.03275261538461539
0.0035464615384615383
-0.013560000000000001
-0.016063384615384615
0.011473846153846154
0.03567323076923076
0.03421292307692308
0.009179076923076922
-0.01668923076923077
0.0029206153846153843
0.04568676923076923
0.07259815384615384
0.07092923076923077
0.043600615384615383
0.034630153846153845
0.056951999999999996
0.07948246153846153
0.08010830769230769
0.04985907692307692
0.009387692307692307
-0.01668923076923077
-0.013142769230769229
0.027745846153846152
0.06487938461538462
0.07739630769230768
0.08219446153846154
0.09074769230769231
0.10514215384615383
0.09304246153846155
0.05820369230769231
0.008136
-0.037342153846153844
-0.03108369230769231
0.0014603076923076922
0.03775938461538462
0.06341907692307691
0.07009476923076922
0.08094276923076923
0.0880356923076923
0.092208
0.0798996923076923
0.03504738461538461
-0.01043076923076923
-0.026702769230769228
-0.002086153846153846
0.04526953846153846
0.08156861538461539
0.09450276923076922
0.10201292307692307
0.1097316923076923
0.10681107692307691
0.08991323076923076
0.044435076923076924
-0.019192615384615384
-0.06258461538461538
-0.07405846153846153
-0.05653476923076922
-0.021487384615384613
0.0
0.015854769230769228
0.031918153846153846
0.041514461538461535
0.047772923076923074
0.014185846153846153
-0.03942830769230769
-0.09179076923076923
-0.12329169230769231
-0.10159569230769232
-0.052571076923076915
0.0004172307692307692
0.035464615384615386
0.06300184615384616
0.09679753846153846
0.10806276923076923
0.07301538461538462
-0.007510153846153846
-0.09158215384615384
-0.14164984615384615
-0.13393107692307693
-0.07468430769230769
-0.0014603076923076922
0.07259815384615384
0.12496061538461539
0.1635544615384615
0.1842073846153846
0.16459753846153846
0.10931446153846153
0.03567323076923076
-0.0070929230769230765
-0.01981846153846154
-0.015437538461538461
0.017315076923076923
0.05507446153846154
0.0880356923076923
0.1218313846153846
0.15792184615384616
0.1908830769230769
0.17419384615384614
0.11473846153846154
0.06613107692307692
0.03483876923076923
0.023990769230769232
0.03024923076923077
0.055491692307692304
0.09116492307692307
0.10389046153846154
0.11724184615384614
0.130176
0.11432123076923076
0.07134646153846153
0.004798153846153846
-0.05653476923076922
-0.07426707692307692
-0.03984553846153846
0.023364923076923075
0.08365476923076923
0.13497415384615385
0.18212123076923076
0.19609846153846153
0.16793538461538463
0.10347323076923076
0.00855323076923077
-0.07697907692307693
