-0.04214030769230769
-0.054240000000000003
-0.016272
0.037342153846153844
0.08949599999999999
0.14853415384615384
0.1942209230769231
0.21132738461538458
0.18775384615384613
0.10848000000000001
0.011891076923076923
-0.07134646153846153
-0.10076123076923077
-0.06404492307692307
-0.005424
0.051319384615384614
0.09053907692307692
0.11599015384615384
0.11974523076923077
0.09491999999999999
0.03775938461538462
-0.05486584615384615
-0.14060676923076923
-0.1718990769230769
-0.14686523076923075
-0.09825784615384614
-0.021904615384615383
0.052153846153846155
0.09658892307692307
0.11411261538461538
0.10514215384615383
0.07259815384615384
-0.005424
-0.09387692307692307
-0.146448
-0.14290153846153844
-0.0988836923076923
-0.03609046153846154
0.03400430769230769
0.0853236923076923
0.11578153846153846
0.1287156923076923
0.1045163076923077
0.02858030769230769
-0.05319692307692307
-0.10138707692307691
-0.11640738461538462
-0.10389046153846154
-0.05194523076923077
0.007927384615384614
0.05507446153846154
0.10994030769230768
0.14749107692307692
0.15354092307692307
0.10138707692307691
0.013560000000000001
-0.06300184615384616
-0.11140061538461538
-0.10952307692307692
-0.07384984615384615
-0.03108369230769231
0.012308307692307691
0.05736923076923077
0.08657538461538461
0.09700615384615385
0.08657538461538461
0.03859384615384615
-0.016272
-0.03984553846153846
-0.02044430769230769
0.01272553846153846
0.028163076923076923
0.0446436923076923
0.052153846153846155
0.06341907692307691
0.07593599999999999
0.06216738461538462
0.03984553846153846
-0.015228923076923076
-0.07197230769230768
-0.08323753846153846
-0.05653476923076922
-0.01272553846153846
0.028371692307692306
0.06738276923076922
0.10994030769230768
0.15833907692307692
0.1804523076923077
0.15187199999999998
0.08448923076923077
-0.005424
-0.08386338461538462
-0.10368184615384615
-0.08240307692307691
-0.05778646153846154
-0.03921969230769231
-0.02211323076923077
0.017940923076923077
0.07134646153846153
0.08824430769230769
0.06613107692307692
0.021696
-0.026702769230769228
-0.03609046153846154
-0.017523692307692306
-0.0022947692307692304
0.004589538461538461
0.006049846153846154
0.013351384615384614
0.028163076923076923
0.033169846153846154
0.012934153846153845
-0.024199384615384616
-0.0717636923076923
-0.09679753846153846
-0.06759138461538462
-0.025659692307692307
0.0008344615384615384
0.01043076923076923
0.02086153846153846
0.05528307692307692
0.08302892307692307
0.0771876923076923
0.028371692307692306
-0.04380923076923077
-0.09763200000000001
-0.116616
-0.09325107692307691
-0.058412307692307694
-0.040679999999999994
-0.017315076923076923
0.010848
0.04756430769230769
0.0826116923076923
0.08991323076923076
0.06842584615384616
0.014394461538461538
-0.013560000000000001
-0.003963692307692307
0.02232184615384615
0.04547815384615384
0.049233230769230765
0.06675692307692307
0.08386338461538462
0.10347323076923076
0.09199938461538461
0.03713353846153846
-0.030040615384615384
-0.07739630769230768
-0.06446215384615385
-0.04214030769230769
-0.029623384615384614
-0.01668923076923077
0.0035464615384615383
0.05111076923076923
0.09095630769230768
0.09930092307692308
0.06070707692307692
-0.010639384615384617
-0.07134646153846153
-0.10910584615384614
-0.1028473846153846
-0.08198584615384615
-0.07781353846153846
-0.06863446153846153
-0.042557538461538466
0.007301538461538462
0.042557538461538466
0.04714707692307692
0.013351384615384614
-0.0446436923076923
-0.055491692307692304
-0.043392
-0.003129230769230769
0.03275261538461539
0.04318338461538461
0.065088
0.08031692307692308
0.12558646153846154
0.14144123076923076
0.09992676923076924
0.035464615384615386
-0.03567323076923076
-0.055491692307692304
-0.043392
-0.016063384615384615
0.02023569230769231
0.046104
0.08240307692307691
0.13372246153846154
0.17398523076923075
0.15333230769230768
0.06446215384615385
-0.029623384615384614
-0.08907876923076924
-0.09909230769230769
-0.10138707692307691
-0.10514215384615383
-0.0855323076923077
-0.07656184615384615
-0.051319384615384614
-0.01940123076923077
-0.0025033846153846152
-0.016063384615384615
-0.086784
-0.1218313846153846
-0.11202646153846153
-0.07489292307692308
-0.030875076923076922
-0.014394461538461538
0.0012516923076923076
-0.006049846153846154
0.014394461538461538
0.05444861538461539
0.04672984615384615
-0.0006258461538461538
-0.07030338461538461
-0.09554584615384615
-0.08699261538461538
-0.06675692307692307
-0.03921969230769231
-0.042348923076923076
-0.031709538461538456
-0.011891076923076923
0.02044430769230769
0.03483876923076923
-0.008761846153846153
-0.04088861538461538
-0.06842584615384616
-0.06842584615384616
-0.03609046153846154
-0.014603076923076923
-0.003755076923076923
-0.0077187692307692304
0.0029206153846153843
0.025033846153846153
0.049233230769230765
0.05298830769230769
0.010639384615384617
-0.023364923076923075
-0.02545107692307692
0.0
0.04318338461538461
0.059664
