0.10263876923076923
0.08323753846153846
0.04088861538461538
-0.02044430769230769
-0.0798996923076923
-0.124752
-0.12850707692307692
-0.07092923076923077
0.013351384615384614
0.06154153846153846
0.08135999999999999
0.10368184615384615
0.13184492307692308
0.14123261538461537
0.100344
0.03150092307692308
-0.03880246153846154
-0.08031692307692308
-0.06300184615384616
-0.006884307692307692
0.04526953846153846
0.07677046153846154
0.0988836923076923
0.1289243076923077
0.15333230769230768
0.16501476923076921
0.1397723076923077
0.062376
-0.0070929230769230765
-0.045895384615384616
-0.04526953846153846
-0.021904615384615383
-0.004172307692307692
0.02524246153846154
0.06654830769230768
0.10263876923076923
0.12725538461538463
0.12120553846153845
0.07092923076923077
0.0077187692307692304
-0.04130584615384615
-0.05319692307692307
-0.024616615384615383
0.002086153846153846
0.011891076923076923
0.021070153846153846
0.037342153846153844
0.04547815384615384
0.03275261538461539
-0.004589538461538461
-0.0717636923076923
-0.12099692307692309
-0.12934153846153845
-0.0988836923076923
-0.05298830769230769
-0.03504738461538461
-0.03108369230769231
-0.01397723076923077
0.024199384615384616
0.037342153846153844
0.014811692307692307
-0.03129230769230769
-0.08031692307692308
-0.10514215384615383
-0.11578153846153846
-0.10597661538461538
-0.09700615384615385
-0.08302892307692307
-0.043600615384615383
0.011473846153846154
0.05194523076923077
0.044435076923076924
-0.003963692307692307
-0.078648
-0.11578153846153846
-0.10389046153846154
-0.07843938461538462
-0.047772923076923074
-0.03337846153846154
-0.01272553846153846
0.02023569230769231
0.06592246153846154
0.08991323076923076
0.061750153846153844
0.024199384615384616
-0.02357353846153846
-0.042348923076923076
-0.010848
0.021904615384615383
0.047772923076923074
0.04172307692307692
0.047772923076923074
0.08866153846153846
0.11953661538461538
0.13747753846153846
0.11181784615384616
0.078648
0.06821723076923077
0.07468430769230769
0.10222153846153846
0.10827138461538462
0.09784061538461537
0.09012184615384615
0.0961716923076923
0.12099692307692309
0.12099692307692309
0.09408553846153846
0.05653476923076922
0.03629907692307692
0.06341907692307691
0.10263876923076923
0.11974523076923077
0.10994030769230768
0.09283384615384616
0.08240307692307691
0.08991323076923076
0.09700615384615385
0.061750153846153844
0.0025033846153846152
-0.04839876923076923
-0.06675692307692307
-0.05277969230769231
-0.03296123076923077
-0.008136
0.004589538461538461
0.008344615384615384
0.03379569230769231
0.053614153846153846
0.04130584615384615
0.0016689230769230767
-0.03838523076923077
-0.050067692307692306
-0.04819015384615385
-0.02273907692307692
0.0016689230769230767
-0.003129230769230769
-0.017315076923076923
-0.026076923076923077
-0.005215384615384615
0.01043076923076923
-0.009804923076923077
-0.042974769230769226
-0.06633969230769231
-0.06279323076923077
-0.041514461538461535
-0.027745846153846152
-0.03755076923076923
-0.052153846153846155
-0.05444861538461539
-0.047772923076923074
-0.04172307692307692
-0.05716061538461538
-0.092208
-0.13351384615384615
-0.1462393846153846
-0.11807630769230769
-0.09053907692307692
-0.08177723076923075
-0.08887015384615385
-0.08448923076923077
-0.06487938461538462
-0.04985907692307692
-0.04422646153846154
-0.07301538461538462
-0.11891076923076922
-0.14018953846153845
-0.12037107692307693
-0.058829538461538454
-0.008761846153846153
0.011473846153846154
0.03775938461538462
0.08135999999999999
0.12913292307692306
0.14081538461538462
0.12808984615384614
0.09241661538461539
0.029623384615384614
-0.009804923076923077
-0.017523692307692306
-0.0035464615384615383
-0.011473846153846154
-0.033169846153846154
-0.019609846153846155
0.02899753846153846
0.08177723076923075
0.08511507692307693
0.05611753846153846
0.016063384615384615
-0.019609846153846155
-0.02044430769230769
0.0016689230769230767
0.014603076923076923
-0.009804923076923077
-0.02273907692307692
0.010848
0.04965046153846154
0.06967753846153846
0.04756430769230769
0.0008344615384615384
-0.03108369230769231
-0.04568676923076923
-0.03337846153846154
-0.015228923076923076
-0.015437538461538461
-0.018775384615384614
-0.014185846153846153
0.0016689230769230767
0.03567323076923076
0.06258461538461538
0.04047138461538462
-0.0016689230769230767
-0.02273907692307692
-0.021070153846153846
0.0002086153846153846
-0.003129230769230769
-0.03421292307692308
-0.049233230769230765
-0.025659692307692307
0.03400430769230769
0.06571384615384615
0.05590892307692308
0.014394461538461538
-0.03379569230769231
-0.03692492307692308
-0.009179076923076922
0.03150092307692308
0.05090215384615384
0.05319692307692307
0.06300184615384616
0.073224
0.10180430769230768
0.11911938461538461
0.07948246153846153
0.02586830769230769
0.009179076923076922
0.024199384615384616
0.04860738461538461
0.07510153846153846
0.08866153846153846
0.08240307692307691
0.08302892307692307
0.10263876923076923
0.12162276923076921
0.09784061538461537
