0.07697907692307693
0.06759138461538462
0.049233230769230765
0.051319384615384614
0.06946892307692307
0.08323753846153846
0.08344615384615384
0.06321046153846153
0.04652123076923077
0.04547815384615384
0.05799507692307692
0.07531015384615385
0.06258461538461538
0.03275261538461539
0.01814953846153846
0.03233538461538461
0.07364123076923076
0.10931446153846153
0.1218313846153846
0.1136953846153846
0.11056615384615384
0.12704676923076924
0.13101046153846155
0.10827138461538462
0.054240000000000003
0.018358153846153843
0.011056615384615385
0.017940923076923077
0.03483876923076923
0.024408000000000003
0.015228923076923076
0.01043076923076923
0.034630153846153845
0.06946892307692307
0.07802215384615384
0.07739630769230768
0.053614153846153846
0.031918153846153846
0.013351384615384614
0.009596307692307692
0.012934153846153845
-0.001043076923076923
-0.004589538461538461
0.0077187692307692304
0.03671630769230769
0.05757784615384615
0.04088861538461538
0.0
-0.04860738461538461
-0.06863446153846153
-0.042557538461538466
-0.003755076923076923
0.03358707692307692
0.05236246153846154
0.06759138461538462
0.09804923076923076
0.11035753846153845
0.0897046153846154
0.02357353846153846
-0.05069353846153846
-0.09012184615384615
-0.08657538461538461
-0.04902461538461538
-0.008761846153846153
0.03212676923076923
0.06967753846153846
0.1136953846153846
0.15333230769230768
0.14540492307692307
0.092208
0.007927384615384614
-0.0717636923076923
-0.10681107692307691
-0.10055261538461538
-0.06446215384615385
-0.028163076923076923
0.0008344615384615384
0.02273907692307692
0.03650769230769231
0.048816000000000005
0.021070153846153846
-0.040054153846153843
-0.09471138461538461
-0.11640738461538462
-0.09658892307692307
-0.06195876923076923
-0.010848
0.032544
0.07197230769230768
0.11974523076923077
0.138312
0.11098338461538461
0.043600615384615383
-0.029206153846153847
-0.08720123076923077
-0.10347323076923076
-0.06592246153846154
0.0016689230769230767
0.06633969230769231
0.1097316923076923
0.1504116923076923
0.17231630769230769
0.1435273846153846
0.07301538461538462
-0.009596307692307692
-0.07405846153846153
-0.09846646153846153
-0.07739630769230768
-0.032544
0.013560000000000001
0.049233230769230765
0.0880356923076923
0.12621230769230768
0.14686523076923075
0.10743692307692307
0.008970461538461538
-0.06571384615384615
-0.11891076923076922
-0.1287156923076923
-0.09846646153846153
-0.06633969230769231
-0.02524246153846154
-0.0006258461538461538
0.03629907692307692
0.06341907692307691
0.048816000000000005
0.0022947692307692304
-0.08115138461538463
-0.14394461538461537
-0.16251138461538459
-0.146448
-0.10618523076923077
-0.06487938461538462
-0.012099692307692308
0.02858030769230769
0.04819015384615385
0.03984553846153846
-0.015228923076923076
-0.09053907692307692
-0.15938215384615384
-0.1842073846153846
-0.14728246153846153
-0.07551876923076924
0.012308307692307691
0.07885661538461539
0.12120553846153845
0.16000799999999998
0.16626646153846153
0.13038461538461538
0.0448523076923077
-0.05382276923076923
-0.11703323076923078
-0.1205796923076923
-0.061124307692307686
0.0029206153846153843
0.051528
0.08031692307692308
0.10347323076923076
0.12996738461538462
0.11536430769230768
0.07656184615384615
0.010639384615384617
-0.055491692307692304
-0.07802215384615384
-0.062376
-0.011682461538461537
0.018983999999999997
0.03296123076923077
0.05862092307692307
0.0961716923076923
0.12120553846153845
0.1045163076923077
0.05277969230769231
-0.018775384615384614
-0.058412307692307694
-0.05298830769230769
-0.01043076923076923
0.03671630769230769
0.05736923076923077
0.07113784615384615
0.092208
0.10660246153846153
0.09950953846153845
0.053405538461538456
-0.025033846153846153
-0.07823076923076923
-0.09575446153846154
-0.08615815384615384
-0.0678
-0.045895384615384616
-0.010013538461538461
0.023990769230769232
0.05820369230769231
0.08469784615384615
0.07948246153846153
0.017732307692307693
-0.05862092307692307
-0.11202646153846153
-0.11849353846153846
-0.07760492307692309
-0.040679999999999994
-0.0035464615384615383
0.024408000000000003
0.04214030769230769
0.06362769230769232
0.06300184615384616
0.026494153846153844
-0.04902461538461538
-0.11181784615384616
-0.12120553846153845
-0.0961716923076923
-0.061124307692307686
-0.048816000000000005
-0.04172307692307692
-0.021070153846153846
0.006884307692307692
0.035255999999999996
0.025659692307692307
-0.021904615384615383
-0.06362769230769232
-0.07468430769230769
-0.06028984615384615
-0.03504738461538461
-0.0077187692307692304
0.006884307692307692
0.02023569230769231
0.05069353846153846
0.07489292307692308
0.06842584615384616
0.01668923076923077
-0.05674338461538461
-0.10222153846153846
-0.09679753846153846
-0.06300184615384616
-0.021070153846153846
0.020027076923076922
0.05090215384615384
0.09199938461538461
0.13059323076923077
0.14081538461538462
0.10389046153846154
0.021696
-0.058412307692307694
-0.10222153846153846
