0.08636676923076922
0.07301538461538462
0.029623384615384614
-0.012308307692307691
-0.05507446153846154
-0.05674338461538461
-0.035255999999999996
-0.024199384615384616
-0.023990769230769232
-0.02023569230769231
-0.0008344615384615384
0.016897846153846156
0.02273907692307692
0.0008344615384615384
-0.045895384615384616
-0.09575446153846154
-0.12621230769230768
-0.12162276923076921
-0.09867507692307692
-0.08344615384615384
-0.0717636923076923
-0.04714707692307692
-0.004798153846153846
0.033169846153846154
0.03150092307692308
-0.005215384615384615
-0.054657230769230764
-0.0936683076923077
-0.09074769230769231
-0.06154153846153846
-0.045060923076923075
-0.035255999999999996
-0.024199384615384616
0.0
0.03233538461538461
0.042974769230769226
0.02795446153846154
-0.015020307692307692
-0.05069353846153846
-0.05570030769230769
-0.03337846153846154
0.002712
0.015437538461538461
0.025033846153846153
0.045060923076923075
0.0717636923076923
0.0988836923076923
0.08949599999999999
0.05528307692307692
0.014394461538461538
-0.017523692307692306
-0.017315076923076923
-0.00855323076923077
-0.015646153846153844
-0.03150092307692308
-0.011265230769230769
0.03629907692307692
0.07092923076923077
0.07739630769230768
0.03713353846153846
-0.01981846153846154
-0.06487938461538462
-0.07656184615384615
-0.05924676923076923
-0.03609046153846154
-0.012934153846153845
0.007510153846153846
0.046104
0.0936683076923077
0.11265230769230769
0.09304246153846155
0.03379569230769231
-0.028163076923076923
-0.042557538461538466
-0.03838523076923077
-0.03400430769230769
-0.04172307692307692
-0.05507446153846154
-0.03358707692307692
-0.0025033846153846152
0.0448523076923077
0.07489292307692308
0.05736923076923077
0.022530461538461537
0.009596307692307692
0.032544
0.025033846153846153
0.0035464615384615383
-0.026076923076923077
-0.042557538461538466
-0.02044430769230769
0.013560000000000001
0.053614153846153846
0.04088861538461538
-0.012099692307692308
-0.05736923076923077
-0.06404492307692307
-0.03567323076923076
-0.023364923076923075
-0.018358153846153843
0.0006258461538461538
0.03963692307692308
0.0936683076923077
0.12537784615384615
0.12975876923076923
0.0936683076923077
0.022947692307692308
-0.027120000000000002
-0.03504738461538461
-0.013560000000000001
-0.011891076923076923
-0.026285538461538457
-0.016897846153846156
0.034630153846153845
0.09930092307692308
0.132888
0.12558646153846154
0.06362769230769232
0.0070929230769230765
0.004589538461538461
0.037342153846153844
0.06279323076923077
0.03921969230769231
0.010848
0.014603076923076923
0.04088861538461538
0.07697907692307693
0.06800861538461538
0.01272553846153846
-0.046104
-0.07823076923076923
-0.058829538461538454
-0.03150092307692308
-0.009804923076923077
-0.0004172307692307692
-0.0012516923076923076
0.024199384615384616
0.05319692307692307
0.06696553846153847
0.04214030769230769
-0.014394461538461538
-0.05444861538461539
-0.04860738461538461
-0.007510153846153846
0.018983999999999997
0.01814953846153846
0.002086153846153846
0.007510153846153846
0.04214030769230769
0.06049846153846154
0.04693846153846153
-0.01043076923076923
-0.06425353846153846
-0.0717636923076923
-0.05069353846153846
-0.008970461538461538
0.030875076923076922
0.04839876923076923
0.03921969230769231
0.049233230769230765
0.07781353846153846
0.061124307692307686
0.009387692307692307
-0.05945538461538461
-0.10493353846153847
-0.10827138461538462
-0.09283384615384616
-0.05194523076923077
-0.03650769230769231
-0.031918153846153846
-0.003755076923076923
0.029832
0.07468430769230769
0.07614461538461538
0.03379569230769231
0.009387692307692307
0.016480615384615385
0.05277969230769231
0.08428061538461538
0.078648
0.05298830769230769
0.024199384615384616
0.023782153846153845
0.055491692307692304
0.065088
0.03400430769230769
-0.00855323076923077
-0.029414769230769227
-0.021070153846153846
0.0025033846153846152
0.013142769230769229
0.004172307692307692
-0.025659692307692307
-0.050067692307692306
-0.029832
0.007301538461538462
0.023782153846153845
0.008344615384615384
-0.003963692307692307
0.013351384615384614
0.026911384615384615
0.014394461538461538
-0.024199384615384616
-0.06717415384615384
-0.08448923076923077
-0.07280676923076923
-0.035255999999999996
0.0043809230769230765
0.017732307692307693
0.026494153846153844
0.03692492307692308
0.05236246153846154
0.07823076923076923
0.08115138461538463
0.05236246153846154
0.022947692307692308
0.011473846153846154
0.01940123076923077
0.04965046153846154
0.06300184615384616
0.06070707692307692
0.06362769230769232
0.07009476923076922
0.09554584615384615
0.103056
0.05319692307692307
-0.019192615384615384
-0.058412307692307694
-0.051319384615384614
-0.013560000000000001
0.018983999999999997
0.06633969230769231
0.12579507692307693
0.16730953846153845
0.20402584615384614
0.20548615384615385
0.16501476923076921
0.0892873846153846
0.006258461538461538
-0.02482523076923077
-0.011891076923076923
0.030040615384615384
0.07802215384615384
