-0.029623384615384614
-0.011891076923076923
-0.013768615384615384
-0.026702769230769228
-0.043392
-0.04839876923076923
-0.031918153846153846
-0.022530461538461537
-0.03609046153846154
-0.050067692307692306
-0.04193169230769231
-0.015228923076923076
0.010848
0.04318338461538461
0.05111076923076923
0.03400430769230769
0.02545107692307692
0.03775938461538462
0.06967753846153846
0.07551876923076924
0.05277969230769231
0.003963692307692307
-0.025659692307692307
-0.006675692307692307
0.013142769230769229
0.021696
0.01043076923076923
0.011265230769230769
0.03504738461538461
0.07113784615384615
0.09992676923076924
0.09450276923076922
0.07614461538461538
0.06675692307692307
0.08302892307692307
0.09804923076923076
0.100344
0.08887015384615385
0.06571384615384615
0.0678
0.08490646153846154
0.10013538461538461
0.10117846153846152
0.07781353846153846
0.05382276923076923
0.06571384615384615
0.09596307692307693
0.12037107692307693
0.12767261538461538
0.09679753846153846
0.0771876923076923
0.07677046153846154
0.10597661538461538
0.14477907692307693
0.13914646153846155
0.13372246153846154
0.1289243076923077
0.13747753846153846
0.15145476923076923
0.127464
0.0828203076923077
0.03483876923076923
0.0006258461538461538
0.0014603076923076922
0.015854769230769228
0.016897846153846156
0.009804923076923077
0.005424
0.033169846153846154
0.06300184615384616
0.08469784615384615
0.08219446153846154
0.04401784615384615
0.017732307692307693
-0.01668923076923077
-0.03588184615384615
-0.04860738461538461
-0.06321046153846153
-0.055491692307692304
-0.037342153846153844
0.0077187692307692304
0.03629907692307692
0.03379569230769231
0.007510153846153846
-0.03775938461538462
-0.06154153846153846
-0.05799507692307692
-0.03129230769230769
-0.0012516923076923076
0.01710646153846154
0.03775938461538462
0.08052553846153847
0.11807630769230769
0.10555938461538462
0.051528
-0.02357353846153846
-0.08386338461538462
-0.09491999999999999
-0.07489292307692308
-0.040054153846153843
-0.006467076923076923
0.01814953846153846
0.053614153846153846
0.0826116923076923
0.07697907692307693
0.041514461538461535
-0.012308307692307691
-0.06216738461538462
-0.07134646153846153
-0.03921969230769231
0.011891076923076923
0.05862092307692307
0.09679753846153846
0.13518276923076925
0.16459753846153846
0.16689230769230767
0.12350030769230769
0.03421292307692308
-0.05277969230769231
-0.09784061538461537
-0.09679753846153846
-0.06300184615384616
-0.01940123076923077
0.035464615384615386
0.08615815384615384
0.14144123076923076
0.18107815384615383
0.16480615384615382
0.11181784615384616
0.03713353846153846
-0.03629907692307692
-0.07238953846153846
-0.051528
-0.0022947692307692304
0.04214030769230769
0.07572738461538461
0.10180430769230768
0.11327815384615383
0.09074769230769231
0.045895384615384616
-0.014394461538461538
-0.07468430769230769
-0.10514215384615383
-0.0826116923076923
-0.02044430769230769
0.028788923076923077
0.05653476923076922
0.07927384615384615
0.09450276923076922
0.09074769230769231
0.05173661538461538
-0.02044430769230769
-0.09199938461538461
-0.12725538461538463
-0.11953661538461538
-0.08031692307692308
-0.03129230769230769
0.013768615384615384
0.04819015384615385
0.07197230769230768
0.09387692307692307
0.08594953846153845
0.03358707692307692
-0.05528307692307692
-0.12996738461538462
-0.15124615384615384
-0.14436184615384615
-0.09784061538461537
-0.037342153846153844
0.01668923076923077
0.078648
0.13914646153846155
0.17419384615384614
0.1570873846153846
0.08761846153846153
-0.00855323076923077
-0.08657538461538461
-0.111192
-0.08636676923076922
-0.040054153846153843
0.0016689230769230767
0.04422646153846154
0.10201292307692307
0.13601723076923075
0.13476553846153844
0.08866153846153846
0.0018775384615384615
-0.05945538461538461
-0.07510153846153846
-0.040262769230769234
0.014394461538461538
0.05069353846153846
0.06863446153846153
0.07280676923076923
0.08135999999999999
0.07197230769230768
0.037967999999999995
-0.025659692307692307
-0.10430769230769231
-0.1397723076923077
-0.12850707692307692
-0.07739630769230768
-0.015646153846153844
0.03108369230769231
0.07510153846153846
0.11953661538461538
0.146448
0.13893784615384613
0.07948246153846153
-0.002086153846153846
-0.07906523076923076
-0.12537784615384615
-0.10138707692307691
-0.06195876923076923
-0.02753723076923077
-0.004172307692307692
0.016480615384615385
0.06383630769230769
0.0798996923076923
0.059664
0.007510153846153846
-0.059038153846153844
-0.084072
-0.07635323076923077
-0.042348923076923076
-0.015646153846153844
0.007510153846153846
0.04172307692307692
0.06571384615384615
0.09554584615384615
0.0880356923076923
0.025659692307692307
-0.04944184615384615
-0.11452984615384615
-0.11306953846153844
-0.06425353846153846
-0.01043076923076923
0.04756430769230769
0.07197230769230768
0.08115138461538463
0.08740984615384616
0.08782707692307692
0.05590892307692308
-0.026702769230769228
