-0.007927384615384614
0.04860738461538461
0.10785415384615385
0.13706030769230768
0.13935507692307691
0.09700615384615385
0.03275261538461539
-0.054657230769230764
-0.1028473846153846
-0.092208
-0.052153846153846155
0.0004172307692307692
0.04902461538461538
0.11160923076923077
0.14978584615384616
0.16209415384615386
0.1635544615384615
0.10681107692307691
0.030875076923076922
-0.025033846153846153
-0.047772923076923074
-0.023364923076923075
-0.0008344615384615384
0.03755076923076923
0.06383630769230769
0.09095630769230768
0.14185846153846154
0.16042523076923076
0.15291507692307693
0.08574092307692306
0.03984553846153846
0.031918153846153846
0.01668923076923077
0.04088861538461538
0.06133292307692308
0.07238953846153846
0.07969107692307692
0.09158215384615384
0.11181784615384616
0.09158215384615384
0.045895384615384616
-0.00855323076923077
-0.049233230769230765
-0.04526953846153846
-0.021278769230769233
0.004798153846153846
0.023990769230769232
0.05486584615384615
0.08866153846153846
0.10806276923076923
0.10597661538461538
0.05757784615384615
-0.013351384615384614
-0.08761846153846153
-0.12224861538461537
-0.10222153846153846
-0.06842584615384616
-0.03421292307692308
-0.017940923076923077
0.006258461538461538
0.044435076923076924
0.065088
0.06738276923076922
0.013351384615384614
-0.059872615384615385
-0.10430769230769231
-0.10952307692307692
-0.086784
-0.07656184615384615
-0.04985907692307692
-0.018775384615384614
0.030875076923076922
0.092208
0.1045163076923077
0.06717415384615384
-0.015646153846153844
-0.08177723076923075
-0.1136953846153846
-0.12204
-0.10138707692307691
-0.08636676923076922
-0.07572738461538461
-0.040679999999999994
0.013351384615384614
0.03609046153846154
0.00855323076923077
-0.05674338461538461
-0.11870215384615385
-0.14290153846153844
-0.10952307692307692
-0.03942830769230769
0.010013538461538461
0.04214030769230769
0.07030338461538461
0.1045163076923077
0.13226215384615383
0.11244369230769231
0.056951999999999996
-0.005424
-0.05653476923076922
-0.06633969230769231
-0.03775938461538462
0.002086153846153846
0.035464615384615386
0.07760492307692309
0.14206707692307693
0.21320492307692307
0.25805723076923076
0.23448369230769228
0.1585476923076923
0.07009476923076922
0.023990769230769232
0.011265230769230769
0.0012516923076923076
0.0014603076923076922
-0.0029206153846153843
0.03045784615384615
0.08177723076923075
0.11849353846153846
0.13121907692307694
0.08302892307692307
0.015228923076923076
-0.03337846153846154
-0.048816000000000005
-0.02482523076923077
0.0006258461538461538
0.013560000000000001
0.03379569230769231
0.07113784615384615
0.11724184615384614
0.12558646153846154
0.07614461538461538
-0.003755076923076923
-0.07405846153846153
-0.09930092307692308
-0.07843938461538462
-0.04172307692307692
-0.031709538461538456
-0.02524246153846154
-0.005215384615384615
0.03129230769230769
0.07614461538461538
0.05799507692307692
0.010013538461538461
-0.0448523076923077
-0.0974233846153846
-0.07468430769230769
-0.040054153846153843
-0.02357353846153846
-0.018983999999999997
-0.01668923076923077
0.023990769230769232
0.06279323076923077
0.07551876923076924
0.045895384615384616
-0.011891076923076923
-0.058412307692307694
-0.07405846153846153
-0.06926030769230769
-0.055491692307692304
-0.03233538461538461
-0.0006258461538461538
0.05319692307692307
0.10952307692307692
0.14331876923076922
0.12767261538461538
0.05090215384615384
-0.029623384615384614
-0.07009476923076922
-0.08469784615384615
-0.05924676923076923
-0.016480615384615385
0.022530461538461537
0.07510153846153846
0.11098338461538461
0.13872923076923074
0.13476553846153844
0.08031692307692308
0.011891076923076923
-0.04839876923076923
-0.0448523076923077
-0.005424
0.008761846153846153
-0.0025033846153846152
-0.019609846153846155
0.009179076923076922
0.06967753846153846
0.10764553846153846
0.09930092307692308
0.042348923076923076
-0.00855323076923077
-0.01981846153846154
0.0002086153846153846
0.009804923076923077
0.0022947692307692304
0.005215384615384615
0.0014603076923076922
0.021278769230769233
0.04214030769230769
0.047772923076923074
0.04276615384615385
0.0012516923076923076
-0.012516923076923077
0.007510153846153846
0.03838523076923077
0.061124307692307686
0.06905169230769231
0.06821723076923077
0.06300184615384616
0.0717636923076923
0.058829538461538454
0.014185846153846153
-0.062376
-0.124752
-0.12370892307692308
-0.08845292307692308
-0.04631261538461538
-0.029206153846153847
-0.015228923076923076
0.0008344615384615384
0.011473846153846154
0.02858030769230769
0.007301538461538462
-0.03775938461538462
-0.09450276923076922
-0.13226215384615383
-0.119328
-0.09429415384615383
-0.06279323076923077
-0.06633969230769231
-0.07301538461538462
-0.05194523076923077
-0.029623384615384614
0.0002086153846153846
-0.01668923076923077
-0.059038153846153844
-0.08115138461538463
-0.08177723076923075
-0.054657230769230764
-0.03421292307692308
-0.01272553846153846
0.015646153846153844
0.03984553846153846
0.06800861538461538
