0.03921969230769231
0.040679999999999994
0.054240000000000003
0.052153846153846155
0.03296123076923077
-0.009179076923076922
-0.03859384615384615
-0.03129230769230769
-0.0002086153846153846
0.03045784615384615
0.04214030769230769
0.0448523076923077
0.052153846153846155
0.07489292307692308
0.08740984615384616
0.062376
-0.005841230769230769
-0.06362769230769232
-0.08469784615384615
-0.078648
-0.04109723076923077
-0.013142769230769229
0.006884307692307692
0.04047138461538462
0.0936683076923077
0.14331876923076922
0.14874276923076923
0.10368184615384615
0.029832
-0.029414769230769227
-0.055491692307692304
-0.05528307692307692
-0.038176615384615385
-0.01272553846153846
0.027745846153846152
0.06717415384615384
0.09450276923076922
0.10430769230769231
0.07092923076923077
0.0077187692307692304
-0.06675692307692307
-0.09199938461538461
-0.06341907692307691
-0.050067692307692306
-0.031918153846153846
-0.013560000000000001
0.009804923076923077
0.0448523076923077
0.05945538461538461
0.04965046153846154
0.0025033846153846152
-0.05444861538461539
-0.08386338461538462
-0.08323753846153846
-0.05862092307692307
-0.02858030769230769
0.0016689230769230767
0.03692492307692308
0.08219446153846154
0.119328
0.12433476923076923
0.09158215384615384
0.031918153846153846
-0.012934153846153845
-0.03775938461538462
-0.03921969230769231
-0.026076923076923077
-0.033169846153846154
-0.022947692307692308
0.015854769230769228
0.06884307692307692
0.10368184615384615
0.07489292307692308
0.005841230769230769
-0.0717636923076923
-0.11703323076923078
-0.11452984615384615
-0.08866153846153846
-0.06341907692307691
-0.04422646153846154
-0.01043076923076923
0.037967999999999995
0.092208
0.10743692307692307
0.07072061538461538
0.010848
-0.03713353846153846
-0.03296123076923077
-0.021278769230769233
-0.018983999999999997
-0.0077187692307692304
0.008344615384615384
0.05048492307692308
0.11140061538461538
0.14957723076923077
0.14582215384615385
0.103056
0.04672984615384615
0.02232184615384615
0.01981846153846154
0.01940123076923077
0.021487384615384613
0.016897846153846156
0.023364923076923075
0.053405538461538456
0.08657538461538461
0.09825784615384614
0.06279323076923077
0.0008344615384615384
-0.040679999999999994
-0.05444861538461539
-0.04652123076923077
-0.03984553846153846
-0.042348923076923076
-0.040054153846153843
-0.018358153846153843
0.026494153846153844
0.059664
0.05757784615384615
0.03609046153846154
0.0043809230769230765
-0.007510153846153846
-0.007510153846153846
0.008136
0.023990769230769232
0.016063384615384615
0.051528
0.10743692307692307
0.14457046153846154
0.1502030769230769
0.11348676923076922
0.0678
0.013768615384615384
-0.012934153846153845
-0.012308307692307691
-0.010848
0.017315076923076923
0.042974769230769226
0.07531015384615385
0.10514215384615383
0.09491999999999999
0.059038153846153844
0.007301538461538462
-0.02482523076923077
-0.027745846153846152
-0.029832
-0.040679999999999994
-0.05069353846153846
-0.054657230769230764
-0.03963692307692308
-0.015228923076923076
-0.003129230769230769
-0.008761846153846153
-0.03275261538461539
-0.04902461538461538
-0.033169846153846154
-0.005632615384615384
0.0077187692307692304
-0.005215384615384615
-0.02044430769230769
-0.012099692307692308
0.0077187692307692304
0.027328615384615382
0.026494153846153844
-0.0070929230769230765
-0.06759138461538462
-0.10910584615384614
-0.11432123076923076
-0.11703323076923078
-0.12391753846153845
-0.11974523076923077
-0.11056615384615384
-0.07510153846153846
-0.01940123076923077
-0.008970461538461538
-0.03567323076923076
-0.0934596923076923
-0.13101046153846155
-0.12808984615384614
-0.13184492307692308
-0.13038461538461538
-0.15291507692307693
-0.16730953846153845
-0.1397723076923077
-0.09033046153846153
-0.03921969230769231
-0.040054153846153843
-0.07656184615384615
-0.12642092307692307
-0.1502030769230769
-0.13601723076923075
-0.12308307692307692
-0.10764553846153846
-0.11223507692307692
-0.10263876923076923
-0.047772923076923074
0.0016689230769230767
0.015020307692307692
-0.023990769230769232
-0.07384984615384615
-0.09387692307692307
-0.07405846153846153
-0.027745846153846152
-0.014603076923076923
-0.026076923076923077
-0.04526953846153846
-0.037342153846153844
0.0070929230769230765
0.030875076923076922
0.031709538461538456
-0.005215384615384615
-0.03233538461538461
-0.02357353846153846
-0.009804923076923077
0.026285538461538457
0.042974769230769226
0.03755076923076923
0.046104
0.09471138461538461
0.15833907692307692
0.17690584615384616
0.15959076923076923
0.11181784615384616
0.08720123076923077
0.10180430769230768
0.13351384615384615
0.14749107692307692
0.1218313846153846
0.11703323076923078
0.13706030769230768
0.17565415384615385
0.20527753846153846
0.19067446153846154
0.15541846153846153
0.11974523076923077
0.11035753846153845
0.13309661538461537
0.14519630769230768
0.12391753846153845
0.08010830769230769
0.054657230769230764
0.06529661538461538
0.09199938461538461
0.100344
