0.10096984615384616
0.07843938461538462
0.029414769230769227
-0.007927384615384614
-0.013768615384615384
0.018775384615384614
0.045060923076923075
0.04547815384615384
0.03379569230769231
0.026076923076923077
0.04193169230769231
0.07531015384615385
0.0934596923076923
0.08949599999999999
0.07364123076923076
0.07259815384615384
0.09053907692307692
0.11348676923076922
0.08511507692307693
0.024408000000000003
-0.008970461538461538
-0.030040615384615384
-0.023990769230769232
-0.010639384615384617
0.0008344615384615384
-0.010639384615384617
-0.04172307692307692
-0.044435076923076924
-0.021904615384615383
0.0043809230769230765
-0.01043076923076923
-0.03963692307692308
-0.05048492307692308
-0.03901107692307692
-0.0050067692307692304
0.005632615384615384
-0.022530461538461537
-0.058412307692307694
-0.06529661538461538
-0.055491692307692304
-0.040262769230769234
-0.040262769230769234
-0.08344615384615384
-0.12224861538461537
-0.12662953846153846
-0.09325107692307691
-0.043600615384615383
-0.018983999999999997
-0.0016689230769230767
0.016897846153846156
0.033169846153846154
0.03901107692307692
0.02044430769230769
-0.018775384615384614
-0.08073415384615384
-0.12913292307692306
-0.13476553846153844
-0.10618523076923077
-0.07009476923076922
-0.055491692307692304
-0.03504738461538461
-0.006049846153846154
0.013560000000000001
0.01272553846153846
-0.03024923076923077
-0.08866153846153846
-0.13247076923076923
-0.12934153846153845
-0.08073415384615384
-0.024616615384615383
0.028788923076923077
0.04985907692307692
0.06362769230769232
0.08156861538461539
0.08657538461538461
0.06300184615384616
0.002086153846153846
-0.044435076923076924
-0.06675692307692307
-0.046104
0.0077187692307692304
0.05528307692307692
0.09262523076923077
0.1136953846153846
0.1314276923076923
0.1341396923076923
0.10138707692307691
0.033169846153846154
-0.042974769230769226
-0.09137353846153846
-0.09721476923076922
-0.06279323076923077
-0.010848
0.04819015384615385
0.09450276923076922
0.11140061538461538
0.12642092307692307
0.12350030769230769
0.07301538461538462
-0.003755076923076923
-0.06738276923076922
-0.06675692307692307
-0.00855323076923077
0.061750153846153844
0.1287156923076923
0.16689230769230767
0.1908830769230769
0.20632061538461538
0.19004861538461537
0.1449876923076923
0.052153846153846155
-0.045060923076923075
-0.09012184615384615
-0.07885661538461539
-0.02899753846153846
0.026911384615384615
0.08866153846153846
0.12850707692307692
0.14290153846153844
0.14686523076923075
0.1151556923076923
0.052153846153846155
-0.028788923076923077
-0.09658892307692307
-0.0988836923076923
-0.05298830769230769
0.0008344615384615384
0.04380923076923077
0.06926030769230769
0.09179076923076923
0.10868861538461538
0.11619876923076923
0.086784
0.008344615384615384
-0.073224
-0.10889723076923077
-0.08240307692307691
-0.014811692307692307
0.06321046153846153
0.12204
0.16209415384615386
0.17899199999999998
0.17461107692307692
0.14603076923076924
0.06279323076923077
-0.034630153846153845
-0.1097316923076923
-0.1422756923076923
-0.09491999999999999
-0.023990769230769232
0.028788923076923077
0.05674338461538461
0.06028984615384615
0.0717636923076923
0.06300184615384616
0.02211323076923077
-0.049233230769230765
-0.1205796923076923
-0.13747753846153846
-0.10722830769230769
-0.04985907692307692
-0.006258461538461538
0.030040615384615384
0.059664
0.06133292307692308
0.04756430769230769
0.0016689230769230767
-0.05757784615384615
-0.13038461538461538
-0.1693956923076923
-0.12808984615384614
-0.07280676923076923
0.0004172307692307692
0.06279323076923077
0.1097316923076923
0.1570873846153846
0.157296
0.14060676923076923
0.0771876923076923
-0.020027076923076922
-0.06258461538461538
-0.07405846153846153
-0.03921969230769231
0.013768615384615384
0.04839876923076923
0.08135999999999999
0.09909230769230769
0.11891076923076922
0.10368184615384615
0.06362769230769232
-0.008136
-0.08198584615384615
-0.11056615384615384
-0.11140061538461538
-0.04756430769230769
-0.006049846153846154
0.019192615384615384
0.04839876923076923
0.06070707692307692
0.09137353846153846
0.059872615384615385
0.005424
-0.04380923076923077
-0.07927384615384615
-0.06070707692307692
-0.02899753846153846
0.025033846153846153
0.04839876923076923
0.04839876923076923
0.06905169230769231
0.07885661538461539
0.08240307692307691
0.05090215384615384
-0.008136
-0.07197230769230768
-0.10493353846153847
-0.07489292307692308
-0.040262769230769234
-0.01272553846153846
0.015646153846153844
0.053614153846153846
0.10681107692307691
0.12788123076923075
0.11911938461538461
0.06425353846153846
-0.013560000000000001
-0.07280676923076923
-0.09950953846153845
-0.07843938461538462
-0.06738276923076922
-0.04422646153846154
-0.010222153846153844
0.026076923076923077
0.07405846153846153
0.08615815384615384
0.06738276923076922
-0.006884307692307692
-0.08177723076923075
-0.10201292307692307
-0.09700615384615385
-0.06633969230769231
-0.037342153846153844
-0.011265230769230769
0.03045784615384615
