-0.014394461538461538
-0.013142769230769229
-0.004589538461538461
-0.017523692307692306
-0.06529661538461538
-0.12829846153846153
-0.1506203076923077
-0.11974523076923077
-0.06738276923076922
-0.012308307692307691
0.011473846153846154
0.03108369230769231
0.058412307692307694
0.06842584615384616
0.05090215384615384
-0.015437538461538461
-0.08219446153846154
-0.11411261538461538
-0.10889723076923077
-0.06633969230769231
-0.015020307692307692
0.040262769230769234
0.07343261538461537
0.08720123076923077
0.08511507692307693
0.05319692307692307
0.0022947692307692304
-0.06633969230769231
-0.10722830769230769
-0.10576799999999999
-0.06905169230769231
-0.0014603076923076922
0.04088861538461538
0.05820369230769231
0.059872615384615385
0.04693846153846153
0.03692492307692308
-0.009387692307692307
-0.07697907692307693
-0.13893784615384613
-0.157296
-0.11286092307692308
-0.06425353846153846
0.009596307692307692
0.08720123076923077
0.13893784615384613
0.18191261538461537
0.19568123076923075
0.1829556923076923
0.10827138461538462
-0.0008344615384615384
-0.07280676923076923
-0.09804923076923076
-0.06717415384615384
-0.008344615384615384
0.06696553846153847
0.12996738461538462
0.15896492307692306
0.17148184615384612
0.14832553846153845
0.08490646153846154
-0.006049846153846154
-0.08115138461538463
-0.10806276923076923
-0.08323753846153846
-0.03212676923076923
0.005215384615384615
0.02586830769230769
0.0446436923076923
0.06341907692307691
0.06321046153846153
0.025659692307692307
-0.04172307692307692
-0.09867507692307692
-0.12662953846153846
-0.09554584615384615
-0.02482523076923077
0.030875076923076922
0.06821723076923077
0.0771876923076923
0.08240307692307691
0.08428061538461538
0.06675692307692307
0.026494153846153844
-0.03609046153846154
-0.08782707692307692
-0.11181784615384616
-0.0892873846153846
-0.04214030769230769
0.017940923076923077
0.08365476923076923
0.12391753846153845
0.1531236923076923
0.1502030769230769
0.09429415384615383
0.003129230769230769
-0.08782707692307692
-0.14018953846153845
-0.13434830769230768
-0.073224
0.0029206153846153843
0.06321046153846153
0.1097316923076923
0.14206707692307693
0.14311015384615386
0.1097316923076923
0.03921969230769231
-0.05653476923076922
-0.12370892307692308
-0.13434830769230768
-0.0974233846153846
-0.043600615384615383
-0.002086153846153846
0.03942830769230769
0.078648
0.11223507692307692
0.12725538461538463
0.09930092307692308
0.029623384615384614
-0.056951999999999996
-0.10910584615384614
-0.1045163076923077
-0.07364123076923076
-0.03692492307692308
0.016897846153846156
0.06738276923076922
0.09408553846153846
0.10117846153846152
0.06905169230769231
-0.0077187692307692304
-0.09825784615384614
-0.15145476923076923
-0.1422756923076923
-0.09575446153846154
-0.04380923076923077
0.0008344615384615384
0.033169846153846154
0.06195876923076923
0.092208
0.08177723076923075
0.028163076923076923
-0.048816000000000005
-0.12558646153846154
-0.15938215384615384
-0.14686523076923075
-0.09471138461538461
-0.04214030769230769
0.007301538461538462
0.06216738461538462
0.11035753846153845
0.143736
0.11494707692307692
0.04902461538461538
-0.02586830769230769
-0.07969107692307692
-0.08094276923076923
-0.05444861538461539
-0.004589538461538461
0.022530461538461537
0.03880246153846154
0.06383630769230769
0.07489292307692308
0.07614461538461538
0.03337846153846154
-0.03421292307692308
-0.09241661538461539
-0.10785415384615385
-0.07197230769230768
-0.026494153846153844
0.01814953846153846
0.04568676923076923
0.07739630769230768
0.100344
0.092208
0.06154153846153846
-0.0050067692307692304
-0.07072061538461538
-0.10409907692307692
-0.09596307692307693
-0.06070707692307692
-0.03358707692307692
-0.01814953846153846
0.007301538461538462
0.05194523076923077
0.0826116923076923
0.09095630769230768
0.058829538461538454
0.002086153846153846
-0.029414769230769227
-0.04172307692307692
-0.03650769230769231
-0.03567323076923076
-0.040262769230769234
-0.03108369230769231
0.004589538461538461
0.05444861538461539
0.086784
0.08240307692307691
0.042557538461538466
-0.0016689230769230767
-0.02858030769230769
-0.015646153846153844
0.0050067692307692304
0.0070929230769230765
0.014603076923076923
0.040262769230769234
0.08010830769230769
0.10681107692307691
0.11327815384615383
0.09074769230769231
0.03045784615384615
-0.016063384615384615
-0.02753723076923077
-0.02795446153846154
-0.02482523076923077
-0.030040615384615384
-0.018983999999999997
0.02482523076923077
0.07656184615384615
0.11828492307692307
0.11035753846153845
0.046104
-0.013560000000000001
-0.03942830769230769
-0.029623384615384614
-0.005424
0.0014603076923076922
0.006675692307692307
0.02858030769230769
0.07092923076923077
0.10159569230769232
0.07927384615384615
0.01981846153846154
-0.03650769230769231
-0.06821723076923077
-0.04985907692307692
-0.008136
0.014185846153846153
0.02545107692307692
0.03609046153846154
0.0678
0.10201292307692307
0.11765907692307691
0.09930092307692308
