-0.08949599999999999
-0.08177723076923075
-0.050067692307692306
-0.03942830769230769
-0.023364923076923075
-0.001043076923076923
0.051528
0.09471138461538461
0.10472492307692308
0.08156861538461539
0.029414769230769227
-0.017523692307692306
-0.052153846153846155
-0.05590892307692308
-0.058412307692307694
-0.047981538461538464
-0.025033846153846153
0.009804923076923077
0.06759138461538462
0.09992676923076924
0.10868861538461538
0.07009476923076922
0.02232184615384615
0.013560000000000001
0.013142769230769229
0.021696
0.011265230769230769
-0.015854769230769228
-0.017315076923076923
0.0043809230769230765
0.023782153846153845
0.022530461538461537
-0.010013538461538461
-0.050067692307692306
-0.06654830769230768
-0.05716061538461538
-0.04276615384615385
-0.04401784615384615
-0.05799507692307692
-0.07134646153846153
-0.04526953846153846
-0.003129230769230769
0.03984553846153846
0.051528
0.018358153846153843
-0.0022947692307692304
-0.026494153846153844
-0.029414769230769227
-0.04193169230769231
-0.073224
-0.07072061538461538
-0.044435076923076924
0.006884307692307692
0.04756430769230769
0.059664
0.030040615384615384
-0.016897846153846156
-0.03838523076923077
-0.03984553846153846
-0.031918153846153846
-0.032544
-0.03567323076923076
-0.03504738461538461
-0.007927384615384614
0.06279323076923077
0.10138707692307691
0.06905169230769231
0.028788923076923077
-0.013560000000000001
-0.026494153846153844
-0.017732307692307693
-0.015020307692307692
0.011891076923076923
0.018983999999999997
0.05507446153846154
0.12120553846153845
0.15646153846153846
0.16021661538461537
0.11703323076923078
0.06195876923076923
0.021904615384615383
0.016897846153846156
0.024199384615384616
0.017523692307692306
0.030875076923076922
0.062376
0.11140061538461538
0.1395636923076923
0.13852061538461538
0.1151556923076923
0.05757784615384615
0.03066646153846154
0.014603076923076923
0.015437538461538461
0.02044430769230769
-0.011682461538461537
0.005841230769230769
0.03880246153846154
0.058412307692307694
0.0717636923076923
0.06633969230769231
0.03859384615384615
-0.02211323076923077
-0.04193169230769231
-0.02753723076923077
-0.022530461538461537
-0.027745846153846152
-0.031709538461538456
-0.016897846153846156
0.009804923076923077
0.05090215384615384
0.06321046153846153
0.02315630769230769
-0.010848
-0.016897846153846156
-0.0018775384615384615
0.011056615384615385
-0.006884307692307692
-0.022947692307692308
-0.026285538461538457
-0.010848
0.024408000000000003
0.03212676923076923
0.0043809230769230765
-0.04109723076923077
-0.06404492307692307
-0.05716061538461538
-0.043392
-0.03650769230769231
-0.059038153846153844
-0.07280676923076923
-0.059664
-0.026285538461538457
0.0014603076923076922
-0.005424
-0.03504738461538461
-0.06195876923076923
-0.06154153846153846
-0.03650769230769231
-0.01043076923076923
-0.011056615384615385
-0.03629907692307692
-0.04860738461538461
-0.026702769230769228
-0.008970461538461538
0.0035464615384615383
-0.010639384615384617
-0.03942830769230769
-0.033169846153846154
-0.017315076923076923
0.02044430769230769
0.03588184615384615
0.013560000000000001
-0.013768615384615384
-0.028788923076923077
-0.0014603076923076922
0.03692492307692308
0.03609046153846154
0.012516923076923077
0.003755076923076923
0.003963692307692307
0.02023569230769231
0.03567323076923076
0.029832
0.014394461538461538
0.016063384615384615
0.047981538461538464
0.08991323076923076
0.10493353846153847
0.09533723076923077
0.07843938461538462
0.051319384615384614
0.05403138461538461
0.06258461538461538
0.04902461538461538
0.02795446153846154
-0.0006258461538461538
0.014185846153846153
0.05653476923076922
0.08949599999999999
0.10368184615384615
0.08115138461538463
0.06654830769230768
0.06362769230769232
0.07531015384615385
0.09763200000000001
0.07969107692307692
0.04276615384615385
0.007301538461538462
-0.0025033846153846152
0.025033846153846153
0.042348923076923076
0.04672984615384615
0.04276615384615385
0.04214030769230769
0.044435076923076924
0.04109723076923077
0.030040615384615384
-0.021278769230769233
-0.049233230769230765
-0.03713353846153846
-0.007301538461538462
0.04318338461538461
0.05820369230769231
0.0771876923076923
0.10096984615384616
0.10117846153846152
0.11640738461538462
0.08115138461538463
0.002086153846153846
-0.06070707692307692
-0.0936683076923077
-0.05319692307692307
0.0043809230769230765
0.06216738461538462
0.10806276923076923
0.1218313846153846
0.1368516923076923
0.13643446153846153
0.13226215384615383
0.07551876923076924
-0.01668923076923077
-0.07593599999999999
-0.10347323076923076
-0.07697907692307693
-0.037342153846153844
-0.006258461538461538
0.020652923076923076
0.04568676923076923
0.0771876923076923
0.08636676923076922
0.05570030769230769
-0.013142769230769229
-0.09053907692307692
-0.14811692307692306
-0.1612596923076923
-0.12662953846153846
-0.07551876923076924
-0.025033846153846153
0.022530461538461537
0.07030338461538461
0.10493353846153847
0.09095630769230768
0.021904615384615383
