0.09429415384615383
0.02586830769230769
-0.04839876923076923
-0.09408553846153846
-0.09325107692307691
-0.06341907692307691
-0.02858030769230769
0.015854769230769228
0.054657230769230764
0.09533723076923077
0.12016246153846154
0.11911938461538461
0.08177723076923075
0.012099692307692308
-0.03609046153846154
-0.049233230769230765
-0.024408000000000003
-0.0025033846153846152
0.004172307692307692
0.015020307692307692
0.021487384615384613
0.047772923076923074
0.06195876923076923
0.04172307692307692
-0.0006258461538461538
-0.06049846153846154
-0.08511507692307693
-0.08177723076923075
-0.06195876923076923
-0.025033846153846153
0.0014603076923076922
0.05486584615384615
0.10764553846153846
0.13184492307692308
0.11619876923076923
0.04047138461538462
-0.027745846153846152
-0.06988615384615385
-0.07843938461538462
-0.04526953846153846
-0.008970461538461538
0.011891076923076923
0.023990769230769232
0.05194523076923077
0.07489292307692308
0.08782707692307692
0.08594953846153845
0.041514461538461535
-0.0016689230769230767
-0.019192615384615384
-0.017523692307692306
-0.013768615384615384
-0.026076923076923077
-0.019609846153846155
0.007927384615384614
0.04214030769230769
0.0744756923076923
0.08720123076923077
0.07656184615384615
0.030875076923076922
-0.0025033846153846152
-0.004589538461538461
-0.003129230769230769
0.01272553846153846
0.02211323076923077
0.0448523076923077
0.07969107692307692
0.10389046153846154
0.12037107692307693
0.09512861538461538
0.04547815384615384
0.0029206153846153843
-0.008136
0.0022947692307692304
-0.010013538461538461
-0.017315076923076923
-0.012308307692307691
-0.0006258461538461538
0.034630153846153845
0.05924676923076923
0.04839876923076923
-0.00855323076923077
-0.06362769230769232
-0.08156861538461539
-0.07197230769230768
-0.049233230769230765
-0.04318338461538461
-0.03108369230769231
-0.015228923076923076
0.015437538461538461
0.05382276923076923
0.06404492307692307
0.04631261538461538
0.0002086153846153846
-0.045895384615384616
-0.06529661538461538
-0.06341907692307691
-0.05757784615384615
-0.04756430769230769
-0.044435076923076924
-0.01814953846153846
0.03755076923076923
0.07802215384615384
0.08198584615384615
0.04672984615384615
0.019609846153846155
0.009179076923076922
0.015228923076923076
0.023364923076923075
0.019192615384615384
0.012934153846153845
0.03233538461538461
0.09429415384615383
0.13205353846153844
0.12329169230769231
0.06884307692307692
0.0012516923076923076
-0.03275261538461539
-0.04088861538461538
-0.02044430769230769
0.002712
0.012934153846153845
0.03567323076923076
0.08428061538461538
0.12329169230769231
0.13893784615384613
0.11306953846153844
0.03066646153846154
-0.042348923076923076
-0.08177723076923075
-0.0880356923076923
-0.0855323076923077
-0.06759138461538462
-0.02315630769230769
0.02315630769230769
0.07677046153846154
0.1207883076923077
0.12454338461538461
0.07677046153846154
0.007927384615384614
-0.038176615384615385
-0.05173661538461538
-0.06613107692307692
-0.07843938461538462
-0.07155507692307693
-0.03066646153846154
0.03942830769230769
0.10138707692307691
0.12600369230769232
0.09596307692307693
0.04672984615384615
-0.010848
-0.04714707692307692
-0.05111076923076923
-0.05027630769230769
-0.038176615384615385
-0.013768615384615384
0.03921969230769231
0.09700615384615385
0.12350030769230769
0.103056
0.052153846153846155
0.004798153846153846
-0.009179076923076922
0.015854769230769228
0.03233538461538461
0.040054153846153843
0.03901107692307692
0.04380923076923077
0.07593599999999999
0.09846646153846153
0.08574092307692306
0.03713353846153846
-0.02023569230769231
-0.053405538461538456
-0.0446436923076923
-0.02899753846153846
-0.020652923076923076
-0.008136
0.005841230769230769
0.03650769230769231
0.07468430769230769
0.10201292307692307
0.09554584615384615
0.04714707692307692
-0.004172307692307692
-0.02044430769230769
-0.019609846153846155
-0.02211323076923077
-0.03379569230769231
-0.042557538461538466
-0.02482523076923077
0.018775384615384614
0.06049846153846154
0.06967753846153846
0.047981538461538464
0.015020307692307692
0.0002086153846153846
0.01043076923076923
0.03775938461538462
0.04422646153846154
0.01710646153846154
0.004589538461538461
0.02044430769230769
0.05444861538461539
0.07113784615384615
0.05590892307692308
0.03337846153846154
0.017523692307692306
0.03859384615384615
0.07531015384615385
0.0771876923076923
0.06133292307692308
0.04672984615384615
0.042557538461538466
0.040054153846153843
0.03275261538461539
0.026285538461538457
0.010848
0.005424
0.03296123076923077
0.06258461538461538
0.06341907692307691
0.031709538461538456
-0.019609846153846155
-0.05319692307692307
-0.05444861538461539
-0.02086153846153846
0.003963692307692307
-0.017732307692307693
-0.04568676923076923
-0.056951999999999996
-0.0448523076923077
-0.020652923076923076
-0.012099692307692308
-0.028163076923076923
-0.06279323076923077
-0.05507446153846154
-0.004798153846153846
0.03692492307692308
0.05069353846153846
0.03567323076923076
0.026285538461538457
0.02545107692307692
