0.05486584615384615
0.02232184615384615
0.015228923076923076
0.002712
-0.0043809230769230765
-0.037342153846153844
-0.1097316923076923
-0.14916
-0.17377661538461536
-0.14477907692307693
-0.08845292307692308
-0.04547815384615384
-0.010222153846153844
0.0004172307692307692
0.02482523076923077
0.02753723076923077
0.011265230769230769
-0.024408000000000003
-0.08574092307692306
-0.10639384615384614
-0.09679753846153846
-0.04714707692307692
0.016063384615384615
0.058412307692307694
0.09304246153846155
0.1151556923076923
0.14269292307692305
0.1314276923076923
0.06404492307692307
-0.011473846153846154
-0.06821723076923077
-0.08323753846153846
-0.07009476923076922
-0.02232184615384615
0.031918153846153846
0.06654830769230768
0.10597661538461538
0.11891076923076922
0.12037107692307693
0.09283384615384616
0.024408000000000003
-0.03024923076923077
-0.061750153846153844
-0.04756430769230769
-0.020027076923076922
0.020652923076923076
0.07802215384615384
0.11286092307692308
0.16167692307692308
0.168144
0.13476553846153844
0.08949599999999999
0.010639384615384617
-0.03755076923076923
-0.058829538461538454
-0.019192615384615384
0.05298830769230769
0.11494707692307692
0.18149538461538461
0.1910916923076923
0.20527753846153846
0.17565415384615385
0.09867507692307692
0.03150092307692308
-0.06446215384615385
-0.09971815384615385
-0.09596307692307693
-0.054657230769230764
0.03066646153846154
0.10514215384615383
0.16730953846153845
0.1873366153846154
0.17523692307692307
0.103056
-0.008344615384615384
-0.09554584615384615
-0.15228923076923076
-0.14936861538461538
-0.11265230769230769
-0.06341907692307691
-0.0070929230769230765
0.025033846153846153
0.051528
0.06487938461538462
0.0448523076923077
-0.01940123076923077
-0.10159569230769232
-0.14206707692307693
-0.14394461538461537
-0.11202646153846153
-0.05444861538461539
0.008344615384615384
0.052153846153846155
0.06759138461538462
0.07072061538461538
0.04860738461538461
-0.005215384615384615
-0.08177723076923075
-0.13038461538461538
-0.13643446153846153
-0.11327815384615383
-0.05590892307692308
-0.013142769230769229
0.028788923076923077
0.084072
0.11640738461538462
0.11140061538461538
0.05611753846153846
-0.019192615384615384
-0.09325107692307691
-0.143736
-0.13226215384615383
-0.084072
-0.03775938461538462
0.007927384615384614
0.04193169230769231
0.06571384615384615
0.08010830769230769
0.07155507692307693
0.04714707692307692
-0.008761846153846153
-0.06738276923076922
-0.08866153846153846
-0.05277969230769231
0.012099692307692308
0.07238953846153846
0.1287156923076923
0.16000799999999998
0.18900553846153845
0.18212123076923076
0.13330523076923076
0.06133292307692308
-0.016063384615384615
-0.06028984615384615
-0.06216738461538462
-0.027745846153846152
0.008970461538461538
0.06070707692307692
0.10117846153846152
0.12350030769230769
0.12808984615384614
0.09241661538461539
0.03755076923076923
-0.03066646153846154
-0.06967753846153846
-0.06300184615384616
-0.03880246153846154
-0.002086153846153846
0.026702769230769228
0.03212676923076923
0.040262769230769234
0.05027630769230769
0.052153846153846155
0.029414769230769227
-0.02899753846153846
-0.06967753846153846
-0.07468430769230769
-0.05736923076923077
-0.018358153846153843
0.02482523076923077
0.06300184615384616
0.09283384615384616
0.10764553846153846
0.09930092307692308
0.06821723076923077
0.010848
-0.062376
-0.0963803076923077
-0.07677046153846154
-0.03212676923076923
0.008344615384615384
0.03275261538461539
0.055491692307692304
0.08636676923076922
0.11494707692307692
0.11828492307692307
0.08031692307692308
0.018983999999999997
-0.03880246153846154
-0.06863446153846153
-0.05674338461538461
-0.03400430769230769
-0.006049846153846154
0.013768615384615384
0.051319384615384614
0.10222153846153846
0.12266584615384615
0.10889723076923077
0.03296123076923077
-0.027745846153846152
-0.056326153846153845
-0.05799507692307692
-0.008970461538461538
0.02211323076923077
0.04318338461538461
0.06070707692307692
0.07843938461538462
0.09784061538461537
0.09450276923076922
0.061124307692307686
0.004589538461538461
-0.03108369230769231
-0.040262769230769234
-0.024199384615384616
0.0006258461538461538
0.0029206153846153843
-0.003963692307692307
-0.006675692307692307
0.018358153846153843
0.05778646153846154
0.05862092307692307
0.024199384615384616
-0.02044430769230769
-0.04568676923076923
-0.02482523076923077
0.008970461538461538
0.029414769230769227
0.02545107692307692
0.02524246153846154
0.054657230769230764
0.07739630769230768
0.08657538461538461
0.065088
0.012308307692307691
-0.024199384615384616
-0.020652923076923076
0.01043076923076923
0.05653476923076922
0.08344615384615384
0.0988836923076923
0.14081538461538462
0.1666836923076923
0.17419384615384614
0.14728246153846153
0.08302892307692307
0.024616615384615383
-0.03150092307692308
-0.04547815384615384
-0.03692492307692308
-0.03921969230769231
-0.03671630769230769
-0.029414769230769227
-0.0002086153846153846
0.022947692307692308
