0.06946892307692307
-0.026285538461538457
-0.13393107692307693
-0.20861538461538462
-0.20319138461538463
-0.14561353846153846
-0.06070707692307692
0.021696
0.07510153846153846
0.10660246153846153
0.11056615384615384
0.0988836923076923
0.06133292307692308
-0.0035464615384615383
-0.059872615384615385
-0.07781353846153846
-0.04693846153846153
0.005424
0.03567323076923076
0.04985907692307692
0.05027630769230769
0.054240000000000003
0.06571384615384615
0.06738276923076922
0.046104
-0.012099692307692308
-0.043392
-0.04819015384615385
-0.02211323076923077
0.01981846153846154
0.04965046153846154
0.08448923076923077
0.10660246153846153
0.12662953846153846
0.11494707692307692
0.06675692307692307
0.0006258461538461538
-0.06592246153846154
-0.078648
-0.05069353846153846
-0.0035464615384615383
0.06300184615384616
0.111192
0.1506203076923077
0.1858763076923077
0.18525046153846153
0.14290153846153844
0.06258461538461538
-0.005215384615384615
-0.04547815384615384
-0.04547815384615384
0.0025033846153846152
0.0446436923076923
0.08010830769230769
0.10722830769230769
0.13893784615384613
0.16647507692307692
0.16063384615384615
0.12704676923076924
0.06133292307692308
0.027328615384615382
0.025659692307692307
0.042557538461538466
0.06675692307692307
0.06884307692307692
0.07635323076923077
0.07009476923076922
0.07489292307692308
0.07885661538461539
0.05653476923076922
0.025033846153846153
-0.01272553846153846
-0.01668923076923077
-0.011473846153846154
-0.014603076923076923
-0.008136
0.006258461538461538
0.03692492307692308
0.05736923076923077
0.07510153846153846
0.07739630769230768
0.025033846153846153
-0.04109723076923077
-0.0892873846153846
-0.09971815384615385
-0.0855323076923077
-0.06738276923076922
-0.041514461538461535
-0.028163076923076923
0.0077187692307692304
0.04839876923076923
0.051528
0.021278769230769233
-0.03859384615384615
-0.07218092307692307
-0.07572738461538461
-0.06258461538461538
-0.037967999999999995
-0.021278769230769233
-0.0029206153846153843
0.021070153846153846
0.059038153846153844
0.08240307692307691
0.06258461538461538
0.006467076923076923
-0.06717415384615384
-0.11160923076923077
-0.11286092307692308
-0.07906523076923076
-0.044435076923076924
-0.023990769230769232
0.006258461538461538
0.04902461538461538
0.09784061538461537
0.11724184615384614
0.0961716923076923
0.03942830769230769
-0.017940923076923077
-0.03629907692307692
-0.04193169230769231
-0.045895384615384616
-0.049233230769230765
-0.04130584615384615
-0.02023569230769231
0.02086153846153846
0.06800861538461538
0.06341907692307691
0.01940123076923077
-0.035464615384615386
-0.06571384615384615
-0.06529661538461538
-0.06133292307692308
-0.037342153846153844
-0.02858030769230769
-0.021070153846153846
0.011473846153846154
0.03150092307692308
0.04109723076923077
-0.0006258461538461538
-0.06133292307692308
-0.09012184615384615
-0.09158215384615384
-0.04819015384615385
-0.021278769230769233
-0.005424
-0.006884307692307692
-0.006675692307692307
0.03129230769230769
0.04172307692307692
0.028371692307692306
-0.014603076923076923
-0.05590892307692308
-0.06383630769230769
-0.054240000000000003
-0.02586830769230769
-0.02858030769230769
-0.03108369230769231
-0.005215384615384615
0.025033846153846153
0.05945538461538461
0.04193169230769231
-0.01043076923076923
-0.07092923076923077
-0.12788123076923075
-0.12162276923076921
-0.09533723076923077
-0.06717415384615384
-0.03859384615384615
-0.008970461538461538
0.05048492307692308
0.08907876923076924
0.10222153846153846
0.0717636923076923
0.012308307692307691
-0.03504738461538461
-0.07969107692307692
-0.08031692307692308
-0.08135999999999999
-0.08490646153846154
-0.06946892307692307
-0.040679999999999994
0.041514461538461535
0.09158215384615384
0.09450276923076922
0.06613107692307692
0.01043076923076923
-0.013142769230769229
-0.022530461538461537
-0.013351384615384614
-0.021904615384615383
-0.037342153846153844
-0.016897846153846156
0.008344615384615384
0.05382276923076923
0.07489292307692308
0.04526953846153846
0.0012516923076923076
-0.041514461538461535
-0.05194523076923077
-0.03859384615384615
-0.021696
-0.009387692307692307
0.015437538461538461
0.05716061538461538
0.0974233846153846
0.12642092307692307
0.10368184615384615
0.041514461538461535
-0.020027076923076922
-0.05298830769230769
-0.04130584615384615
-0.029414769230769227
-0.021696
-0.006884307692307692
0.015437538461538461
0.054657230769230764
0.09053907692307692
0.08636676923076922
0.02899753846153846
-0.03483876923076923
-0.07072061538461538
-0.07489292307692308
-0.042557538461538466
-0.006258461538461538
0.001043076923076923
-0.004798153846153846
0.00855323076923077
0.040679999999999994
0.043600615384615383
0.016897846153846156
-0.03650769230769231
-0.07781353846153846
-0.08177723076923075
-0.07384984615384615
-0.043392
-0.03567323076923076
-0.03483876923076923
-0.016897846153846156
0.009804923076923077
0.054657230769230764
0.05820369230769231
0.02899753846153846
0.0022947692307692304
-0.018775384615384614
