0.005424
0.03692492307692308
0.08699261538461538
0.12642092307692307
0.13455692307692307
0.10013538461538461
0.04944184615384615
0.017732307692307693
0.003963692307692307
0.0014603076923076922
-0.008970461538461538
-0.03504738461538461
-0.045895384615384616
-0.031709538461538456
0.015646153846153844
0.0609156923076923
0.07489292307692308
0.06195876923076923
0.016480615384615385
-0.0070929230769230765
-0.018775384615384614
-0.037342153846153844
-0.04819015384615385
-0.051528
-0.02482523076923077
0.016063384615384615
0.0609156923076923
0.07468430769230769
0.041514461538461535
-0.008970461538461538
-0.05653476923076922
-0.061750153846153844
-0.05444861538461539
-0.05778646153846154
-0.04985907692307692
-0.02482523076923077
0.02795446153846154
0.07259815384615384
0.08949599999999999
0.07051199999999999
0.012099692307692308
-0.024408000000000003
-0.037342153846153844
-0.03233538461538461
-0.019609846153846155
-0.028371692307692306
-0.027328615384615382
-0.0070929230769230765
0.04214030769230769
0.09179076923076923
0.10055261538461538
0.07697907692307693
0.04860738461538461
0.033169846153846154
0.021070153846153846
0.018775384615384614
0.016272
0.010639384615384617
0.014394461538461538
0.03713353846153846
0.06613107692307692
0.06446215384615385
0.04193169230769231
0.007301538461538462
-0.011473846153846154
0.005424
0.03400430769230769
0.051319384615384614
0.03567323076923076
0.014185846153846153
0.009179076923076922
0.017523692307692306
0.03880246153846154
0.027745846153846152
-0.014811692307692307
-0.05799507692307692
-0.07238953846153846
-0.04380923076923077
-0.023364923076923075
-0.015646153846153844
-0.023364923076923075
-0.02273907692307692
-0.003129230769230769
0.01272553846153846
0.02315630769230769
-0.005215384615384615
-0.02482523076923077
-0.02023569230769231
-0.003129230769230769
0.03108369230769231
0.0446436923076923
0.03921969230769231
-0.0029206153846153843
-0.03588184615384615
-0.02357353846153846
-0.022530461538461537
-0.025659692307692307
-0.025659692307692307
-0.0016689230769230767
0.03609046153846154
0.061124307692307686
0.08845292307692308
0.07218092307692307
0.027745846153846152
-0.007927384615384614
-0.023990769230769232
-0.006675692307692307
0.00855323076923077
0.018983999999999997
0.021696
0.020027076923076922
0.044435076923076924
0.06905169230769231
0.05924676923076923
0.022530461538461537
-0.011682461538461537
-0.025033846153846153
-0.016897846153846156
0.014394461538461538
0.034630153846153845
0.03963692307692308
0.04902461538461538
0.06362769230769232
0.08949599999999999
0.09033046153846153
0.06154153846153846
0.016063384615384615
-0.016272
-0.0077187692307692304
0.02273907692307692
0.053405538461538456
0.06300184615384616
0.07572738461538461
0.0963803076923077
0.11181784615384616
0.11181784615384616
0.06404492307692307
-0.008344615384615384
-0.07593599999999999
-0.10263876923076923
-0.084072
-0.05298830769230769
0.0033378461538461535
0.03859384615384615
0.06821723076923077
0.09679753846153846
0.07531015384615385
0.02586830769230769
-0.06738276923076922
-0.14519630769230768
-0.1706473846153846
-0.14582215384615385
-0.06258461538461538
-0.006675692307692307
0.016063384615384615
0.01856676923076923
0.023364923076923075
0.03337846153846154
-0.005632615384615384
-0.05173661538461538
-0.10806276923076923
-0.14957723076923077
-0.13247076923076923
-0.10180430769230768
-0.06446215384615385
-0.04172307692307692
-0.026285538461538457
0.001043076923076923
0.016480615384615385
0.013560000000000001
-0.03609046153846154
-0.12850707692307692
-0.22718215384615387
-0.28663753846153844
-0.28204799999999997
-0.2422024615384615
-0.15750461538461538
-0.07802215384615384
-0.02545107692307692
0.03108369230769231
0.05736923076923077
0.03984553846153846
-0.03483876923076923
-0.11849353846153846
-0.17023015384615386
-0.1908830769230769
-0.15395815384615386
-0.08574092307692306
-0.012099692307692308
0.040054153846153843
0.07238953846153846
0.10347323076923076
0.10764553846153846
0.07635323076923077
0.006884307692307692
-0.059872615384615385
-0.08115138461538463
-0.04526953846153846
0.016897846153846156
0.06926030769230769
0.10368184615384615
0.1205796923076923
0.14874276923076923
0.1506203076923077
0.11181784615384616
0.04547815384615384
-0.03942830769230769
-0.08574092307692306
-0.08949599999999999
-0.058829538461538454
-0.014185846153846153
0.021278769230769233
0.06446215384615385
0.10013538461538461
0.13247076923076923
0.1353913846153846
0.0892873846153846
0.02211323076923077
-0.05778646153846154
-0.09596307692307693
-0.09012184615384615
-0.04985907692307692
0.005424
0.03713353846153846
0.07969107692307692
0.11870215384615385
0.12996738461538462
0.10660246153846153
0.03337846153846154
-0.040679999999999994
-0.09596307692307693
-0.100344
-0.050067692307692306
0.005424
0.06842584615384616
0.11181784615384616
0.15208061538461537
0.16063384615384615
0.11828492307692307
0.0609156923076923
-0.027745846153846152
-0.09533723076923077
-0.11035753846153845
-0.07426707692307692
