0.03066646153846154
0.047981538461538464
0.07259815384615384
0.09012184615384615
0.06487938461538462
0.0014603076923076922
-0.05924676923076923
-0.078648
-0.08344615384615384
-0.09554584615384615
-0.07927384615384615
-0.04965046153846154
-0.010639384615384617
0.035464615384615386
0.05924676923076923
0.04380923076923077
-0.023990769230769232
-0.07781353846153846
-0.09325107692307691
-0.0853236923076923
-0.06717415384615384
-0.059038153846153844
-0.022530461538461537
0.018775384615384614
0.06863446153846153
0.12934153846153845
0.1353913846153846
0.09971815384615385
0.04318338461538461
0.008136
-0.0043809230769230765
-0.003129230769230769
0.01272553846153846
0.006884307692307692
0.022947692307692308
0.05924676923076923
0.09533723076923077
0.11140061538461538
0.07802215384615384
0.014811692307692307
-0.043392
-0.040679999999999994
-0.0006258461538461538
0.026702769230769228
0.03859384615384615
0.02586830769230769
0.02899753846153846
0.04965046153846154
0.065088
0.05528307692307692
-0.0016689230769230767
-0.049233230769230765
-0.07969107692307692
-0.07843938461538462
-0.05403138461538461
-0.03713353846153846
-0.03379569230769231
-0.03609046153846154
0.007301538461538462
0.05736923076923077
0.07593599999999999
0.05507446153846154
0.02315630769230769
0.009596307692307692
-0.008970461538461538
0.0006258461538461538
0.014394461538461538
-0.014185846153846153
-0.04109723076923077
-0.04088861538461538
0.008344615384615384
0.05820369230769231
0.053614153846153846
0.03984553846153846
0.012934153846153845
-0.0077187692307692304
0.002086153846153846
0.019609846153846155
0.03942830769230769
0.03379569230769231
0.03400430769230769
0.06487938461538462
0.0961716923076923
0.11035753846153845
0.10096984615384616
0.08240307692307691
0.06028984615384615
0.06487938461538462
0.07551876923076924
0.07927384615384615
0.05716061538461538
0.006258461538461538
-0.005215384615384615
0.01814953846153846
0.061124307692307686
0.0744756923076923
0.058829538461538454
0.058829538461538454
0.07384984615384615
0.08344615384615384
0.08073415384615384
0.07155507692307693
0.029832
-0.014185846153846153
-0.02795446153846154
-0.011473846153846154
0.0008344615384615384
-0.008344615384615384
-0.035464615384615386
-0.07134646153846153
-0.08448923076923077
-0.08887015384615385
-0.09658892307692307
-0.12537784615384615
-0.14123261538461537
-0.11953661538461538
-0.08657538461538461
-0.04401784615384615
-0.016063384615384615
0.0025033846153846152
0.0025033846153846152
-0.008761846153846153
-0.003129230769230769
-0.026702769230769228
-0.08845292307692308
-0.12913292307692306
-0.12308307692307692
-0.08469784615384615
-0.024199384615384616
0.042557538461538466
0.09471138461538461
0.10618523076923077
0.09867507692307692
0.1028473846153846
0.10409907692307692
0.06592246153846154
-0.016063384615384615
-0.08135999999999999
-0.10743692307692307
-0.08907876923076924
-0.04965046153846154
-0.014394461538461538
0.02858030769230769
0.06633969230769231
0.09679753846153846
0.1136953846153846
0.09450276923076922
0.035464615384615386
-0.02524246153846154
-0.055491692307692304
-0.037967999999999995
0.010848
0.04944184615384615
0.08198584615384615
0.10159569230769232
0.11432123076923076
0.11849353846153846
0.09241661538461539
0.03942830769230769
-0.052571076923076915
-0.12016246153846154
-0.11870215384615385
-0.08010830769230769
-0.012308307692307691
0.04672984615384615
0.09909230769230769
0.14707384615384617
0.16188553846153847
0.15813046153846153
0.11286092307692308
0.028788923076923077
-0.05611753846153846
-0.1028473846153846
-0.0880356923076923
-0.042557538461538466
0.030875076923076922
0.08615815384615384
0.11870215384615385
0.14436184615384615
0.14164984615384615
0.11703323076923078
0.037967999999999995
-0.052153846153846155
-0.11181784615384616
-0.12600369230769232
-0.07739630769230768
-0.0050067692307692304
0.06946892307692307
0.12433476923076923
0.15896492307692306
0.17481969230769231
0.15604430769230768
0.10660246153846153
0.02086153846153846
-0.06675692307692307
-0.0963803076923077
-0.09116492307692307
-0.040054153846153843
0.02044430769230769
0.04526953846153846
0.07280676923076923
0.08949599999999999
0.10389046153846154
0.08740984615384616
0.028788923076923077
-0.04172307692307692
-0.08824430769230769
-0.078648
-0.03379569230769231
0.03775938461538462
0.0853236923076923
0.11557292307692307
0.13643446153846153
0.13747753846153846
0.11160923076923077
0.045895384615384616
-0.02858030769230769
-0.09909230769230769
-0.1045163076923077
-0.06133292307692308
0.003129230769230769
0.09450276923076922
0.16793538461538463
0.22447015384615385
0.2557624615384615
0.26535876923076923
0.2399076923076923
0.17252492307692308
0.09450276923076922
0.02858030769230769
0.007927384615384614
0.01981846153846154
0.052571076923076915
0.09387692307692307
0.11202646153846153
0.13643446153846153
0.16271999999999998
0.13935507692307691
0.06487938461538462
-0.03024923076923077
-0.09533723076923077
-0.11974523076923077
-0.10848000000000001
-0.053614153846153846
