-0.08198584615384615
-0.008970461538461538
0.061124307692307686
0.10055261538461538
0.12433476923076923
0.13643446153846153
0.12704676923076924
0.07697907692307693
-0.019192615384615384
-0.09825784615384614
-0.12099692307692309
-0.07593599999999999
-0.01668923076923077
0.028788923076923077
0.06133292307692308
0.07238953846153846
0.09554584615384615
0.09992676923076924
0.05382276923076923
-0.03483876923076923
-0.12642092307692307
-0.1794092307692308
-0.19526400000000002
-0.16334584615384617
-0.12016246153846154
-0.07197230769230768
-0.009596307692307692
0.051528
0.09992676923076924
0.08887015384615385
0.03838523076923077
-0.03859384615384615
-0.12391753846153845
-0.1462393846153846
-0.11140061538461538
-0.03358707692307692
0.029414769230769227
0.07384984615384615
0.14039815384615384
0.15938215384615384
0.14519630769230768
0.10222153846153846
0.025659692307692307
-0.0446436923076923
-0.09679753846153846
-0.07510153846153846
-0.03379569230769231
0.005841230769230769
0.06905169230769231
0.11035753846153845
0.14916
0.15124615384615384
0.12683815384615382
0.09137353846153846
0.030875076923076922
-0.009596307692307692
-0.028163076923076923
-0.001043076923076923
0.033169846153846154
0.056951999999999996
0.08156861538461539
0.08949599999999999
0.12016246153846154
0.12496061538461539
0.0961716923076923
0.04088861538461538
-0.021070153846153846
-0.03129230769230769
-0.02482523076923077
0.011473846153846154
0.05674338461538461
0.100344
0.13706030769230768
0.16105107692307694
0.17690584615384616
0.13518276923076925
0.06028984615384615
-0.024408000000000003
-0.07760492307692309
-0.08031692307692308
-0.05736923076923077
-0.017523692307692306
0.010013538461538461
0.042348923076923076
0.08198584615384615
0.10180430769230768
0.10472492307692308
0.07593599999999999
0.017940923076923077
-0.03588184615384615
-0.06529661538461538
-0.05507446153846154
-0.02858030769230769
-0.017523692307692306
-0.016063384615384615
-0.005841230769230769
0.022947692307692308
0.04756430769230769
0.05570030769230769
0.02858030769230769
-0.029206153846153847
-0.065088
-0.07030338461538461
-0.05319692307692307
-0.04172307692307692
-0.031709538461538456
-0.002086153846153846
0.026911384615384615
0.06550523076923077
0.07510153846153846
0.038176615384615385
-0.029414769230769227
-0.09763200000000001
-0.12308307692307692
-0.12245723076923076
-0.1045163076923077
-0.0988836923076923
-0.0853236923076923
-0.04380923076923077
0.009596307692307692
0.053614153846153846
0.045895384615384616
0.0008344615384615384
-0.05444861538461539
-0.09116492307692307
-0.08156861538461539
-0.04631261538461538
-0.02586830769230769
-0.023782153846153845
-0.018775384615384614
0.006675692307692307
0.042348923076923076
0.06800861538461538
0.056951999999999996
0.026076923076923077
0.0033378461538461535
-0.005215384615384615
0.024616615384615383
0.04693846153846153
0.043600615384615383
0.04985907692307692
0.06884307692307692
0.10597661538461538
0.13372246153846154
0.12162276923076921
0.06717415384615384
0.002086153846153846
-0.02211323076923077
-0.005841230769230769
0.026702769230769228
0.05298830769230769
0.0771876923076923
0.11682461538461539
0.15228923076923076
0.15562707692307692
0.12683815384615382
0.058829538461538454
-0.03024923076923077
-0.07656184615384615
-0.08052553846153847
-0.06195876923076923
-0.03358707692307692
-0.03629907692307692
-0.030875076923076922
-0.0006258461538461538
0.03379569230769231
0.05444861538461539
0.030875076923076922
-0.004172307692307692
-0.040262769230769234
-0.06028984615384615
-0.05444861538461539
-0.04193169230769231
-0.03233538461538461
-0.03483876923076923
-0.017523692307692306
0.017523692307692306
0.03984553846153846
0.025033846153846153
-0.022530461538461537
-0.0826116923076923
-0.119328
-0.09512861538461538
-0.056951999999999996
-0.01814953846153846
0.0002086153846153846
0.0050067692307692304
0.03650769230769231
0.05778646153846154
0.059872615384615385
0.026911384615384615
-0.029623384615384614
-0.06279323076923077
-0.06633969230769231
-0.03755076923076923
-0.021070153846153846
-0.006049846153846154
0.030875076923076922
0.06362769230769232
0.12788123076923075
0.16480615384615382
0.1424843076923077
0.0853236923076923
0.0035464615384615383
-0.024408000000000003
-0.02273907692307692
-0.0077187692307692304
0.027328615384615382
0.04672984615384615
0.0678
0.08574092307692306
0.09784061538461537
0.092208
0.058829538461538454
0.009179076923076922
-0.04109723076923077
-0.04819015384615385
-0.026285538461538457
-0.01043076923076923
-0.018358153846153843
-0.014811692307692307
0.041514461538461535
0.10368184615384615
0.14477907692307693
0.13226215384615383
0.05799507692307692
-0.0050067692307692304
-0.03755076923076923
-0.037342153846153844
-0.02044430769230769
-0.021278769230769233
0.0012516923076923076
0.037967999999999995
0.07551876923076924
0.11035753846153845
0.10138707692307691
0.05611753846153846
0.006258461538461538
-0.03567323076923076
-0.03504738461538461
-0.0006258461538461538
0.021696
0.045060923076923075
0.05820369230769231
