0.11745046153846153
0.10743692307692307
0.07551876923076924
-0.004589538461538461
-0.07238953846153846
-0.11056615384615384
-0.11974523076923077
-0.078648
-0.04318338461538461
0.003755076923076923
0.04902461538461538
0.08156861538461539
0.1028473846153846
0.0717636923076923
0.027328615384615382
-0.03504738461538461
-0.0855323076923077
-0.09825784615384614
-0.09512861538461538
-0.05674338461538461
-0.046104
-0.03296123076923077
-0.0050067692307692304
-0.007510153846153846
0.0002086153846153846
-0.03504738461538461
-0.09241661538461539
-0.12808984615384614
-0.13267938461538462
-0.08845292307692308
-0.04318338461538461
-0.0043809230769230765
0.011891076923076923
0.03692492307692308
0.07343261538461537
0.06800861538461538
0.03567323076923076
-0.026285538461538457
-0.09971815384615385
-0.13038461538461538
-0.11223507692307692
-0.07343261538461537
-0.030040615384615384
0.004589538461538461
0.04547815384615384
0.08845292307692308
0.11765907692307691
0.1207883076923077
0.08219446153846154
0.02357353846153846
-0.03275261538461539
-0.06258461538461538
-0.05611753846153846
-0.03838523076923077
-0.025033846153846153
0.01043076923076923
0.053614153846153846
0.08490646153846154
0.08845292307692308
0.052571076923076915
-0.0043809230769230765
-0.08490646153846154
-0.12788123076923075
-0.12391753846153845
-0.09992676923076924
-0.046104
-0.006884307692307692
0.037967999999999995
0.07635323076923077
0.08866153846153846
0.09262523076923077
0.058829538461538454
0.017732307692307693
-0.02899753846153846
-0.050067692307692306
-0.03379569230769231
-0.018358153846153843
0.005841230769230769
0.00855323076923077
0.035255999999999996
0.07259815384615384
0.08344615384615384
0.08115138461538463
0.041514461538461535
0.021696
0.006467076923076923
0.017315076923076923
0.06967753846153846
0.07885661538461539
0.08198584615384615
0.08073415384615384
0.09074769230769231
0.09992676923076924
0.05090215384615384
-0.0008344615384615384
-0.06967753846153846
-0.1218313846153846
-0.11286092307692308
-0.07948246153846153
-0.04088861538461538
-0.006258461538461538
0.03629907692307692
0.06905169230769231
0.09325107692307691
0.09721476923076922
0.08094276923076923
0.03859384615384615
-0.023990769230769232
-0.03421292307692308
-0.007510153846153846
0.026702769230769228
0.05319692307692307
0.056951999999999996
0.06425353846153846
0.07760492307692309
0.10117846153846152
0.11411261538461538
0.07927384615384615
0.020652923076923076
-0.019609846153846155
-0.014185846153846153
0.005424
0.005841230769230769
0.00855323076923077
0.0035464615384615383
0.012934153846153845
0.038176615384615385
0.059872615384615385
0.062376
0.026702769230769228
0.0012516923076923076
-0.010848
-0.009596307692307692
-0.0033378461538461535
-0.011473846153846154
-0.006884307692307692
0.015228923076923076
0.05486584615384615
0.07468430769230769
0.05611753846153846
0.01043076923076923
-0.04985907692307692
-0.08302892307692307
-0.07677046153846154
-0.054240000000000003
-0.040262769230769234
-0.029414769230769227
-0.0035464615384615383
0.03108369230769231
0.07280676923076923
0.09179076923076923
0.06696553846153847
0.03066646153846154
-0.024408000000000003
-0.05862092307692307
-0.06863446153846153
-0.09095630769230768
-0.09012184615384615
-0.07802215384615384
-0.034630153846153845
0.03567323076923076
0.07218092307692307
0.06967753846153846
0.021278769230769233
-0.031709538461538456
-0.054240000000000003
-0.08219446153846154
-0.111192
-0.13643446153846153
-0.14436184615384615
-0.10931446153846153
-0.04380923076923077
0.032544
0.08073415384615384
0.07197230769230768
0.03337846153846154
-0.001043076923076923
-0.01814953846153846
-0.008344615384615384
0.0006258461538461538
0.0035464615384615383
0.019609846153846155
0.05590892307692308
0.10931446153846153
0.13747753846153846
0.12662953846153846
0.08720123076923077
0.031918153846153846
-0.009804923076923077
-0.019192615384615384
-0.01981846153846154
-0.026285538461538457
-0.021070153846153846
0.0033378461538461535
0.051528
0.08219446153846154
0.07197230769230768
0.024199384615384616
-0.04693846153846153
-0.09095630769230768
-0.09241661538461539
-0.061124307692307686
-0.040262769230769234
-0.04735569230769231
-0.03400430769230769
0.013351384615384614
0.06487938461538462
0.10159569230769232
0.09137353846153846
0.03609046153846154
-0.016480615384615385
-0.05382276923076923
-0.05570030769230769
-0.03150092307692308
-0.008344615384615384
0.02586830769230769
0.06759138461538462
0.10868861538461538
0.13434830769230768
0.12162276923076921
0.06154153846153846
-0.004172307692307692
-0.03650769230769231
-0.06321046153846153
-0.06842584615384616
-0.05590892307692308
-0.051528
-0.024199384615384616
0.007510153846153846
0.047981538461538464
0.07697907692307693
0.05319692307692307
0.009179076923076922
-0.011473846153846154
0.007301538461538462
0.03296123076923077
0.034630153846153845
0.009596307692307692
0.0025033846153846152
0.028788923076923077
0.06946892307692307
0.08323753846153846
0.05611753846153846
0.008970461538461538
