-0.06884307692307692
-0.010013538461538461
0.05528307692307692
0.1045163076923077
0.12537784615384615
0.11035753846153845
0.06362769230769232
0.016480615384615385
-0.033169846153846154
-0.03775938461538462
-0.005841230769230769
0.032544
0.07572738461538461
0.09575446153846154
0.10681107692307691
0.11870215384615385
0.11599015384615384
0.08344615384615384
0.017732307692307693
-0.034630153846153845
-0.055491692307692304
-0.04214030769230769
-0.0033378461538461535
0.04839876923076923
0.10055261538461538
0.12579507692307693
0.14936861538461538
0.1656406153846154
0.1543753846153846
0.10535076923076922
0.01940123076923077
-0.03504738461538461
-0.050067692307692306
-0.03921969230769231
0.007510153846153846
0.04714707692307692
0.0936683076923077
0.1395636923076923
0.1693956923076923
0.1777403076923077
0.11473846153846154
0.032544
-0.026702769230769228
-0.059872615384615385
-0.05653476923076922
-0.015854769230769228
0.03921969230769231
0.06905169230769231
0.09784061538461537
0.10555938461538462
0.09471138461538461
0.059038153846153844
-0.015228923076923076
-0.07405846153846153
-0.11995384615384615
-0.11745046153846153
-0.07092923076923077
-0.025659692307692307
0.020652923076923076
0.044435076923076924
0.050067692307692306
0.04860738461538461
0.026285538461538457
-0.02586830769230769
-0.10138707692307691
-0.1639716923076923
-0.17169046153846151
-0.13372246153846154
-0.08636676923076922
-0.03045784615384615
0.025033846153846153
0.06487938461538462
0.0974233846153846
0.10347323076923076
0.061124307692307686
-0.02586830769230769
-0.12308307692307692
-0.17315076923076922
-0.17377661538461536
-0.12099692307692309
-0.04547815384615384
-0.009804923076923077
0.014603076923076923
0.04693846153846153
0.050067692307692306
0.01272553846153846
-0.059872615384615385
-0.13267938461538462
-0.17252492307692308
-0.17899199999999998
-0.12788123076923075
-0.06133292307692308
-0.006884307692307692
0.045895384615384616
0.08115138461538463
0.10910584615384614
0.09992676923076924
0.04985907692307692
-0.02795446153846154
-0.09909230769230769
-0.12391753846153845
-0.09095630769230768
-0.021696
0.026702769230769228
0.07030338461538461
0.10535076923076922
0.13893784615384613
0.1637630769230769
0.14206707692307693
0.0961716923076923
0.019609846153846155
-0.04547815384615384
-0.06133292307692308
-0.037967999999999995
0.0002086153846153846
0.02795446153846154
0.040679999999999994
0.058412307692307694
0.09325107692307691
0.09846646153846153
0.06633969230769231
0.0043809230769230765
-0.05820369230769231
-0.08094276923076923
-0.06300184615384616
-0.015646153846153844
0.028163076923076923
0.045895384615384616
0.06821723076923077
0.09804923076923076
0.09930092307692308
0.06341907692307691
-0.021278769230769233
-0.09512861538461538
-0.12204
-0.11703323076923078
-0.07364123076923076
-0.03984553846153846
-0.020652923076923076
-0.008761846153846153
0.004589538461538461
0.02211323076923077
0.011265230769230769
-0.021487384615384613
-0.08135999999999999
-0.1218313846153846
-0.12266584615384615
-0.11098338461538461
-0.09325107692307691
-0.08740984615384616
-0.07030338461538461
-0.04568676923076923
-0.008344615384615384
0.01668923076923077
-0.0012516923076923076
-0.051319384615384614
-0.1136953846153846
-0.13518276923076925
-0.12496061538461539
-0.08761846153846153
-0.03713353846153846
-0.013560000000000001
0.015228923076923076
0.05611753846153846
0.08845292307692308
0.08344615384615384
0.021278769230769233
-0.04172307692307692
-0.06926030769230769
-0.03859384615384615
0.021904615384615383
0.0717636923076923
0.11265230769230769
0.12016246153846154
0.13455692307692307
0.15959076923076923
0.15938215384615384
0.13080184615384613
0.06738276923076922
0.02586830769230769
0.026702769230769228
0.054657230769230764
0.08845292307692308
0.08866153846153846
0.07218092307692307
0.06821723076923077
0.09763200000000001
0.13476553846153844
0.13393107692307693
0.09679753846153846
0.03942830769230769
0.015437538461538461
0.028788923076923077
0.04819015384615385
0.058412307692307694
0.04422646153846154
0.034630153846153845
0.03379569230769231
0.06154153846153846
0.08469784615384615
0.065088
0.022530461538461537
-0.026285538461538457
-0.03880246153846154
-0.031709538461538456
0.002712
0.03859384615384615
0.03650769230769231
0.03609046153846154
0.045895384615384616
0.06717415384615384
0.05611753846153846
0.003129230769230769
-0.04631261538461538
-0.06946892307692307
-0.03880246153846154
0.0002086153846153846
0.0033378461538461535
-0.008136
-0.026702769230769228
-0.02357353846153846
-0.005215384615384615
0.0035464615384615383
-0.005424
-0.047772923076923074
-0.07739630769230768
-0.0826116923076923
-0.06383630769230769
-0.04672984615384615
-0.059664
-0.04693846153846153
-0.026702769230769228
0.002712
0.02273907692307692
0.0
-0.034630153846153845
-0.08386338461538462
-0.09658892307692307
-0.06675692307692307
-0.031709538461538456
0.0012516923076923076
0.015646153846153844
0.04380923076923077
0.08490646153846154
