0.053405538461538456
0.03150092307692308
-0.012516923076923077
-0.06341907692307691
-0.08824430769230769
-0.07030338461538461
-0.05382276923076923
-0.05236246153846154
-0.03024923076923077
0.006258461538461538
0.04819015384615385
0.0853236923076923
0.08469784615384615
0.044435076923076924
-0.02023569230769231
-0.06487938461538462
-0.07238953846153846
-0.0771876923076923
-0.07510153846153846
-0.07781353846153846
-0.06717415384615384
-0.024408000000000003
0.02795446153846154
0.06800861538461538
0.04985907692307692
0.0006258461538461538
-0.042348923076923076
-0.062376
-0.051319384615384614
-0.04172307692307692
-0.04526953846153846
-0.04756430769230769
-0.021487384615384613
0.027328615384615382
0.06967753846153846
0.06967753846153846
0.016480615384615385
-0.04172307692307692
-0.06529661538461538
-0.05924676923076923
-0.047772923076923074
-0.054240000000000003
-0.05799507692307692
-0.03421292307692308
0.015437538461538461
0.092208
0.12913292307692306
0.09909230769230769
0.043600615384615383
-0.018983999999999997
-0.03337846153846154
-0.012099692307692308
0.0008344615384615384
0.0008344615384615384
-0.009179076923076922
0.003963692307692307
0.03775938461538462
0.06613107692307692
0.05570030769230769
0.0077187692307692304
-0.040679999999999994
-0.059664
-0.040679999999999994
-0.024616615384615383
-0.024199384615384616
-0.024408000000000003
-0.015854769230769228
0.03066646153846154
0.08720123076923077
0.0974233846153846
0.06592246153846154
0.006675692307692307
-0.04380923076923077
-0.06049846153846154
-0.05194523076923077
-0.03400430769230769
-0.02858030769230769
-0.015020307692307692
0.018983999999999997
0.06467076923076923
0.0961716923076923
0.08240307692307691
0.03296123076923077
-0.015020307692307692
-0.028788923076923077
-0.01856676923076923
0.003755076923076923
0.016272
0.013142769230769229
0.015854769230769228
0.02795446153846154
0.045895384615384616
0.03984553846153846
-0.008136
-0.054240000000000003
-0.06696553846153847
-0.04318338461538461
0.003963692307692307
0.025659692307692307
0.02023569230769231
0.018983999999999997
0.035464615384615386
0.053614153846153846
0.05611753846153846
0.03233538461538461
-0.014394461538461538
-0.05528307692307692
-0.065088
-0.03942830769230769
-0.019609846153846155
-0.023990769230769232
-0.028788923076923077
-0.01940123076923077
0.021278769230769233
0.08615815384615384
0.13121907692307694
0.138312
0.10493353846153847
0.07614461538461538
0.06279323076923077
0.029623384615384614
-0.009596307692307692
-0.04735569230769231
-0.06905169230769231
-0.05298830769230769
-0.011473846153846154
0.017523692307692306
0.013560000000000001
-0.013768615384615384
-0.03129230769230769
-0.019192615384615384
0.008344615384615384
0.021070153846153846
0.022947692307692308
0.017523692307692306
0.005215384615384615
0.022947692307692308
0.042557538461538466
0.029414769230769227
-0.002712
-0.037342153846153844
-0.06008123076923077
-0.06258461538461538
-0.050067692307692306
-0.06967753846153846
-0.1028473846153846
-0.10222153846153846
-0.07656184615384615
-0.022947692307692308
0.02211323076923077
0.0446436923076923
0.044435076923076924
0.01981846153846154
0.022530461538461537
0.03755076923076923
0.03150092307692308
-0.0006258461538461538
-0.026702769230769228
-0.015228923076923076
0.017940923076923077
0.06800861538461538
0.08907876923076924
0.07760492307692309
0.06425353846153846
0.05820369230769231
0.06550523076923077
0.042557538461538466
0.014603076923076923
-0.006049846153846154
-0.01856676923076923
0.01668923076923077
0.07259815384615384
0.1341396923076923
0.1693956923076923
0.1785747692307692
0.19735015384615384
0.20047938461538461
0.1794092307692308
0.13747753846153846
0.06300184615384616
-0.009179076923076922
-0.03859384615384615
-0.02753723076923077
0.006675692307692307
0.03901107692307692
0.07113784615384615
0.10848000000000001
0.1435273846153846
0.15750461538461538
0.14060676923076923
0.08010830769230769
-0.005424
-0.04860738461538461
-0.05173661538461538
-0.013768615384615384
0.026494153846153844
0.043600615384615383
0.06592246153846154
0.06988615384615385
0.073224
0.04735569230769231
-0.02044430769230769
-0.10013538461538461
-0.16584923076923075
-0.14603076923076924
-0.0961716923076923
-0.04214030769230769
0.012099692307692308
0.03024923076923077
0.06279323076923077
0.08782707692307692
0.0974233846153846
0.07468430769230769
0.006467076923076923
-0.05799507692307692
-0.10994030769230768
-0.12120553846153845
-0.0853236923076923
-0.026285538461538457
0.03755076923076923
0.09596307692307693
0.1489513846153846
0.17315076923076922
0.146448
0.07969107692307692
-0.018358153846153843
-0.09971815384615385
-0.1205796923076923
-0.07906523076923076
-0.0043809230769230765
0.05778646153846154
0.12037107692307693
0.1718990769230769
0.19964492307692308
0.1846246153846154
0.11745046153846153
0.021278769230769233
-0.08010830769230769
-0.12913292307692306
-0.1070196923076923
-0.03400430769230769
0.043600615384615383
0.100344
0.14123261538461537
