-0.021696
-0.0016689230769230767
0.013768615384615384
0.009179076923076922
-0.006884307692307692
0.006467076923076923
0.0446436923076923
0.07802215384615384
0.06633969230769231
0.02023569230769231
-0.026702769230769228
-0.05069353846153846
-0.03963692307692308
-0.024408000000000003
-0.028371692307692306
-0.05653476923076922
-0.07906523076923076
-0.06258461538461538
-0.030040615384615384
-0.011056615384615385
0.0006258461538461538
0.005424
0.006675692307692307
0.021696
0.03337846153846154
0.014603076923076923
-0.031709538461538456
-0.07531015384615385
-0.08469784615384615
-0.06633969230769231
-0.03379569230769231
-0.01397723076923077
-0.02586830769230769
-0.04318338461538461
-0.041514461538461535
-0.0077187692307692304
0.017523692307692306
0.007510153846153846
-0.009179076923076922
-0.015020307692307692
-0.006049846153846154
0.014185846153846153
0.03024923076923077
0.020652923076923076
0.010222153846153844
0.013351384615384614
0.03150092307692308
0.059664
0.04735569230769231
0.0033378461538461535
-0.024199384615384616
-0.027328615384615382
0.006675692307692307
0.04944184615384615
0.078648
0.10243015384615384
0.11160923076923077
0.12579507692307693
0.13205353846153844
0.11745046153846153
0.06717415384615384
0.003963692307692307
-0.029206153846153847
-0.037342153846153844
-0.007510153846153846
0.03212676923076923
0.06675692307692307
0.10055261538461538
0.12767261538461538
0.14978584615384616
0.1422756923076923
0.1045163076923077
0.04172307692307692
-0.008344615384615384
-0.01668923076923077
0.004589538461538461
0.0448523076923077
0.06529661538461538
0.06446215384615385
0.06800861538461538
0.0798996923076923
0.09012184615384615
0.07072061538461538
0.008344615384615384
-0.065088
-0.11494707692307692
-0.12433476923076923
-0.10430769230769231
-0.06592246153846154
-0.01814953846153846
0.015437538461538461
0.054657230769230764
0.09241661538461539
0.0853236923076923
0.009596307692307692
-0.09846646153846153
-0.1792006153846154
-0.20423446153846153
-0.17461107692307692
-0.11286092307692308
-0.029414769230769227
0.03838523076923077
0.0892873846153846
0.12600369230769232
0.09930092307692308
0.024616615384615383
-0.07259815384615384
-0.14957723076923077
-0.16605784615384614
-0.13226215384615383
-0.05736923076923077
0.014185846153846153
0.06070707692307692
0.08365476923076923
0.09053907692307692
0.09241661538461539
0.07343261538461537
0.02586830769230769
-0.04547815384615384
-0.08824430769230769
-0.07697907692307693
-0.03838523076923077
0.014394461538461538
0.06529661538461538
0.11411261538461538
0.14665661538461539
0.1612596923076923
0.1639716923076923
0.1316363076923077
0.073224
0.010639384615384617
-0.01856676923076923
0.006049846153846154
0.05319692307692307
0.10806276923076923
0.15395815384615386
0.19442953846153843
0.22697353846153845
0.2371956923076923
0.19693292307692306
0.08720123076923077
-0.015020307692307692
-0.07510153846153846
-0.07927384615384615
-0.026702769230769228
0.06321046153846153
0.1635544615384615
0.21800307692307694
0.23844738461538462
0.21967199999999998
0.1570873846153846
0.06759138461538462
-0.03901107692307692
-0.10472492307692308
-0.11432123076923076
-0.0717636923076923
0.0014603076923076922
0.06592246153846154
0.12496061538461539
0.1489513846153846
0.13643446153846153
0.1097316923076923
0.03859384615384615
-0.058829538461538454
-0.13455692307692307
-0.1696043076923077
-0.14957723076923077
-0.10096984615384616
-0.04944184615384615
-0.0029206153846153843
0.04088861538461538
0.0934596923076923
0.13601723076923075
0.14164984615384615
0.07843938461538462
-0.020652923076923076
-0.10722830769230769
-0.14832553846153845
-0.1397723076923077
-0.10117846153846152
-0.03400430769230769
0.022947692307692308
0.07030338461538461
0.11682461538461539
0.13622584615384614
0.09450276923076922
0.0025033846153846152
-0.05924676923076923
-0.0880356923076923
-0.08824430769230769
-0.03483876923076923
0.027745846153846152
0.08594953846153845
0.130176
0.15416676923076922
0.14978584615384616
0.08156861538461539
-0.016897846153846156
-0.11974523076923077
-0.1693956923076923
-0.14811692307692306
-0.08490646153846154
0.010639384615384617
0.07364123076923076
0.11724184615384614
0.15813046153846153
0.1775316923076923
0.16292861538461537
0.10222153846153846
0.03358707692307692
-0.03379569230769231
-0.07051199999999999
-0.05674338461538461
-0.023782153846153845
0.01397723076923077
0.040679999999999994
0.07092923076923077
0.09763200000000001
0.10555938461538462
0.08156861538461539
0.011056615384615385
-0.06133292307692308
-0.10159569230769232
-0.09137353846153846
-0.05924676923076923
-0.013560000000000001
0.04172307692307692
0.06550523076923077
0.086784
0.09033046153846153
0.05611753846153846
-0.010639384615384617
-0.10597661538461538
-0.15374953846153847
-0.1424843076923077
-0.09450276923076922
-0.03713353846153846
-0.0022947692307692304
0.023364923076923075
0.02858030769230769
0.0446436923076923
0.03838523076923077
-0.010848
-0.07155507692307693
