0.09158215384615384
0.06738276923076922
0.015228923076923076
-0.02211323076923077
-0.025659692307692307
-0.009804923076923077
0.0014603076923076922
0.0006258461538461538
-0.0006258461538461538
0.022530461538461537
0.07426707692307692
0.11494707692307692
0.103056
0.04088861538461538
-0.030875076923076922
-0.07697907692307693
-0.0717636923076923
-0.03838523076923077
-0.011891076923076923
0.009804923076923077
0.04693846153846153
0.09095630769230768
0.12204
0.11745046153846153
0.05611753846153846
-0.024408000000000003
-0.086784
-0.10806276923076923
-0.08615815384615384
-0.05674338461538461
-0.03755076923076923
-0.014603076923076923
0.01940123076923077
0.06133292307692308
0.09971815384615385
0.0892873846153846
0.029414769230769227
-0.03421292307692308
-0.07551876923076924
-0.08115138461538463
-0.06028984615384615
-0.03609046153846154
-0.0014603076923076922
0.02795446153846154
0.047772923076923074
0.073224
0.06571384615384615
0.021070153846153846
-0.03859384615384615
-0.07343261538461537
-0.06195876923076923
-0.028163076923076923
-0.007510153846153846
-0.008761846153846153
0.0022947692307692304
0.024408000000000003
0.056326153846153845
0.07155507692307693
0.033169846153846154
-0.025659692307692307
-0.07760492307692309
-0.09450276923076922
-0.08115138461538463
-0.05528307692307692
-0.035464615384615386
-0.015228923076923076
0.035464615384615386
0.07656184615384615
0.08615815384615384
0.06070707692307692
-0.00855323076923077
-0.073224
-0.10138707692307691
-0.09950953846153845
-0.0717636923076923
-0.047772923076923074
-0.010848
0.034630153846153845
0.07343261538461537
0.11473846153846154
0.1178676923076923
0.084072
0.026702769230769228
-0.021487384615384613
-0.03442153846153846
-0.04693846153846153
-0.050067692307692306
-0.049233230769230765
-0.044435076923076924
0.0004172307692307692
0.058412307692307694
0.10409907692307692
0.10994030769230768
0.05924676923076923
-0.0016689230769230767
-0.026494153846153844
-0.0077187692307692304
0.009179076923076922
0.011473846153846154
0.014185846153846153
0.03296123076923077
0.07697907692307693
0.11348676923076922
0.12642092307692307
0.09846646153846153
0.053614153846153846
0.018775384615384614
0.006675692307692307
0.016272
0.008344615384615384
0.0029206153846153843
0.019192615384615384
0.05736923076923077
0.10681107692307691
0.1316363076923077
0.10514215384615383
0.04422646153846154
-0.009596307692307692
-0.03671630769230769
-0.02586830769230769
-0.008970461538461538
-0.012934153846153845
-0.0035464615384615383
0.01272553846153846
0.03275261538461539
0.07072061538461538
0.07677046153846154
0.05319692307692307
0.02795446153846154
0.01981846153846154
0.04422646153846154
0.06571384615384615
0.05924676923076923
0.04193169230769231
0.03859384615384615
0.06049846153846154
0.09763200000000001
0.11724184615384614
0.0961716923076923
0.054657230769230764
0.02545107692307692
0.015020307692307692
0.021696
0.029206153846153847
0.026702769230769228
0.021904615384615383
0.040054153846153843
0.07551876923076924
0.0934596923076923
0.08010830769230769
0.04401784615384615
0.019192615384615384
0.013768615384615384
0.022530461538461537
0.03650769230769231
0.026076923076923077
-0.008136
-0.035464615384615386
-0.03775938461538462
-0.013142769230769229
0.020027076923076922
0.03045784615384615
0.026702769230769228
0.040262769230769234
0.058412307692307694
0.06529661538461538
0.049233230769230765
0.005841230769230769
-0.025659692307692307
-0.021070153846153846
0.021696
0.08010830769230769
0.11265230769230769
0.11223507692307692
0.11160923076923077
0.11578153846153846
0.132888
0.14436184615384615
0.09867507692307692
0.03337846153846154
-0.006675692307692307
-0.011473846153846154
0.02858030769230769
0.07781353846153846
0.09763200000000001
0.08907876923076924
0.09053907692307692
0.09512861538461538
0.09158215384615384
0.07948246153846153
0.028163076923076923
-0.007301538461538462
-0.014603076923076923
0.005841230769230769
0.049233230769230765
0.06967753846153846
0.07697907692307693
0.08073415384615384
0.09283384615384616
0.09950953846153845
0.08594953846153845
0.04401784615384615
-0.030875076923076922
-0.08386338461538462
-0.08887015384615385
-0.07009476923076922
-0.026494153846153844
0.005424
0.041514461538461535
0.08240307692307691
0.09179076923076923
0.09554584615384615
0.05757784615384615
-0.015020307692307692
-0.09554584615384615
-0.13622584615384614
-0.10785415384615385
-0.06675692307692307
-0.01668923076923077
0.01668923076923077
0.026494153846153844
0.02858030769230769
0.01856676923076923
-0.0022947692307692304
-0.05945538461538461
-0.11578153846153846
-0.154584
-0.1639716923076923
-0.12850707692307692
-0.09784061538461537
-0.06341907692307691
-0.03379569230769231
0.0016689230769230767
0.042557538461538466
0.038176615384615385
0.005215384615384615
-0.06049846153846154
-0.13476553846153844
-0.17252492307692308
-0.16105107692307694
-0.10952307692307692
-0.065088
-0.029414769230769227
-0.006884307692307692
