0.040262769230769234
0.07197230769230768
0.10764553846153846
0.10681107692307691
0.06842584615384616
0.009596307692307692
-0.06341907692307691
-0.10639384615384614
-0.11265230769230769
-0.08302892307692307
-0.04568676923076923
-0.013560000000000001
0.047772923076923074
0.12266584615384615
0.1760713846153846
0.1612596923076923
0.08156861538461539
0.008136
-0.03692492307692308
-0.04088861538461538
-0.015228923076923076
-0.011265230769230769
-0.015437538461538461
-0.025033846153846153
-0.011891076923076923
0.023364923076923075
0.023990769230769232
-0.008761846153846153
-0.07426707692307692
-0.12412615384615384
-0.1353913846153846
-0.11327815384615383
-0.07802215384615384
-0.059664
-0.04172307692307692
-0.021696
0.030040615384615384
0.048816000000000005
0.018983999999999997
-0.022530461538461537
-0.09074769230769231
-0.12516923076923075
-0.11911938461538461
-0.0826116923076923
-0.03275261538461539
-0.002712
0.029832
0.07677046153846154
0.12496061538461539
0.13309661538461537
0.08866153846153846
0.021278769230769233
-0.04172307692307692
-0.059038153846153844
-0.04109723076923077
-0.021278769230769233
-0.010848
-0.0014603076923076922
0.01814953846153846
0.043600615384615383
0.06425353846153846
0.030040615384615384
-0.03921969230769231
-0.0988836923076923
-0.12913292307692306
-0.10597661538461538
-0.07468430769230769
-0.047981538461538464
-0.028371692307692306
-0.008970461538461538
0.035464615384615386
0.07969107692307692
0.10368184615384615
0.09450276923076922
0.06926030769230769
0.04965046153846154
0.054240000000000003
0.08094276923076923
0.09179076923076923
0.09137353846153846
0.10138707692307691
0.1397723076923077
0.1856676923076923
0.19547261538461536
0.16876984615384616
0.09721476923076922
0.017732307692307693
-0.014394461538461538
-0.003129230769230769
0.03588184615384615
0.07405846153846153
0.10535076923076922
0.12767261538461538
0.14749107692307692
0.1612596923076923
0.13434830769230768
0.07489292307692308
-0.009179076923076922
-0.061124307692307686
-0.06842584615384616
-0.06988615384615385
-0.052571076923076915
-0.06341907692307691
-0.07343261538461537
-0.041514461538461535
0.003129230769230769
0.046104
0.03629907692307692
0.002086153846153846
-0.018775384615384614
-0.03233538461538461
-0.013560000000000001
0.0012516923076923076
0.003963692307692307
0.005632615384615384
0.0077187692307692304
0.03629907692307692
0.05570030769230769
0.052571076923076915
0.0029206153846153843
-0.06487938461538462
-0.09491999999999999
-0.10222153846153846
-0.06529661538461538
-0.03504738461538461
-0.01668923076923077
0.005841230769230769
-0.0002086153846153846
0.022530461538461537
0.03629907692307692
0.006467076923076923
-0.043392
-0.09325107692307691
-0.08177723076923075
-0.043600615384615383
-0.010013538461538461
-0.0077187692307692304
-0.025659692307692307
-0.008344615384615384
0.016063384615384615
0.040262769230769234
0.018775384615384614
-0.016480615384615385
-0.018358153846153843
-0.017940923076923077
0.010848
0.03692492307692308
0.06258461538461538
0.08010830769230769
0.08052553846153847
0.10660246153846153
0.13330523076923076
0.16188553846153847
0.14436184615384615
0.09033046153846153
0.042348923076923076
-0.006049846153846154
-0.0012516923076923076
0.015020307692307692
0.01397723076923077
0.022947692307692308
0.05069353846153846
0.0988836923076923
0.12579507692307693
0.11140061538461538
0.051528
-0.014603076923076923
-0.03024923076923077
-0.006884307692307692
0.02753723076923077
0.025659692307692307
0.005424
0.004798153846153846
0.011265230769230769
0.04109723076923077
0.051319384615384614
0.026702769230769228
-0.014394461538461538
-0.042974769230769226
-0.021070153846153846
0.008344615384615384
0.03379569230769231
0.029832
0.005632615384615384
0.005215384615384615
0.02482523076923077
0.05403138461538461
0.04109723076923077
0.004589538461538461
-0.030040615384615384
-0.05298830769230769
-0.03483876923076923
-0.029832
-0.03901107692307692
-0.050067692307692306
-0.05820369230769231
-0.03859384615384615
-0.01668923076923077
0.0022947692307692304
0.0050067692307692304
-0.010222153846153844
-0.02273907692307692
-0.030040615384615384
-0.013351384615384614
-0.008344615384615384
-0.023782153846153845
-0.02044430769230769
-0.0006258461538461538
0.03483876923076923
0.0448523076923077
0.045060923076923075
0.03400430769230769
0.015854769230769228
0.04380923076923077
0.065088
0.08636676923076922
0.07635323076923077
0.03045784615384615
0.004589538461538461
-0.025033846153846153
-0.012516923076923077
0.02545107692307692
0.03713353846153846
0.05820369230769231
0.09804923076923076
0.13226215384615383
0.13768615384615385
0.11098338461538461
0.05945538461538461
-0.0014603076923076922
-0.03275261538461539
-0.026494153846153844
0.0025033846153846152
0.016063384615384615
0.016063384615384615
0.04672984615384615
0.06446215384615385
0.08156861538461539
0.07781353846153846
0.02858030769230769
-0.019192615384615384
-0.05799507692307692
-0.06279323076923077
-0.051319384615384614
