-0.10827138461538462
-0.15896492307692306
-0.15667015384615385
-0.11599015384615384
-0.054657230769230764
0.015646153846153844
0.06988615384615385
0.13768615384615385
0.17169046153846151
0.13998092307692306
0.07009476923076922
-0.03921969230769231
-0.10827138461538462
-0.11849353846153846
-0.09679753846153846
-0.04214030769230769
0.0022947692307692304
0.03483876923076923
0.07802215384615384
0.12433476923076923
0.13643446153846153
0.08010830769230769
-0.015228923076923076
-0.10117846153846152
-0.12245723076923076
-0.09304246153846155
-0.04652123076923077
0.018983999999999997
0.04860738461538461
0.0853236923076923
0.11411261538461538
0.10514215384615383
0.07510153846153846
-0.012099692307692308
-0.08073415384615384
-0.13852061538461538
-0.1435273846153846
-0.09846646153846153
-0.06800861538461538
-0.014394461538461538
0.01981846153846154
0.06863446153846153
0.09408553846153846
0.08845292307692308
0.05194523076923077
-0.05090215384615384
-0.10764553846153846
-0.13184492307692308
-0.1097316923076923
-0.06028984615384615
-0.03921969230769231
0.017315076923076923
0.06675692307692307
0.11223507692307692
0.1506203076923077
0.13121907692307694
0.08866153846153846
0.021278769230769233
-0.01856676923076923
-0.02086153846153846
-0.02482523076923077
-0.0077187692307692304
-0.011891076923076923
0.003963692307692307
0.05486584615384615
0.08720123076923077
0.0961716923076923
0.03400430769230769
-0.040679999999999994
-0.07677046153846154
-0.08240307692307691
-0.048816000000000005
-0.015437538461538461
0.004589538461538461
0.011891076923076923
0.023990769230769232
0.03921969230769231
0.03775938461538462
0.013768615384615384
-0.04109723076923077
-0.08156861538461539
-0.07781353846153846
-0.06195876923076923
-0.04547815384615384
-0.026285538461538457
-0.011473846153846154
0.014394461538461538
0.06446215384615385
0.10743692307692307
0.1136953846153846
0.08949599999999999
0.03066646153846154
-0.0012516923076923076
0.007510153846153846
0.0014603076923076922
-0.008761846153846153
-0.030040615384615384
-0.030875076923076922
0.0016689230769230767
0.03859384615384615
0.07280676923076923
0.05799507692307692
0.0006258461538461538
-0.04276615384615385
-0.049233230769230765
-0.033169846153846154
-0.019609846153846155
-0.023990769230769232
-0.04047138461538462
-0.02357353846153846
0.02315630769230769
0.07551876923076924
0.08699261538461538
0.03275261538461539
-0.02524246153846154
-0.06362769230769232
-0.07927384615384615
-0.07927384615384615
-0.07197230769230768
-0.06800861538461538
-0.04902461538461538
-0.012308307692307691
0.02795446153846154
0.0609156923076923
0.040679999999999994
0.003963692307692307
-0.016897846153846156
-0.013768615384615384
-0.004589538461538461
-0.017940923076923077
-0.02211323076923077
-0.016897846153846156
0.01272553846153846
0.06529661538461538
0.08344615384615384
0.07218092307692307
0.020652923076923076
-0.042557538461538466
-0.05236246153846154
-0.048816000000000005
-0.03108369230769231
-0.015020307692307692
-0.0016689230769230767
0.03921969230769231
0.09095630769230768
0.14519630769230768
0.15354092307692307
0.10806276923076923
0.020027076923076922
-0.04214030769230769
-0.04088861538461538
-0.03859384615384615
-0.027120000000000002
-0.01668923076923077
-0.003963692307692307
0.02524246153846154
0.06487938461538462
0.09241661538461539
0.08073415384615384
0.04547815384615384
0.015437538461538461
-0.0008344615384615384
-0.0070929230769230765
-0.015646153846153844
-0.06195876923076923
-0.09491999999999999
-0.09596307692307693
-0.06154153846153846
-0.023782153846153845
-0.0448523076923077
-0.07238953846153846
-0.1178676923076923
-0.1635544615384615
-0.16251138461538459
-0.14290153846153844
-0.12204
-0.09930092307692308
-0.061124307692307686
0.002086153846153846
0.061750153846153844
0.06696553846153847
0.011473846153846154
-0.06383630769230769
-0.1045163076923077
-0.10743692307692307
-0.07948246153846153
-0.03233538461538461
0.0012516923076923076
0.027745846153846152
0.04422646153846154
0.08302892307692307
0.10764553846153846
0.0826116923076923
0.04109723076923077
-0.02524246153846154
-0.032544
-0.006675692307692307
0.005841230769230769
0.010848
-0.005632615384615384
0.013351384615384614
0.03984553846153846
0.08219446153846154
0.10493353846153847
0.08720123076923077
0.06759138461538462
0.04047138461538462
0.037967999999999995
0.04547815384615384
0.048816000000000005
0.044435076923076924
0.045895384615384616
0.06675692307692307
0.1097316923076923
0.15228923076923076
0.16626646153846153
0.13038461538461538
0.08094276923076923
0.07802215384615384
0.08866153846153846
0.10910584615384614
0.10743692307692307
0.09304246153846155
0.10827138461538462
0.13789476923076924
0.17899199999999998
0.17085599999999998
0.11870215384615385
0.07405846153846153
0.05173661538461538
0.05924676923076923
0.0717636923076923
0.08365476923076923
0.06905169230769231
0.05444861538461539
0.058829538461538454
0.06633969230769231
0.08511507692307693
0.0717636923076923
0.044435076923076924
0.01814953846153846
-0.0006258461538461538
0.0070929230769230765
-0.005215384615384615
