-0.08594953846153845
-0.053405538461538456
-0.015854769230769228
0.03296123076923077
0.1028473846153846
0.14582215384615385
0.16209415384615386
0.13518276923076925
0.06383630769230769
0.0022947692307692304
-0.04109723076923077
-0.03567323076923076
-0.02899753846153846
-0.042348923076923076
-0.03108369230769231
-0.006258461538461538
0.02858030769230769
0.037967999999999995
0.010639384615384617
-0.04714707692307692
-0.12496061538461539
-0.16251138461538459
-0.16647507692307692
-0.14957723076923077
-0.1136953846153846
-0.08636676923076922
-0.04380923076923077
0.011473846153846154
0.04819015384615385
0.035464615384615386
-0.021278769230769233
-0.10055261538461538
-0.15374953846153847
-0.14978584615384616
-0.13309661538461537
-0.12350030769230769
-0.13267938461538462
-0.12955015384615384
-0.08323753846153846
-0.028788923076923077
0.010639384615384617
0.021070153846153846
0.010639384615384617
0.010848
0.02357353846153846
0.06028984615384615
0.09930092307692308
0.10389046153846154
0.09554584615384615
0.09137353846153846
0.09658892307692307
0.0974233846153846
0.07906523076923076
0.03609046153846154
-0.013768615384615384
-0.03337846153846154
-0.008970461538461538
0.03400430769230769
0.059664
0.07885661538461539
0.09700615384615385
0.12141415384615384
0.16042523076923076
0.1775316923076923
0.15354092307692307
0.09512861538461538
0.026076923076923077
-0.004589538461538461
-0.002086153846153846
0.003129230769230769
0.0033378461538461535
0.010639384615384617
0.04672984615384615
0.08949599999999999
0.13247076923076923
0.14519630769230768
0.111192
0.07364123076923076
0.05194523076923077
0.06759138461538462
0.0892873846153846
0.08907876923076924
0.07489292307692308
0.06341907692307691
0.06154153846153846
0.05069353846153846
0.030875076923076922
-0.008970461538461538
-0.051528
-0.06696553846153847
-0.06133292307692308
-0.033169846153846154
-0.008136
-0.008136
-0.0035464615384615383
0.006884307692307692
0.02482523076923077
0.022947692307692308
-0.021278769230769233
-0.08428061538461538
-0.15208061538461537
-0.1785747692307692
-0.1706473846153846
-0.15145476923076923
-0.12037107692307693
-0.0961716923076923
-0.065088
-0.027745846153846152
0.0077187692307692304
0.008136
-0.03650769230769231
-0.09053907692307692
-0.13059323076923077
-0.12308307692307692
-0.09012184615384615
-0.05236246153846154
-0.003963692307692307
0.051528
0.11035753846153845
0.1462393846153846
0.15813046153846153
0.12350030769230769
0.035464615384615386
-0.03066646153846154
-0.042557538461538466
-0.01710646153846154
0.009804923076923077
0.019192615384615384
0.05173661538461538
0.10243015384615384
0.14519630769230768
0.16897846153846155
0.14707384615384617
0.09658892307692307
0.03629907692307692
0.012934153846153845
0.04318338461538461
0.08219446153846154
0.10096984615384616
0.09304246153846155
0.09846646153846153
0.09116492307692307
0.09012184615384615
0.09554584615384615
0.059872615384615385
0.016480615384615385
-0.03442153846153846
-0.03379569230769231
0.010013538461538461
0.04380923076923077
0.06759138461538462
0.06362769230769232
0.0853236923076923
0.12141415384615384
0.1356
0.1045163076923077
0.013351384615384614
-0.05069353846153846
-0.07030338461538461
-0.04714707692307692
-0.0050067692307692304
0.0
-0.0029206153846153843
-0.002086153846153846
0.02232184615384615
0.05027630769230769
0.052153846153846155
0.031918153846153846
-0.024199384615384616
-0.05611753846153846
-0.037967999999999995
-0.005215384615384615
0.027328615384615382
0.045895384615384616
0.04380923076923077
0.03838523076923077
0.054657230769230764
0.07551876923076924
0.06362769230769232
0.026702769230769228
0.005215384615384615
0.005215384615384615
0.02357353846153846
0.05924676923076923
0.07927384615384615
0.055491692307692304
0.030875076923076922
0.03379569230769231
0.054657230769230764
0.05736923076923077
0.010013538461538461
-0.015020307692307692
-0.028788923076923077
-0.023990769230769232
0.013351384615384614
0.03400430769230769
0.03859384615384615
0.006049846153846154
-0.003963692307692307
0.012516923076923077
0.012099692307692308
-0.006884307692307692
-0.05069353846153846
-0.07426707692307692
-0.061750153846153844
-0.024408000000000003
0.012099692307692308
0.021696
0.011891076923076923
0.009179076923076922
0.02545107692307692
0.0448523076923077
0.04631261538461538
0.03755076923076923
0.027745846153846152
0.03629907692307692
0.06487938461538462
0.07072061538461538
0.07739630769230768
0.07113784615384615
0.043600615384615383
0.027120000000000002
0.04047138461538462
0.07551876923076924
0.06613107692307692
0.03129230769230769
0.016897846153846156
0.027120000000000002
0.04109723076923077
0.03358707692307692
0.003129230769230769
-0.03483876923076923
-0.06258461538461538
-0.06425353846153846
-0.049233230769230765
-0.048816000000000005
-0.06133292307692308
-0.06654830769230768
-0.04652123076923077
-0.017940923076923077
0.008970461538461538
-0.006049846153846154
-0.061750153846153844
-0.10472492307692308
