-0.009804923076923077
-0.022530461538461537
-0.016897846153846156
0.004798153846153846
0.04526953846153846
0.10618523076923077
0.14206707692307693
0.13309661538461537
0.0853236923076923
0.026285538461538457
0.003755076923076923
0.0050067692307692304
0.004172307692307692
0.003755076923076923
0.004589538461538461
0.024616615384615383
0.056951999999999996
0.09283384615384616
0.10430769230769231
0.07572738461538461
0.03379569230769231
-0.004172307692307692
-0.016063384615384615
-0.015854769230769228
-0.014185846153846153
-0.01814953846153846
-0.004172307692307692
0.037967999999999995
0.08720123076923077
0.1207883076923077
0.08699261538461538
0.029623384615384614
-0.027328615384615382
-0.07510153846153846
-0.07697907692307693
-0.07781353846153846
-0.07635323076923077
-0.054657230769230764
-0.031918153846153846
0.006258461538461538
0.034630153846153845
0.020027076923076922
-0.026494153846153844
-0.08219446153846154
-0.100344
-0.08010830769230769
-0.06863446153846153
-0.06446215384615385
-0.05778646153846154
-0.05027630769230769
-0.027120000000000002
-0.0029206153846153843
0.003129230769230769
-0.017315076923076923
-0.06321046153846153
-0.08991323076923076
-0.08031692307692308
-0.06884307692307692
-0.0880356923076923
-0.11035753846153845
-0.09909230769230769
-0.07468430769230769
-0.02086153846153846
0.040262769230769234
0.05528307692307692
0.013351384615384614
-0.05820369230769231
-0.08469784615384615
-0.07405846153846153
-0.07468430769230769
-0.08094276923076923
-0.10368184615384615
-0.111192
-0.07301538461538462
-0.02524246153846154
-0.0008344615384615384
-0.027328615384615382
-0.0678
-0.09033046153846153
-0.08574092307692306
-0.04401784615384615
-0.013768615384615384
0.0
0.015020307692307692
0.03838523076923077
0.07802215384615384
0.09408553846153846
0.06404492307692307
0.011265230769230769
-0.03609046153846154
-0.03880246153846154
0.002086153846153846
0.04172307692307692
0.05486584615384615
0.042974769230769226
0.048816000000000005
0.07384984615384615
0.10055261538461538
0.11891076923076922
0.08219446153846154
0.028788923076923077
0.002086153846153846
-0.0012516923076923076
0.008344615384615384
-0.006258461538461538
-0.014185846153846153
-0.004798153846153846
0.03108369230769231
0.09950953846153845
0.1397723076923077
0.138312
0.09700615384615385
0.045895384615384616
0.01814953846153846
0.01668923076923077
0.033169846153846154
0.03275261538461539
0.029206153846153847
0.049233230769230765
0.086784
0.12454338461538461
0.12829846153846153
0.10430769230769231
0.08177723076923075
0.08156861538461539
0.11432123076923076
0.1368516923076923
0.13101046153846155
0.09199938461538461
0.04902461538461538
0.03483876923076923
0.025659692307692307
0.020652923076923076
-0.008136
-0.03588184615384615
-0.031918153846153846
-0.006675692307692307
0.03713353846153846
0.054657230769230764
0.038176615384615385
0.010639384615384617
0.0014603076923076922
0.021904615384615383
0.03880246153846154
0.0446436923076923
0.02044430769230769
-0.0077187692307692304
-0.010639384615384617
-0.0022947692307692304
0.008344615384615384
-0.01856676923076923
-0.04902461538461538
-0.049233230769230765
-0.01981846153846154
0.03880246153846154
0.0744756923076923
0.07468430769230769
0.07051199999999999
0.07155507692307693
0.08386338461538462
0.1028473846153846
0.0936683076923077
0.05486584615384615
0.015228923076923076
0.007301538461538462
0.024199384615384616
0.03379569230769231
0.03379569230769231
0.016897846153846156
0.009596307692307692
0.03233538461538461
0.061124307692307686
0.07259815384615384
0.03859384615384615
-0.032544
-0.07802215384615384
-0.08010830769230769
-0.052571076923076915
-0.005841230769230769
0.027328615384615382
0.0448523076923077
0.061750153846153844
0.08240307692307691
0.0798996923076923
0.03337846153846154
-0.04401784615384615
-0.111192
-0.14018953846153845
-0.12266584615384615
-0.07614461538461538
-0.04276615384615385
-0.02357353846153846
-0.006049846153846154
0.023990769230769232
0.05403138461538461
0.06049846153846154
0.028788923076923077
-0.012308307692307691
-0.04130584615384615
-0.03880246153846154
0.0029206153846153843
0.03421292307692308
0.055491692307692304
0.05111076923076923
0.04860738461538461
0.05090215384615384
0.024199384615384616
-0.011682461538461537
-0.0771876923076923
-0.12350030769230769
-0.11682461538461539
-0.07572738461538461
0.0018775384615384615
0.058829538461538454
0.09199938461538461
0.11765907692307691
0.1218313846153846
0.11807630769230769
0.08302892307692307
0.021487384615384613
-0.026702769230769228
-0.04944184615384615
-0.05820369230769231
-0.03713353846153846
0.017315076923076923
0.06195876923076923
0.09053907692307692
0.11557292307692307
0.13393107692307693
0.11432123076923076
0.0446436923076923
-0.028163076923076923
-0.07280676923076923
-0.07948246153846153
-0.03984553846153846
0.01981846153846154
0.07572738461538461
0.10368184615384615
0.11223507692307692
0.111192
0.07843938461538462
0.02586830769230769
-0.05444861538461539
-0.12704676923076924
