-0.12224861538461537
-0.0892873846153846
-0.06654830769230768
-0.03775938461538462
-0.01668923076923077
0.030875076923076922
0.06821723076923077
0.06049846153846154
0.01043076923076923
-0.05194523076923077
-0.06362769230769232
-0.05528307692307692
-0.028788923076923077
0.011473846153846154
0.04631261538461538
0.07802215384615384
0.09575446153846154
0.09992676923076924
0.08219446153846154
0.03024923076923077
-0.037967999999999995
-0.07697907692307693
-0.05507446153846154
0.0025033846153846152
0.049233230769230765
0.0936683076923077
0.12204
0.13998092307692306
0.15875630769230767
0.13768615384615385
0.09074769230769231
0.015228923076923076
-0.06321046153846153
-0.08115138461538463
-0.04839876923076923
0.00855323076923077
0.06154153846153846
0.10785415384615385
0.14603076923076924
0.16438892307692307
0.1639716923076923
0.12621230769230768
0.054657230769230764
-0.027745846153846152
-0.08240307692307691
-0.07092923076923077
-0.016063384615384615
0.05277969230769231
0.10639384615384614
0.13351384615384615
0.14790830769230767
0.14853415384615384
0.13476553846153844
0.07656184615384615
-0.010848
-0.07802215384615384
-0.11035753846153845
-0.08448923076923077
-0.03275261538461539
0.02232184615384615
0.08761846153846153
0.1316363076923077
0.15938215384615384
0.15145476923076923
0.09721476923076922
0.024199384615384616
-0.04526953846153846
-0.08428061538461538
-0.08115138461538463
-0.02899753846153846
0.031918153846153846
0.07697907692307693
0.1178676923076923
0.14206707692307693
0.14853415384615384
0.12224861538461537
0.06258461538461538
-0.004589538461538461
-0.05674338461538461
-0.051319384615384614
-0.0050067692307692304
0.04985907692307692
0.11181784615384616
0.14269292307692305
0.1558356923076923
0.154584
0.12516923076923075
0.07405846153846153
-0.025033846153846153
-0.1070196923076923
-0.14290153846153844
-0.12350030769230769
-0.05027630769230769
0.009387692307692307
0.06300184615384616
0.0961716923076923
0.13247076923076923
0.13768615384615385
0.08740984615384616
0.012516923076923077
-0.09867507692307692
-0.15938215384615384
-0.16438892307692307
-0.12788123076923075
-0.07238953846153846
-0.015228923076923076
0.05507446153846154
0.10159569230769232
0.143736
0.13872923076923074
0.09283384615384616
0.026494153846153844
-0.043392
-0.059664
-0.051528
-0.010013538461538461
0.051319384615384614
0.09721476923076922
0.13121907692307694
0.15124615384615384
0.15667015384615385
0.10764553846153846
0.021696
-0.04109723076923077
-0.07551876923076924
-0.07343261538461537
-0.035255999999999996
0.021278769230769233
0.056951999999999996
0.06258461538461538
0.06759138461538462
0.054657230769230764
0.013560000000000001
-0.03984553846153846
-0.10430769230769231
-0.15145476923076923
-0.17169046153846151
-0.15145476923076923
-0.10117846153846152
-0.06341907692307691
-0.008344615384615384
0.03650769230769231
0.059664
0.05611753846153846
0.017940923076923077
-0.047981538461538464
-0.1289243076923077
-0.14686523076923075
-0.1341396923076923
-0.0961716923076923
-0.05090215384615384
-0.006884307692307692
0.05611753846153846
0.08386338461538462
0.1151556923076923
0.11140061538461538
0.07280676923076923
0.01710646153846154
-0.046104
-0.053614153846153846
-0.06279323076923077
-0.06383630769230769
-0.05403138461538461
-0.047772923076923074
-0.005632615384615384
0.04631261538461538
0.09053907692307692
0.0961716923076923
0.055491692307692304
0.018775384615384614
-0.012099692307692308
-0.014811692307692307
-0.008344615384615384
-0.013142769230769229
0.0
0.014185846153846153
0.07092923076923077
0.12788123076923075
0.1316363076923077
0.09554584615384615
0.018358153846153843
-0.016480615384615385
-0.02211323076923077
-0.004798153846153846
0.02545107692307692
0.03150092307692308
0.06154153846153846
0.08615815384615384
0.11974523076923077
0.12704676923076924
0.07343261538461537
0.013560000000000001
-0.05945538461538461
-0.09179076923076923
-0.08636676923076922
-0.07760492307692309
-0.06425353846153846
-0.053614153846153846
-0.028371692307692306
0.007927384615384614
0.047981538461538464
0.050067692307692306
0.009179076923076922
-0.03755076923076923
-0.06759138461538462
-0.07113784615384615
-0.07760492307692309
-0.08490646153846154
-0.08657538461538461
-0.07405846153846153
-0.02044430769230769
0.05382276923076923
0.09596307692307693
0.07551876923076924
0.02044430769230769
-0.024199384615384616
-0.03379569230769231
-0.022530461538461537
-0.004798153846153846
0.005632615384615384
0.016272
0.042974769230769226
0.07468430769230769
0.10368184615384615
0.07969107692307692
0.012516923076923077
-0.042974769230769226
-0.06279323076923077
-0.035464615384615386
-0.0043809230769230765
-0.0006258461538461538
-0.013142769230769229
-0.016897846153846156
0.006884307692307692
0.03150092307692308
0.03024923076923077
-0.006049846153846154
-0.055491692307692304
-0.07364123076923076
-0.06341907692307691
-0.03108369230769231
0.0
0.008761846153846153
0.019609846153846155
