-0.08302892307692307
-0.06049846153846154
-0.03108369230769231
-0.011473846153846154
0.021278769230769233
0.029623384615384614
0.0853236923076923
0.11724184615384614
0.09846646153846153
0.058412307692307694
-0.02273907692307692
-0.03296123076923077
-0.013768615384615384
0.011473846153846154
0.025033846153846153
0.008136
0.03838523076923077
0.05382276923076923
0.07614461538461538
0.07656184615384615
0.02586830769230769
-0.00855323076923077
-0.043392
-0.020652923076923076
0.006049846153846154
0.006049846153846154
0.022947692307692308
0.02899753846153846
0.06425353846153846
0.08344615384615384
0.0974233846153846
0.0798996923076923
0.021070153846153846
-0.006675692307692307
-0.03483876923076923
-0.027120000000000002
-0.042348923076923076
-0.07823076923076923
-0.08094276923076923
-0.07572738461538461
-0.015020307692307692
0.016897846153846156
0.01814953846153846
0.006258461538461538
-0.024408000000000003
-0.010013538461538461
-0.011473846153846154
-0.017940923076923077
-0.04422646153846154
-0.09012184615384615
-0.0826116923076923
-0.05403138461538461
-0.006675692307692307
0.04318338461538461
0.04902461538461538
0.03045784615384615
0.009596307692307692
0.021278769230769233
0.041514461538461535
0.03713353846153846
0.015854769230769228
-0.006049846153846154
0.016480615384615385
0.05069353846153846
0.09596307692307693
0.11682461538461539
0.10263876923076923
0.0988836923076923
0.08386338461538462
0.08073415384615384
0.058412307692307694
0.013768615384615384
-0.027745846153846152
-0.052153846153846155
-0.02044430769230769
0.031918153846153846
0.0855323076923077
0.09575446153846154
0.06195876923076923
0.05403138461538461
0.052153846153846155
0.04276615384615385
0.011265230769230769
-0.042348923076923076
-0.07280676923076923
-0.08156861538461539
-0.037342153846153844
0.04276615384615385
0.07781353846153846
0.08782707692307692
0.07572738461538461
0.06571384615384615
0.03984553846153846
-0.0035464615384615383
-0.027120000000000002
-0.078648
-0.09137353846153846
-0.086784
-0.06717415384615384
-0.028163076923076923
-0.02753723076923077
-0.007510153846153846
-0.016480615384615385
-0.015020307692307692
-0.0029206153846153843
-0.04422646153846154
-0.09533723076923077
-0.16188553846153847
-0.18086953846153844
-0.16000799999999998
-0.12788123076923075
-0.08511507692307693
-0.07531015384615385
-0.06133292307692308
-0.04130584615384615
-0.027328615384615382
-0.04985907692307692
-0.12037107692307693
-0.16793538461538463
-0.1829556923076923
-0.14582215384615385
-0.07885661538461539
-0.005215384615384615
0.06613107692307692
0.08323753846153846
0.09450276923076922
0.10159569230769232
0.08720123076923077
0.0446436923076923
-0.03609046153846154
-0.08302892307692307
-0.08699261538461538
-0.055491692307692304
0.0077187692307692304
0.04631261538461538
0.08302892307692307
0.12162276923076921
0.13914646153846155
0.14874276923076923
0.11974523076923077
0.05674338461538461
-0.026494153846153844
-0.07739630769230768
-0.06133292307692308
-0.011891076923076923
0.04380923076923077
0.07927384615384615
0.11891076923076922
0.14999446153846155
0.157296
0.14206707692307693
0.08198584615384615
0.017940923076923077
-0.029206153846153847
-0.03880246153846154
-0.008136
0.029414769230769227
0.08240307692307691
0.12642092307692307
0.14957723076923077
0.15938215384615384
0.14269292307692305
0.07739630769230768
-0.013142769230769229
-0.08115138461538463
-0.10368184615384615
-0.0678
-0.016272
0.040054153846153843
0.08156861538461539
0.09408553846153846
0.11828492307692307
0.12412615384615384
0.0828203076923077
0.0006258461538461538
-0.09512861538461538
-0.15520984615384617
-0.16063384615384615
-0.12454338461538461
-0.06487938461538462
0.0043809230769230765
0.05757784615384615
0.08302892307692307
0.08615815384615384
0.065088
0.007510153846153846
-0.07030338461538461
-0.12329169230769231
-0.13393107692307693
-0.10597661538461538
-0.055491692307692304
-0.0016689230769230767
0.04568676923076923
0.07343261538461537
0.0963803076923077
0.09930092307692308
0.058412307692307694
-0.013142769230769229
-0.10117846153846152
-0.15479261538461536
-0.143736
-0.08031692307692308
-0.0035464615384615383
0.046104
0.08428061538461538
0.12099692307692309
0.12934153846153845
0.10868861538461538
0.05277969230769231
-0.02524246153846154
-0.07781353846153846
-0.0855323076923077
-0.04422646153846154
0.010013538461538461
0.05674338461538461
0.092208
0.11745046153846153
0.14311015384615386
0.132888
0.08845292307692308
0.04422646153846154
0.0
-0.020027076923076922
-0.0006258461538461538
0.042348923076923076
0.09471138461538461
0.13476553846153844
0.1704387692307692
0.20527753846153846
0.19192615384615386
0.13872923076923074
0.07072061538461538
-0.01272553846153846
-0.05799507692307692
-0.051319384615384614
-0.017523692307692306
0.027120000000000002
0.06008123076923077
0.08615815384615384
0.1218313846153846
0.13768615384615385
0.12120553846153845
0.07092923076923077
-0.034630153846153845
