-0.09596307692307693
-0.1718990769230769
-0.18253846153846154
-0.12704676923076924
-0.025033846153846153
0.04965046153846154
0.08720123076923077
0.10889723076923077
0.1218313846153846
0.1136953846153846
0.06571384615384615
-0.0014603076923076922
-0.058829538461538454
-0.1045163076923077
-0.09971815384615385
-0.04318338461538461
0.00855323076923077
0.042557538461538466
0.06926030769230769
0.10430769230769231
0.12391753846153845
0.11244369230769231
0.06258461538461538
-0.005841230769230769
-0.05757784615384615
-0.07259815384615384
-0.02357353846153846
0.04380923076923077
0.10660246153846153
0.15813046153846153
0.17899199999999998
0.19150892307692308
0.17023015384615386
0.09033046153846153
-0.028163076923076923
-0.138312
-0.17628
-0.14832553846153845
-0.08302892307692307
0.0016689230769230767
0.06487938461538462
0.10660246153846153
0.12266584615384615
0.11140061538461538
0.08219446153846154
0.015854769230769228
-0.05716061538461538
-0.10555938461538462
-0.09784061538461537
-0.04693846153846153
0.015854769230769228
0.08699261538461538
0.12767261538461538
0.15833907692307692
0.1666836923076923
0.13267938461538462
0.08052553846153847
0.0029206153846153843
-0.05862092307692307
-0.07656184615384615
-0.051528
0.006258461538461538
0.05653476923076922
0.09763200000000001
0.12788123076923075
0.15646153846153846
0.17815753846153848
0.15833907692307692
0.10806276923076923
0.03483876923076923
-0.030875076923076922
-0.05570030769230769
-0.04672984615384615
-0.013560000000000001
0.01981846153846154
0.05611753846153846
0.1028473846153846
0.12579507692307693
0.1151556923076923
0.07614461538461538
0.015437538461538461
-0.042974769230769226
-0.07739630769230768
-0.055491692307692304
-0.0033378461538461535
0.04193169230769231
0.08198584615384615
0.12037107692307693
0.1543753846153846
0.15541846153846153
0.11891076923076922
0.06404492307692307
0.006467076923076923
-0.017940923076923077
-0.0033378461538461535
0.02545107692307692
0.056951999999999996
0.07551876923076924
0.0936683076923077
0.12016246153846154
0.1341396923076923
0.12412615384615384
0.06821723076923077
-0.015228923076923076
-0.08031692307692308
-0.10117846153846152
-0.100344
-0.09825784615384614
-0.06675692307692307
-0.024408000000000003
0.015646153846153844
0.04944184615384615
0.05403138461538461
0.03150092307692308
-0.024616615384615383
-0.08094276923076923
-0.10994030769230768
-0.12099692307692309
-0.12308307692307692
-0.12099692307692309
-0.10138707692307691
-0.06383630769230769
-0.011891076923076923
0.03150092307692308
0.05570030769230769
0.03337846153846154
-0.017315076923076923
-0.05069353846153846
-0.06070707692307692
-0.030875076923076922
-0.006049846153846154
0.01710646153846154
0.05111076923076923
0.08636676923076922
0.12767261538461538
0.12996738461538462
0.08073415384615384
0.0008344615384615384
-0.06487938461538462
-0.08323753846153846
-0.08010830769230769
-0.073224
-0.05924676923076923
-0.026911384615384615
0.027745846153846152
0.09846646153846153
0.1637630769230769
0.16730953846153845
0.116616
0.05277969230769231
0.0050067692307692304
-0.005632615384615384
-0.009387692307692307
-0.014394461538461538
-0.015854769230769228
-0.011265230769230769
0.02044430769230769
0.06279323076923077
0.08240307692307691
0.06633969230769231
0.021278769230769233
-0.01981846153846154
-0.03421292307692308
-0.02858030769230769
-0.008136
0.0050067692307692304
0.015646153846153844
0.04693846153846153
0.09512861538461538
0.138312
0.12558646153846154
0.06028984615384615
-0.03233538461538461
-0.09804923076923076
-0.1097316923076923
-0.1151556923076923
-0.10889723076923077
-0.09429415384615383
-0.07113784615384615
-0.017732307692307693
0.04401784615384615
0.08198584615384615
0.06967753846153846
0.028788923076923077
0.0035464615384615383
-0.008970461538461538
0.0008344615384615384
0.0006258461538461538
-0.026702769230769228
-0.03775938461538462
-0.03129230769230769
0.008136
0.03984553846153846
0.030040615384615384
-0.004798153846153846
-0.055491692307692304
-0.07030338461538461
-0.06195876923076923
-0.04860738461538461
-0.03692492307692308
-0.031709538461538456
0.010848
0.06884307692307692
0.10743692307692307
0.11765907692307691
0.06216738461538462
-0.023990769230769232
-0.09784061538461537
-0.14853415384615384
-0.14018953846153845
-0.1207883076923077
-0.10347323076923076
-0.06946892307692307
-0.025659692307692307
0.03504738461538461
0.06905169230769231
0.06070707692307692
0.025033846153846153
-0.003129230769230769
-0.004172307692307692
-0.003963692307692307
0.0018775384615384615
-0.0008344615384615384
-0.006258461538461538
0.01814953846153846
0.06633969230769231
0.10952307692307692
0.09241661538461539
0.03504738461538461
-0.02357353846153846
-0.07092923076923077
-0.0717636923076923
-0.05674338461538461
-0.038176615384615385
-0.006049846153846154
0.031918153846153846
0.08866153846153846
0.13205353846153844
0.138312
0.10055261538461538
0.028788923076923077
-0.03629907692307692
-0.07843938461538462
-0.08198584615384615
