0.07009476923076922
0.11828492307692307
0.14749107692307692
0.15166338461538462
0.09930092307692308
0.02023569230769231
-0.04944184615384615
-0.0936683076923077
-0.078648
-0.026285538461538457
0.03337846153846154
0.07614461538461538
0.10117846153846152
0.12454338461538461
0.12600369230769232
0.11098338461538461
0.04860738461538461
-0.03296123076923077
-0.0897046153846154
-0.10222153846153846
-0.047981538461538464
0.0018775384615384615
0.04714707692307692
0.06946892307692307
0.07510153846153846
0.0963803076923077
0.08344615384615384
0.04193169230769231
-0.03275261538461539
-0.09575446153846154
-0.11411261538461538
-0.08636676923076922
-0.024616615384615383
0.026911384615384615
0.08782707692307692
0.13914646153846155
0.1842073846153846
0.19380369230769232
0.14123261538461537
0.07197230769230768
-0.013560000000000001
-0.07009476923076922
-0.07364123076923076
-0.03483876923076923
0.02023569230769231
0.04172307692307692
0.07030338461538461
0.10535076923076922
0.11599015384615384
0.10576799999999999
0.058412307692307694
-0.009596307692307692
-0.08740984615384616
-0.12996738461538462
-0.11557292307692307
-0.08782707692307692
-0.034630153846153845
0.01940123076923077
0.05277969230769231
0.06362769230769232
0.04965046153846154
0.033169846153846154
-0.020652923076923076
-0.07030338461538461
-0.09846646153846153
-0.10159569230769232
-0.06842584615384616
-0.03567323076923076
0.012934153846153845
0.03692492307692308
0.05736923076923077
0.08323753846153846
0.07572738461538461
0.04839876923076923
-0.005424
-0.015020307692307692
0.015646153846153844
0.045060923076923075
0.1097316923076923
0.14540492307692307
0.15333230769230768
0.14999446153846155
0.13309661538461537
0.12308307692307692
0.05611753846153846
-0.017732307692307693
-0.065088
-0.08240307692307691
-0.044435076923076924
-0.0012516923076923076
0.03421292307692308
0.05277969230769231
0.07802215384615384
0.10493353846153847
0.11244369230769231
0.09596307692307693
0.04652123076923077
0.0022947692307692304
-0.03775938461538462
-0.05069353846153846
-0.026494153846153844
0.0025033846153846152
0.02232184615384615
0.03421292307692308
0.03942830769230769
0.045895384615384616
0.044435076923076924
0.013560000000000001
-0.028163076923076923
-0.07092923076923077
-0.08428061538461538
-0.05236246153846154
-0.012099692307692308
0.020652923076923076
0.04672984615384615
0.06654830769230768
0.09679753846153846
0.11056615384615384
0.07823076923076923
0.009596307692307692
-0.06821723076923077
-0.111192
-0.10889723076923077
-0.07384984615384615
-0.034630153846153845
-0.025659692307692307
-0.017732307692307693
0.01814953846153846
0.05820369230769231
0.06341907692307691
0.025033846153846153
-0.020027076923076922
-0.0609156923076923
-0.05820369230769231
-0.0006258461538461538
0.05236246153846154
0.07969107692307692
0.08657538461538461
0.09909230769230769
0.1178676923076923
0.11828492307692307
0.08386338461538462
0.023364923076923075
-0.028371692307692306
-0.061124307692307686
-0.04860738461538461
-0.00855323076923077
0.013142769230769229
0.03859384615384615
0.07072061538461538
0.11286092307692308
0.16584923076923075
0.17711446153846155
0.13914646153846155
0.07134646153846153
0.008136
0.0029206153846153843
0.012308307692307691
0.0033378461538461535
-0.003755076923076923
0.0
0.03629907692307692
0.092208
0.12496061538461539
0.11286092307692308
0.052153846153846155
-0.016063384615384615
-0.030040615384615384
-0.008761846153846153
0.03233538461538461
0.05486584615384615
0.044435076923076924
0.06675692307692307
0.0963803076923077
0.1178676923076923
0.10806276923076923
0.03588184615384615
-0.04276615384615385
-0.0855323076923077
-0.07113784615384615
-0.01710646153846154
0.028163076923076923
0.041514461538461535
0.05111076923076923
0.073224
0.0988836923076923
0.12016246153846154
0.07656184615384615
-0.011891076923076923
-0.08866153846153846
-0.1435273846153846
-0.1422756923076923
-0.12767261538461538
-0.1287156923076923
-0.12370892307692308
-0.11223507692307692
-0.06654830769230768
-0.004798153846153846
0.02273907692307692
-0.006675692307692307
-0.06550523076923077
-0.09658892307692307
-0.0974233846153846
-0.08156861538461539
-0.06049846153846154
-0.04839876923076923
-0.04172307692307692
-0.02524246153846154
0.012934153846153845
0.022530461538461537
-0.012516923076923077
-0.07843938461538462
-0.14540492307692307
-0.14081538461538462
-0.10222153846153846
-0.04902461538461538
0.004798153846153846
0.02273907692307692
0.04109723076923077
0.054240000000000003
0.07843938461538462
0.07656184615384615
0.025659692307692307
-0.03483876923076923
-0.09095630769230768
-0.09053907692307692
-0.07009476923076922
-0.06967753846153846
-0.08240307692307691
-0.08907876923076924
-0.058829538461538454
-0.0043809230769230765
0.04380923076923077
0.033169846153846154
0.0022947692307692304
-0.0043809230769230765
-0.003755076923076923
0.02232184615384615
0.028163076923076923
0.011891076923076923
0.008761846153846153
0.009179076923076922
0.028788923076923077
0.04693846153846153
