0.02232184615384615
0.03588184615384615
0.03233538461538461
0.024199384615384616
0.029414769230769227
0.027745846153846152
0.016272
-0.00855323076923077
-0.012308307692307691
0.02273907692307692
0.04902461538461538
0.05611753846153846
0.06613107692307692
0.073224
0.07948246153846153
0.0828203076923077
0.08073415384615384
0.04109723076923077
-0.028788923076923077
-0.0826116923076923
-0.08490646153846154
-0.03901107692307692
0.005841230769230769
0.051528
0.06195876923076923
0.05674338461538461
0.0855323076923077
0.10493353846153847
0.09992676923076924
0.06070707692307692
0.0035464615384615383
-0.04318338461538461
-0.06467076923076923
-0.05924676923076923
-0.05403138461538461
-0.05194523076923077
-0.05382276923076923
-0.04214030769230769
-0.0016689230769230767
0.02858030769230769
0.02899753846153846
-0.004172307692307692
-0.04652123076923077
-0.05757784615384615
-0.043392
-0.024199384615384616
-0.014603076923076923
-0.01043076923076923
-0.002086153846153846
0.017523692307692306
0.03400430769230769
0.010013538461538461
-0.052153846153846155
-0.12266584615384615
-0.15667015384615385
-0.13872923076923074
-0.09930092307692308
-0.06717415384615384
-0.05298830769230769
-0.03129230769230769
0.007927384615384614
0.05382276923076923
0.07906523076923076
0.04193169230769231
-0.021278769230769233
-0.0717636923076923
-0.09491999999999999
-0.0744756923076923
-0.04214030769230769
0.0029206153846153843
0.04380923076923077
0.07384984615384615
0.11473846153846154
0.12725538461538463
0.10994030769230768
0.05757784615384615
-0.0077187692307692304
-0.03629907692307692
-0.03609046153846154
-0.0077187692307692304
0.017315076923076923
0.03942830769230769
0.08344615384615384
0.12496061538461539
0.15479261538461536
0.15667015384615385
0.10535076923076922
0.034630153846153845
-0.021278769230769233
-0.04276615384615385
-0.03838523076923077
-0.03880246153846154
-0.03984553846153846
-0.02086153846153846
0.03400430769230769
0.08448923076923077
0.10994030769230768
0.09033046153846153
0.017523692307692306
-0.04631261538461538
-0.07134646153846153
-0.04944184615384615
-0.009387692307692307
0.01710646153846154
0.027328615384615382
0.029832
0.04568676923076923
0.06654830769230768
0.05403138461538461
0.001043076923076923
-0.05924676923076923
-0.10618523076923077
-0.1097316923076923
-0.08177723076923075
-0.05048492307692308
-0.02211323076923077
0.0050067692307692304
0.05924676923076923
0.0988836923076923
0.10806276923076923
0.06446215384615385
-0.01856676923076923
-0.07489292307692308
-0.119328
-0.12516923076923075
-0.11536430769230768
-0.10159569230769232
-0.065088
-0.026285538461538457
0.026285538461538457
0.05757784615384615
0.05403138461538461
0.013560000000000001
-0.044435076923076924
-0.06863446153846153
-0.06738276923076922
-0.05277969230769231
-0.05319692307692307
-0.059872615384615385
-0.03650769230769231
-0.0050067692307692304
0.035464615384615386
0.061750153846153844
0.04193169230769231
0.0043809230769230765
-0.03379569230769231
-0.03921969230769231
-0.023782153846153845
-0.02899753846153846
-0.03629907692307692
-0.03129230769230769
-0.009179076923076922
0.02899753846153846
0.05653476923076922
0.05048492307692308
0.02232184615384615
-0.002086153846153846
-0.009179076923076922
-0.0035464615384615383
0.0016689230769230767
-0.0016689230769230767
-0.009804923076923077
-0.014603076923076923
0.016480615384615385
0.06675692307692307
0.08574092307692306
0.06821723076923077
0.029414769230769227
0.007301538461538462
0.006258461538461538
0.021278769230769233
0.03650769230769231
0.03337846153846154
0.04088861538461538
0.06696553846153847
0.11286092307692308
0.1462393846153846
0.12642092307692307
0.07092923076923077
0.023990769230769232
0.020652923076923076
0.028163076923076923
0.030875076923076922
0.01668923076923077
-0.021487384615384613
-0.029623384615384614
-0.0014603076923076922
0.04672984615384615
0.07197230769230768
0.05194523076923077
0.03024923076923077
0.011473846153846154
0.003129230769230769
-0.0008344615384615384
-0.023990769230769232
-0.05194523076923077
-0.06028984615384615
-0.034630153846153845
-0.0025033846153846152
0.01814953846153846
0.012099692307692308
-0.019192615384615384
-0.035255999999999996
-0.03984553846153846
-0.02586830769230769
-0.010639384615384617
-0.010639384615384617
-0.003963692307692307
0.015020307692307692
0.04380923076923077
0.05820369230769231
0.050067692307692306
0.01668923076923077
-0.01981846153846154
-0.02023569230769231
-0.0025033846153846152
0.007510153846153846
0.005632615384615384
-0.012099692307692308
-0.016063384615384615
0.003963692307692307
0.04109723076923077
0.08720123076923077
0.07885661538461539
0.03650769230769231
0.008136
-0.007927384615384614
0.009387692307692307
0.02211323076923077
0.016480615384615385
0.018775384615384614
0.02899753846153846
0.05277969230769231
0.0678
0.056951999999999996
0.03755076923076923
0.026285538461538457
0.048816000000000005
0.08699261538461538
0.11953661538461538
0.124752
0.08511507692307693
0.05486584615384615
0.03692492307692308
