-0.021904615384615383
-0.08615815384615384
-0.11390399999999999
-0.08177723076923075
-0.025033846153846153
0.040262769230769234
0.08636676923076922
0.10827138461538462
0.12016246153846154
0.09930092307692308
0.05277969230769231
-0.026702769230769228
-0.1205796923076923
-0.1794092307692308
-0.17982646153846152
-0.11995384615384615
-0.05486584615384615
-0.010848
0.02273907692307692
0.04860738461538461
0.06487938461538462
0.05444861538461539
0.018358153846153843
-0.04756430769230769
-0.11849353846153846
-0.14999446153846155
-0.130176
-0.0771876923076923
-0.015228923076923076
0.03233538461538461
0.05820369230769231
0.08636676923076922
0.10806276923076923
0.10263876923076923
0.061124307692307686
0.0014603076923076922
-0.029832
-0.020027076923076922
0.017315076923076923
0.05486584615384615
0.07259815384615384
0.07635323076923077
0.09304246153846155
0.1136953846153846
0.11411261538461538
0.09554584615384615
0.051528
0.0004172307692307692
-0.024408000000000003
-0.006884307692307692
0.02315630769230769
0.040679999999999994
0.040054153846153843
0.05319692307692307
0.08156861538461539
0.08010830769230769
0.06633969230769231
0.017732307692307693
-0.04547815384615384
-0.08302892307692307
-0.07468430769230769
-0.024408000000000003
-0.006258461538461538
-0.0029206153846153843
0.006675692307692307
0.029623384615384614
0.052153846153846155
0.03984553846153846
0.015854769230769228
-0.01940123076923077
-0.05090215384615384
-0.06571384615384615
-0.05528307692307692
-0.03775938461538462
-0.029623384615384614
-0.01814953846153846
0.004172307692307692
0.04401784615384615
0.059872615384615385
0.03567323076923076
-0.018358153846153843
-0.0826116923076923
-0.1218313846153846
-0.12955015384615384
-0.11828492307692307
-0.10222153846153846
-0.08615815384615384
-0.06321046153846153
-0.026702769230769228
0.0012516923076923076
0.0004172307692307692
-0.0446436923076923
-0.10785415384615385
-0.14853415384615384
-0.16209415384615386
-0.1489513846153846
-0.12996738461538462
-0.12037107692307693
-0.10910584615384614
-0.06049846153846154
-0.0033378461538461535
0.02232184615384615
0.017732307692307693
-0.01043076923076923
-0.03483876923076923
-0.037342153846153844
-0.006258461538461538
0.029414769230769227
0.04756430769230769
0.04172307692307692
0.03045784615384615
0.051528
0.0771876923076923
0.07969107692307692
0.06842584615384616
0.040262769230769234
0.02753723076923077
0.05820369230769231
0.0771876923076923
0.07426707692307692
0.05716061538461538
0.04965046153846154
0.08031692307692308
0.11452984615384615
0.13101046153846155
0.10514215384615383
0.051319384615384614
0.004589538461538461
-0.01981846153846154
-0.015020307692307692
0.002086153846153846
0.01814953846153846
0.029414769230769227
0.05674338461538461
0.10159569230769232
0.12996738461538462
0.11286092307692308
0.056326153846153845
0.003129230769230769
-0.028788923076923077
-0.029206153846153847
0.0025033846153846152
0.021070153846153846
0.02086153846153846
0.027745846153846152
0.04693846153846153
0.07551876923076924
0.07218092307692307
0.03713353846153846
0.0016689230769230767
-0.03400430769230769
-0.03483876923076923
-0.00855323076923077
0.0008344615384615384
-0.002712
-0.0033378461538461535
0.015020307692307692
0.05236246153846154
0.07739630769230768
0.06717415384615384
0.027328615384615382
-0.015646153846153844
-0.016480615384615385
0.011265230769230769
0.03024923076923077
0.031918153846153846
0.02023569230769231
0.015228923076923076
0.022530461538461537
0.042974769230769226
0.044435076923076924
0.006049846153846154
-0.04401784615384615
-0.06341907692307691
-0.027328615384615382
0.015854769230769228
0.03942830769230769
0.047772923076923074
0.055491692307692304
0.07948246153846153
0.09012184615384615
0.09012184615384615
0.07802215384615384
0.04172307692307692
0.0004172307692307692
-0.003755076923076923
0.02795446153846154
0.04380923076923077
0.02232184615384615
-0.008136
0.004589538461538461
0.03400430769230769
0.06154153846153846
0.06425353846153846
0.03713353846153846
0.01397723076923077
-0.0012516923076923076
0.027328615384615382
0.06675692307692307
0.0798996923076923
0.06800861538461538
0.058829538461538454
0.06654830769230768
0.07092923076923077
0.0771876923076923
0.047772923076923074
0.001043076923076923
-0.025033846153846153
-0.03129230769230769
0.003963692307692307
0.04130584615384615
0.042348923076923076
0.026702769230769228
0.013560000000000001
0.01814953846153846
0.02899753846153846
0.02545107692307692
-0.01710646153846154
-0.06988615384615385
-0.0826116923076923
-0.084072
-0.07113784615384615
-0.06884307692307692
-0.09283384615384616
-0.0853236923076923
-0.05757784615384615
-0.023990769230769232
-0.009179076923076922
-0.029623384615384614
-0.06383630769230769
-0.09304246153846155
-0.09283384615384616
-0.07885661538461539
-0.06070707692307692
-0.05236246153846154
-0.042348923076923076
-0.020027076923076922
0.0
0.02545107692307692
0.02044430769230769
-0.005424
-0.019609846153846155
-0.006049846153846154
0.01710646153846154
