0.15228923076923076
0.1785747692307692
0.17085599999999998
0.111192
0.022947692307692308
-0.05027630769230769
-0.08177723076923075
-0.05027630769230769
0.0
0.05298830769230769
0.086784
0.10743692307692307
0.1462393846153846
0.15813046153846153
0.12370892307692308
0.054657230769230764
-0.02273907692307692
-0.06070707692307692
-0.04631261538461538
-0.00855323076923077
0.037967999999999995
0.0826116923076923
0.10889723076923077
0.12391753846153845
0.130176
0.10222153846153846
0.03671630769230769
-0.05611753846153846
-0.12266584615384615
-0.12016246153846154
-0.06988615384615385
0.009387692307692307
0.07697907692307693
0.12412615384615384
0.15374953846153847
0.1639716923076923
0.16000799999999998
0.10681107692307691
0.021904615384615383
-0.06154153846153846
-0.10618523076923077
-0.08428061538461538
-0.03755076923076923
0.02232184615384615
0.05924676923076923
0.07364123076923076
0.09512861538461538
0.0897046153846154
0.07030338461538461
0.014185846153846153
-0.0717636923076923
-0.1353913846153846
-0.1597993846153846
-0.12391753846153845
-0.07092923076923077
-0.021904615384615383
0.027120000000000002
0.06008123076923077
0.06675692307692307
0.040262769230769234
-0.008344615384615384
-0.08115138461538463
-0.13914646153846155
-0.14853415384615384
-0.11223507692307692
-0.03379569230769231
0.04088861538461538
0.08991323076923076
0.10952307692307692
0.10994030769230768
0.12558646153846154
0.10889723076923077
0.06425353846153846
0.006049846153846154
-0.05048492307692308
-0.054657230769230764
-0.04839876923076923
0.0002086153846153846
0.06487938461538462
0.09784061538461537
0.12829846153846153
0.130176
0.10889723076923077
0.04985907692307692
-0.005841230769230769
-0.026911384615384615
-0.046104
-0.03421292307692308
-0.010222153846153844
0.025033846153846153
0.07280676923076923
0.10848000000000001
0.14394461538461537
0.13372246153846154
0.08782707692307692
0.028163076923076923
-0.02357353846153846
-0.02753723076923077
-0.01397723076923077
0.011682461538461537
0.024616615384615383
0.026076923076923077
0.04839876923076923
0.07510153846153846
0.1028473846153846
0.10785415384615385
0.0717636923076923
0.017523692307692306
-0.02232184615384615
-0.017523692307692306
-0.006884307692307692
-0.003755076923076923
0.004589538461538461
0.006258461538461538
0.03024923076923077
0.0448523076923077
0.03650769230769231
0.007301538461538462
-0.052571076923076915
-0.08782707692307692
-0.08386338461538462
-0.042974769230769226
0.003755076923076923
0.021904615384615383
0.01668923076923077
0.015020307692307692
0.03942830769230769
0.041514461538461535
0.011056615384615385
-0.024199384615384616
-0.06154153846153846
-0.08240307692307691
-0.06759138461538462
-0.029832
-0.0035464615384615383
0.008970461538461538
0.018775384615384614
0.047772923076923074
0.08845292307692308
0.08490646153846154
0.03859384615384615
-0.03859384615384615
-0.09679753846153846
-0.09325107692307691
-0.06425353846153846
-0.02211323076923077
0.0050067692307692304
0.015437538461538461
0.028788923076923077
0.055491692307692304
0.06654830769230768
0.03066646153846154
-0.028371692307692306
-0.08991323076923076
-0.10222153846153846
-0.078648
-0.053405538461538456
-0.037342153846153844
-0.03713353846153846
-0.028788923076923077
-0.008970461538461538
0.03275261538461539
0.06154153846153846
0.045895384615384616
0.008344615384615384
-0.03129230769230769
-0.044435076923076924
-0.028163076923076923
-0.01668923076923077
-0.008136
0.004172307692307692
0.029206153846153847
0.06362769230769232
0.06446215384615385
0.042974769230769226
0.006258461538461538
-0.026702769230769228
-0.023364923076923075
0.0022947692307692304
0.037342153846153844
0.041514461538461535
0.02586830769230769
0.01981846153846154
0.033169846153846154
0.053405538461538456
0.03713353846153846
-0.0033378461538461535
-0.04985907692307692
-0.06884307692307692
-0.04714707692307692
0.003755076923076923
0.040054153846153843
0.05048492307692308
0.06008123076923077
0.07009476923076922
0.09784061538461537
0.09700615384615385
0.06675692307692307
0.029414769230769227
-0.0014603076923076922
0.008761846153846153
0.03108369230769231
0.04819015384615385
0.04401784615384615
0.032544
0.04902461538461538
0.08323753846153846
0.1207883076923077
0.12850707692307692
0.09095630769230768
0.047772923076923074
0.037967999999999995
0.061750153846153844
0.07843938461538462
0.06717415384615384
0.05236246153846154
0.04130584615384615
0.053614153846153846
0.08740984615384616
0.09429415384615383
0.06759138461538462
0.01043076923076923
-0.031709538461538456
-0.01856676923076923
0.019609846153846155
0.05507446153846154
0.06446215384615385
0.065088
0.07948246153846153
0.09575446153846154
0.1097316923076923
0.09450276923076922
0.040054153846153843
0.002086153846153846
-0.011265230769230769
0.010013538461538461
0.05653476923076922
0.047772923076923074
0.015854769230769228
-0.009387692307692307
-0.010848
0.027745846153846152
0.03901107692307692
0.026076923076923077
