-0.10910584615384614
-0.12704676923076924
-0.08824430769230769
-0.012308307692307691
0.061124307692307686
0.11286092307692308
0.1476996923076923
0.15959076923076923
0.14206707692307693
0.06279323076923077
-0.037342153846153844
-0.10868861538461538
-0.13998092307692306
-0.10076123076923077
-0.026076923076923077
0.052153846153846155
0.10430769230769231
0.12788123076923075
0.14603076923076924
0.15103753846153847
0.12350030769230769
0.06550523076923077
-0.011056615384615385
-0.08177723076923075
-0.0988836923076923
-0.08010830769230769
-0.025033846153846153
0.029414769230769227
0.06529661538461538
0.11223507692307692
0.14540492307692307
0.14853415384615384
0.09596307692307693
0.013560000000000001
-0.07468430769230769
-0.12788123076923075
-0.10952307692307692
-0.05590892307692308
0.013351384615384614
0.065088
0.10326461538461539
0.14081538461538462
0.15646153846153846
0.12934153846153845
0.05111076923076923
-0.053614153846153846
-0.12788123076923075
-0.1476996923076923
-0.12725538461538463
-0.078648
-0.026702769230769228
0.04318338461538461
0.11202646153846153
0.154584
0.1787833846153846
0.13935507692307691
0.05069353846153846
-0.04109723076923077
-0.10514215384615383
-0.10389046153846154
-0.07134646153846153
-0.01710646153846154
0.03650769230769231
0.07948246153846153
0.12099692307692309
0.12037107692307693
0.09074769230769231
0.021696
-0.07364123076923076
-0.1341396923076923
-0.12496061538461539
-0.07030338461538461
-0.02858030769230769
0.014603076923076923
0.055491692307692304
0.09387692307692307
0.13852061538461538
0.13330523076923076
0.073224
-0.02482523076923077
-0.11202646153846153
-0.14540492307692307
-0.14164984615384615
-0.10806276923076923
-0.07072061538461538
-0.015020307692307692
0.05298830769230769
0.10347323076923076
0.1462393846153846
0.1397723076923077
0.08073415384615384
0.0033378461538461535
-0.05277969230769231
-0.05736923076923077
-0.04380923076923077
-0.020652923076923076
0.004172307692307692
0.03337846153846154
0.07843938461538462
0.11640738461538462
0.11870215384615385
0.06362769230769232
0.0002086153846153846
-0.04526953846153846
-0.055491692307692304
-0.017523692307692306
0.015020307692307692
0.045895384615384616
0.07343261538461537
0.10055261538461538
0.14164984615384615
0.1353913846153846
0.0892873846153846
0.012934153846153845
-0.07134646153846153
-0.10263876923076923
-0.08907876923076924
-0.047981538461538464
-0.017523692307692306
0.015228923076923076
0.056326153846153845
0.0934596923076923
0.13622584615384614
0.13205353846153844
0.07343261538461537
-0.0043809230769230765
-0.06049846153846154
-0.06592246153846154
-0.04756430769230769
-0.03400430769230769
-0.026702769230769228
-0.010848
0.026285538461538457
0.0771876923076923
0.11202646153846153
0.08824430769230769
0.017940923076923077
-0.051319384615384614
-0.07969107692307692
-0.05799507692307692
-0.03233538461538461
-0.016480615384615385
-0.0035464615384615383
0.015228923076923076
0.051319384615384614
0.07802215384615384
0.07426707692307692
0.03233538461538461
-0.014185846153846153
-0.03880246153846154
-0.034630153846153845
0.0002086153846153846
0.01981846153846154
0.022947692307692308
0.03150092307692308
0.05528307692307692
0.09408553846153846
0.1045163076923077
0.06383630769230769
-0.012516923076923077
-0.07906523076923076
-0.10243015384615384
-0.08344615384615384
-0.041514461538461535
-0.016272
0.0002086153846153846
0.03379569230769231
0.07948246153846153
0.11473846153846154
0.09992676923076924
0.03671630769230769
-0.02044430769230769
-0.04756430769230769
-0.046104
-0.03337846153846154
-0.020027076923076922
0.0035464615384615383
0.029623384615384614
0.07572738461538461
0.11265230769230769
0.10618523076923077
0.06195876923076923
-0.008970461538461538
-0.05924676923076923
-0.06592246153846154
-0.04652123076923077
-0.024199384615384616
-0.008970461538461538
0.0035464615384615383
0.03963692307692308
0.08574092307692306
0.12037107692307693
0.11640738461538462
0.06154153846153846
-0.0014603076923076922
-0.04902461538461538
-0.04985907692307692
-0.02586830769230769
-0.01814953846153846
-0.015020307692307692
0.003963692307692307
0.04276615384615385
0.08031692307692308
0.09325107692307691
0.06446215384615385
0.012099692307692308
-0.028788923076923077
-0.046104
-0.04380923076923077
-0.046104
-0.048816000000000005
-0.03129230769230769
0.0006258461538461538
0.05757784615384615
0.0934596923076923
0.05945538461538461
-0.003755076923076923
-0.07426707692307692
-0.111192
-0.10722830769230769
-0.09262523076923077
-0.07134646153846153
-0.058829538461538454
-0.02211323076923077
0.025659692307692307
0.06633969230769231
0.07614461538461538
0.029623384615384614
-0.029623384615384614
-0.07531015384615385
-0.07426707692307692
-0.051319384615384614
-0.03984553846153846
-0.03129230769230769
-0.026702769230769228
-0.010222153846153844
0.016063384615384615
0.022947692307692308
-0.003755076923076923
-0.046104
-0.06800861538461538
-0.05820369230769231
-0.03024923076923077
