0.009596307692307692
-0.008970461538461538
-0.021904615384615383
-0.022530461538461537
0.009804923076923077
0.06216738461538462
0.08761846153846153
0.06154153846153846
0.021278769230769233
0.023364923076923075
0.02044430769230769
0.012308307692307691
0.012934153846153845
-0.0002086153846153846
-0.0029206153846153843
-0.013768615384615384
0.003963692307692307
0.021278769230769233
0.00855323076923077
-0.0002086153846153846
-0.001043076923076923
0.024408000000000003
0.052153846153846155
0.06863446153846153
0.06258461538461538
0.04109723076923077
0.02899753846153846
0.03567323076923076
0.06717415384615384
0.07238953846153846
0.05924676923076923
0.05528307692307692
0.06592246153846154
0.10660246153846153
0.10743692307692307
0.07301538461538462
0.03609046153846154
0.013560000000000001
0.03358707692307692
0.07134646153846153
0.12913292307692306
0.14853415384615384
0.11724184615384614
0.0892873846153846
0.07739630769230768
0.06446215384615385
0.012934153846153845
-0.05653476923076922
-0.11452984615384615
-0.12955015384615384
-0.0880356923076923
-0.023364923076923075
0.02211323076923077
0.03421292307692308
0.04693846153846153
0.07134646153846153
0.08240307692307691
0.07551876923076924
0.026285538461538457
-0.06905169230769231
-0.1395636923076923
-0.1656406153846154
-0.14394461538461537
-0.10430769230769231
-0.08615815384615384
-0.051319384615384614
-0.01856676923076923
0.004172307692307692
0.023364923076923075
0.010848
-0.03775938461538462
-0.10889723076923077
-0.1358086153846154
-0.10806276923076923
-0.06529661538461538
-0.02753723076923077
-0.008344615384615384
0.011891076923076923
0.030875076923076922
0.038176615384615385
0.015228923076923076
-0.04839876923076923
-0.11536430769230768
-0.14477907692307693
-0.11807630769230769
-0.051528
0.019192615384615384
0.06258461538461538
0.07489292307692308
0.09387692307692307
0.11953661538461538
0.11745046153846153
0.084072
0.018358153846153843
-0.04631261538461538
-0.059038153846153844
-0.015228923076923076
0.05090215384615384
0.08991323076923076
0.10326461538461539
0.116616
0.12767261538461538
0.12955015384615384
0.0974233846153846
0.02795446153846154
-0.050067692307692306
-0.09554584615384615
-0.08615815384615384
-0.04109723076923077
0.017315076923076923
0.05528307692307692
0.06842584615384616
0.07781353846153846
0.07280676923076923
0.04526953846153846
-0.03108369230769231
-0.12975876923076923
-0.18963138461538462
-0.19672430769230767
-0.1489513846153846
-0.07885661538461539
-0.01043076923076923
0.040054153846153843
0.06863446153846153
0.08720123076923077
0.084072
0.05194523076923077
-0.016480615384615385
-0.08782707692307692
-0.11348676923076922
-0.09596307692307693
-0.05507446153846154
-0.011265230769230769
0.02273907692307692
0.03442153846153846
0.040679999999999994
0.05069353846153846
0.024199384615384616
-0.03713353846153846
-0.10722830769230769
-0.1506203076923077
-0.13622584615384614
-0.08845292307692308
-0.03713353846153846
0.003755076923076923
0.021070153846153846
0.03233538461538461
0.04047138461538462
0.02545107692307692
-0.015437538461538461
-0.08448923076923077
-0.1489513846153846
-0.16021661538461537
-0.12516923076923075
-0.058412307692307694
0.02315630769230769
0.07885661538461539
0.11077476923076923
0.13330523076923076
0.14144123076923076
0.10848000000000001
0.040054153846153843
-0.02357353846153846
-0.0717636923076923
-0.05820369230769231
-0.001043076923076923
0.05298830769230769
0.09387692307692307
0.11286092307692308
0.1341396923076923
0.13789476923076924
0.119328
0.06300184615384616
-0.018358153846153843
-0.06863446153846153
-0.07218092307692307
-0.021696
0.021278769230769233
0.05194523076923077
0.08135999999999999
0.08949599999999999
0.10013538461538461
0.10514215384615383
0.10910584615384614
0.07072061538461538
0.0008344615384615384
-0.03671630769230769
-0.044435076923076924
-0.021070153846153846
0.010639384615384617
0.06300184615384616
0.11911938461538461
0.16292861538461537
0.19213476923076922
0.17398523076923075
0.11452984615384615
0.042557538461538466
0.0014603076923076922
-0.006675692307692307
0.015020307692307692
0.040679999999999994
0.05820369230769231
0.08490646153846154
0.12579507692307693
0.15500123076923078
0.1435273846153846
0.09158215384615384
0.01856676923076923
-0.04839876923076923
-0.10138707692307691
-0.09992676923076924
-0.07197230769230768
-0.04568676923076923
-0.017523692307692306
0.021904615384615383
0.09012184615384615
0.10597661538461538
0.09199938461538461
0.061124307692307686
-0.011473846153846154
-0.07092923076923077
-0.0988836923076923
-0.09533723076923077
-0.09241661538461539
-0.08052553846153847
-0.04276615384615385
0.022947692307692308
0.08949599999999999
0.12016246153846154
0.11473846153846154
0.05528307692307692
-0.006049846153846154
-0.024616615384615383
-0.02795446153846154
-0.023990769230769232
-0.023364923076923075
-0.013142769230769229
0.020027076923076922
0.058412307692307694
0.09074769230769231
0.07802215384615384
0.02315630769230769
-0.054657230769230764
-0.1178676923076923
