0.027120000000000002
-0.020652923076923076
-0.04380923076923077
-0.023364923076923075
0.0008344615384615384
0.011891076923076923
0.0025033846153846152
-0.008970461538461538
0.007301538461538462
0.03421292307692308
0.059872615384615385
0.040262769230769234
-0.02211323076923077
-0.07551876923076924
-0.09554584615384615
-0.05820369230769231
-0.02232184615384615
-0.006049846153846154
0.0077187692307692304
0.024408000000000003
0.06863446153846153
0.09596307692307693
0.09325107692307691
0.05027630769230769
-0.017523692307692306
-0.059872615384615385
-0.07593599999999999
-0.06967753846153846
-0.07301538461538462
-0.07697907692307693
-0.06258461538461538
-0.03379569230769231
-0.0012516923076923076
0.007927384615384614
-0.01043076923076923
-0.044435076923076924
-0.05674338461538461
-0.03045784615384615
0.008136
0.021696
0.011265230769230769
0.002712
0.013768615384615384
0.0446436923076923
0.07426707692307692
0.07238953846153846
0.01940123076923077
-0.04318338461538461
-0.08511507692307693
-0.09283384615384616
-0.06821723076923077
-0.03838523076923077
-0.008344615384615384
0.027745846153846152
0.07697907692307693
0.12266584615384615
0.13309661538461537
0.09304246153846155
0.04401784615384615
0.009596307692307692
-0.003129230769230769
0.005215384615384615
0.0050067692307692304
0.019192615384615384
0.040262769230769234
0.06216738461538462
0.08574092307692306
0.09533723076923077
0.08177723076923075
0.03609046153846154
0.005215384615384615
-0.002086153846153846
0.019609846153846155
0.048816000000000005
0.06633969230769231
0.08302892307692307
0.08031692307692308
0.10055261538461538
0.11014892307692307
0.07969107692307692
0.032544
-0.031918153846153846
-0.050067692307692306
-0.028371692307692306
-0.002712
0.02273907692307692
0.02357353846153846
0.02858030769230769
0.058412307692307694
0.09241661538461539
0.09429415384615383
0.05403138461538461
0.006884307692307692
-0.029414769230769227
-0.03671630769230769
-0.009804923076923077
0.02044430769230769
0.03442153846153846
0.05319692307692307
0.078648
0.11035753846153845
0.12600369230769232
0.0988836923076923
0.04547815384615384
-0.0016689230769230767
-0.01856676923076923
-0.02357353846153846
-0.0002086153846153846
0.018775384615384614
0.023782153846153845
0.04756430769230769
0.059038153846153844
0.07259815384615384
0.061124307692307686
0.024199384615384616
-0.0050067692307692304
-0.024616615384615383
-0.006049846153846154
0.017523692307692306
0.01940123076923077
0.0035464615384615383
-0.003129230769230769
0.009596307692307692
0.03045784615384615
0.05444861538461539
0.034630153846153845
-0.009179076923076922
-0.03650769230769231
-0.03045784615384615
0.01397723076923077
0.058829538461538454
0.07551876923076924
0.06967753846153846
0.06195876923076923
0.06154153846153846
0.07051199999999999
0.061124307692307686
0.02586830769230769
-0.0008344615384615384
-0.0012516923076923076
0.017940923076923077
0.03650769230769231
0.026285538461538457
-0.017732307692307693
-0.05590892307692308
-0.061124307692307686
-0.03838523076923077
-0.009179076923076922
-0.0043809230769230765
-0.013142769230769229
-0.017315076923076923
-0.0006258461538461538
0.027328615384615382
0.03024923076923077
0.0012516923076923076
-0.03713353846153846
-0.06529661538461538
-0.07843938461538462
-0.06905169230769231
-0.059872615384615385
-0.06675692307692307
-0.08219446153846154
-0.06279323076923077
0.0006258461538461538
0.06070707692307692
0.08031692307692308
0.05653476923076922
0.026285538461538457
0.003755076923076923
0.008344615384615384
0.021487384615384613
0.013768615384615384
-0.003755076923076923
-0.006049846153846154
0.025033846153846153
0.06863446153846153
0.09554584615384615
0.07739630769230768
0.026076923076923077
-0.01710646153846154
-0.019192615384615384
0.012099692307692308
0.040679999999999994
0.05048492307692308
0.05319692307692307
0.07218092307692307
0.10201292307692307
0.1136953846153846
0.09053907692307692
0.04547815384615384
-0.006675692307692307
-0.026494153846153844
-0.0033378461538461535
0.03504738461538461
0.06821723076923077
0.08219446153846154
0.10222153846153846
0.12516923076923075
0.138312
0.12955015384615384
0.08010830769230769
0.009596307692307692
-0.04276615384615385
-0.046104
-0.02211323076923077
0.003963692307692307
0.013560000000000001
0.02482523076923077
0.03942830769230769
0.047772923076923074
0.04547815384615384
-0.009596307692307692
-0.08094276923076923
-0.13330523076923076
-0.15228923076923076
-0.13038461538461538
-0.08991323076923076
-0.02586830769230769
0.03045784615384615
0.06487938461538462
0.09387692307692307
0.09554584615384615
0.05716061538461538
-0.013142769230769229
-0.08115138461538463
-0.11452984615384615
-0.11202646153846153
-0.08135999999999999
-0.046104
-0.03275261538461539
-0.013142769230769229
0.03483876923076923
0.07802215384615384
0.09387692307692307
0.06133292307692308
0.0022947692307692304
-0.05590892307692308
-0.07238953846153846
-0.05277969230769231
-0.02858030769230769
0.0008344615384615384
0.011473846153846154
0.02023569230769231
0.022530461538461537
