-0.04088861538461538
-0.02273907692307692
0.01940123076923077
0.05674338461538461
0.05069353846153846
-0.0008344615384615384
-0.054240000000000003
-0.0936683076923077
-0.08574092307692306
-0.059664
-0.03713353846153846
-0.01043076923076923
0.014394461538461538
0.08177723076923075
0.1476996923076923
0.17732307692307692
0.1570873846153846
0.08740984615384616
0.028163076923076923
-0.015646153846153844
-0.0070929230769230765
0.003129230769230769
0.005215384615384615
0.02858030769230769
0.04693846153846153
0.10389046153846154
0.14415323076923076
0.13330523076923076
0.08073415384615384
0.014603076923076923
-0.01043076923076923
0.0008344615384615384
0.01668923076923077
0.0035464615384615383
-0.0022947692307692304
0.02545107692307692
0.06675692307692307
0.10389046153846154
0.11828492307692307
0.09033046153846153
0.02899753846153846
-0.030875076923076922
-0.03921969230769231
-0.03483876923076923
-0.05820369230769231
-0.05862092307692307
-0.04860738461538461
0.009804923076923077
0.08866153846153846
0.13038461538461538
0.12913292307692306
0.049233230769230765
-0.03775938461538462
-0.10159569230769232
-0.11995384615384615
-0.10201292307692307
-0.09283384615384616
-0.07802215384615384
-0.06258461538461538
-0.011473846153846154
0.028163076923076923
0.024408000000000003
-0.018983999999999997
-0.11056615384615384
-0.15208061538461537
-0.15228923076923076
-0.12099692307692309
-0.07134646153846153
-0.08115138461538463
-0.09053907692307692
-0.09825784615384614
-0.06341907692307691
-0.021070153846153846
-0.061750153846153844
-0.08720123076923077
-0.12913292307692306
-0.1504116923076923
-0.12516923076923075
-0.12204
-0.10117846153846152
-0.11098338461538461
-0.09700615384615385
-0.04088861538461538
0.005841230769230769
0.042348923076923076
0.012308307692307691
-0.03713353846153846
-0.08156861538461539
-0.10096984615384616
-0.0826116923076923
-0.08073415384615384
-0.08991323076923076
-0.08490646153846154
-0.06362769230769232
-0.021070153846153846
0.0077187692307692304
-0.0012516923076923076
-0.02586830769230769
-0.05924676923076923
-0.051319384615384614
-0.030040615384615384
-0.02044430769230769
-0.009804923076923077
-0.013142769230769229
0.005841230769230769
0.03650769230769231
0.07343261538461537
0.092208
0.06592246153846154
0.02795446153846154
0.006049846153846154
0.023782153846153845
0.05319692307692307
0.06279323076923077
0.042348923076923076
0.018358153846153843
0.042974769230769226
0.09137353846153846
0.1289243076923077
0.12996738461538462
0.0974233846153846
0.07635323076923077
0.05924676923076923
0.03650769230769231
0.02545107692307692
-0.003963692307692307
-0.02899753846153846
0.0025033846153846152
0.051319384615384614
0.1045163076923077
0.132888
0.10430769230769231
0.06967753846153846
0.04756430769230769
0.05716061538461538
0.08574092307692306
0.08052553846153847
0.06154153846153846
0.055491692307692304
0.07364123076923076
0.11265230769230769
0.13914646153846155
0.13309661538461537
0.10514215384615383
0.07927384615384615
0.06905169230769231
0.07197230769230768
0.06487938461538462
0.04047138461538462
0.025659692307692307
0.031709538461538456
0.06487938461538462
0.10597661538461538
0.10764553846153846
0.08866153846153846
0.07197230769230768
0.06487938461538462
0.06967753846153846
0.05820369230769231
0.027120000000000002
-0.009387692307692307
-0.029414769230769227
-0.010222153846153844
0.037967999999999995
0.07489292307692308
0.08240307692307691
0.06654830769230768
0.046104
0.041514461538461535
0.03984553846153846
0.01856676923076923
-0.017315076923076923
-0.035464615384615386
-0.02524246153846154
0.010848
0.058412307692307694
0.086784
0.07781353846153846
0.053405538461538456
0.03901107692307692
0.03838523076923077
0.03880246153846154
0.010013538461538461
-0.018775384615384614
-0.023364923076923075
-0.02858030769230769
-0.010639384615384617
0.0070929230769230765
0.003129230769230769
0.009179076923076922
0.02545107692307692
0.04839876923076923
0.04693846153846153
0.01043076923076923
-0.051528
-0.11140061538461538
-0.14415323076923076
-0.1368516923076923
-0.09992676923076924
-0.06487938461538462
-0.03921969230769231
-0.028371692307692306
-0.016480615384615385
-0.011473846153846154
-0.02858030769230769
-0.06592246153846154
-0.11223507692307692
-0.12391753846153845
-0.08887015384615385
-0.05736923076923077
-0.035255999999999996
-0.021070153846153846
-0.01397723076923077
0.009804923076923077
0.033169846153846154
0.040054153846153843
0.0008344615384615384
-0.059872615384615385
-0.09700615384615385
-0.10827138461538462
-0.08302892307692307
-0.05298830769230769
-0.021696
0.008344615384615384
0.03337846153846154
0.07551876923076924
0.09658892307692307
0.07760492307692309
0.024616615384615383
-0.04172307692307692
-0.07364123076923076
-0.052153846153846155
0.0070929230769230765
0.06654830769230768
0.09763200000000001
0.1368516923076923
0.1693956923076923
0.16459753846153846
0.14665661538461539
0.09491999999999999
0.03650769230769231
-0.012099692307692308
-0.01981846153846154
0.026702769230769228
