-0.08636676923076922
-0.11056615384615384
-0.10159569230769232
-0.06321046153846153
-0.026911384615384615
0.010013538461538461
0.07030338461538461
0.10681107692307691
0.09763200000000001
0.04756430769230769
-0.027120000000000002
-0.0826116923076923
-0.11390399999999999
-0.10722830769230769
-0.07426707692307692
-0.03275261538461539
0.013560000000000001
0.07030338461538461
0.13247076923076923
0.15270646153846154
0.12579507692307693
0.053405538461538456
-0.02086153846153846
-0.0609156923076923
-0.06717415384615384
-0.049233230769230765
-0.03692492307692308
-0.013351384615384614
0.017315076923076923
0.052153846153846155
0.08219446153846154
0.07635323076923077
0.03859384615384615
-0.028788923076923077
-0.08740984615384616
-0.092208
-0.06154153846153846
-0.022947692307692308
-0.003963692307692307
0.0033378461538461535
0.025033846153846153
0.04109723076923077
0.050067692307692306
0.029623384615384614
-0.03504738461538461
-0.10013538461538461
-0.1356
-0.12162276923076921
-0.08720123076923077
-0.03901107692307692
0.018983999999999997
0.06633969230769231
0.11953661538461538
0.15354092307692307
0.14311015384615386
0.0828203076923077
-0.0008344615384615384
-0.059872615384615385
-0.07635323076923077
-0.05757784615384615
-0.0446436923076923
-0.03880246153846154
-0.017940923076923077
0.021487384615384613
0.08177723076923075
0.11202646153846153
0.09554584615384615
0.05590892307692308
-0.006258461538461538
-0.035255999999999996
-0.027745846153846152
-0.01814953846153846
0.0
0.017315076923076923
0.04819015384615385
0.09387692307692307
0.11891076923076922
0.10618523076923077
0.07197230769230768
0.02482523076923077
-0.012934153846153845
-0.02211323076923077
-0.02482523076923077
-0.03421292307692308
-0.030875076923076922
-0.0002086153846153846
0.05319692307692307
0.11745046153846153
0.14853415384615384
0.14749107692307692
0.11640738461538462
0.084072
0.06049846153846154
0.028788923076923077
-0.008344615384615384
-0.05090215384615384
-0.05277969230769231
-0.025033846153846153
0.020652923076923076
0.07072061538461538
0.0934596923076923
0.06821723076923077
0.018983999999999997
-0.009804923076923077
-0.022947692307692308
-0.023364923076923075
-0.04526953846153846
-0.06070707692307692
-0.04526953846153846
-0.0033378461538461535
0.047772923076923074
0.053405538461538456
0.025033846153846153
-0.018983999999999997
-0.042348923076923076
-0.02899753846153846
-0.01043076923076923
-0.012099692307692308
-0.02586830769230769
-0.02482523076923077
0.008344615384615384
0.0717636923076923
0.10243015384615384
0.08302892307692307
0.03108369230769231
-0.029414769230769227
-0.056326153846153845
-0.04401784615384615
-0.023364923076923075
-0.019192615384615384
-0.018983999999999997
-0.0025033846153846152
0.03588184615384615
0.06070707692307692
0.046104
-0.011473846153846154
-0.0771876923076923
-0.11035753846153845
-0.10848000000000001
-0.08469784615384615
-0.05820369230769231
-0.026911384615384615
0.015020307692307692
0.06487938461538462
0.10785415384615385
0.12913292307692306
0.10222153846153846
0.040679999999999994
-0.007301538461538462
-0.033169846153846154
-0.03942830769230769
-0.023990769230769232
0.0002086153846153846
0.017940923076923077
0.03692492307692308
0.06967753846153846
0.09909230769230769
0.09491999999999999
0.06613107692307692
0.015437538461538461
-0.008136
0.024408000000000003
0.05090215384615384
0.058829538461538454
0.04693846153846153
0.053405538461538456
0.09658892307692307
0.12308307692307692
0.11327815384615383
0.05736923076923077
-0.0077187692307692304
-0.04819015384615385
-0.05382276923076923
-0.03775938461538462
-0.02273907692307692
0.0016689230769230767
0.017940923076923077
0.03358707692307692
0.05528307692307692
0.06279323076923077
0.04130584615384615
-0.015228923076923076
-0.05570030769230769
-0.049233230769230765
-0.014811692307692307
0.02795446153846154
0.03984553846153846
0.03609046153846154
0.03045784615384615
0.042557538461538466
0.08177723076923075
0.08782707692307692
0.056951999999999996
0.008970461538461538
-0.012934153846153845
-0.012934153846153845
0.0022947692307692304
0.02545107692307692
0.014603076923076923
0.01981846153846154
0.03337846153846154
0.06133292307692308
0.0974233846153846
0.09241661538461539
0.073224
0.03483876923076923
0.008761846153846153
0.008970461538461538
0.008344615384615384
0.0004172307692307692
-0.02232184615384615
-0.023364923076923075
0.002086153846153846
0.04568676923076923
0.07384984615384615
0.05027630769230769
0.020652923076923076
0.017732307692307693
0.043392
0.07092923076923077
0.07697907692307693
0.06821723076923077
0.04902461538461538
0.05236246153846154
0.06738276923076922
0.073224
0.06154153846153846
0.01814953846153846
-0.0006258461538461538
0.014185846153846153
0.04714707692307692
0.07802215384615384
0.051319384615384614
0.008344615384615384
-0.03024923076923077
-0.0448523076923077
-0.028788923076923077
-0.02273907692307692
-0.0002086153846153846
0.017732307692307693
0.04422646153846154
0.06759138461538462
0.058829538461538454
0.05653476923076922
