-0.08907876923076924
-0.0744756923076923
-0.02753723076923077
0.017315076923076923
0.06279323076923077
0.1178676923076923
0.14457046153846154
0.132888
0.06946892307692307
-0.015020307692307692
-0.07948246153846153
-0.09471138461538461
-0.05319692307692307
-0.009804923076923077
0.03337846153846154
0.06550523076923077
0.08490646153846154
0.10722830769230769
0.10806276923076923
0.09325107692307691
0.03108369230769231
-0.03963692307692308
-0.06258461538461538
-0.04693846153846153
-0.0004172307692307692
0.03129230769230769
0.06654830769230768
0.09512861538461538
0.11995384615384615
0.14519630769230768
0.119328
0.07656184615384615
-0.0025033846153846152
-0.078648
-0.10222153846153846
-0.09867507692307692
-0.04944184615384615
0.0022947692307692304
0.03024923076923077
0.06341907692307691
0.10597661538461538
0.13476553846153844
0.10994030769230768
0.028371692307692306
-0.06487938461538462
-0.13706030769230768
-0.14290153846153844
-0.08344615384615384
-0.02023569230769231
0.03942830769230769
0.08636676923076922
0.12788123076923075
0.15667015384615385
0.1449876923076923
0.08761846153846153
0.003963692307692307
-0.04756430769230769
-0.0448523076923077
0.0018775384615384615
0.040679999999999994
0.07489292307692308
0.10910584615384614
0.124752
0.14164984615384615
0.13601723076923075
0.09804923076923076
0.011473846153846154
-0.06842584615384616
-0.10096984615384616
-0.0897046153846154
-0.052153846153846155
-0.013142769230769229
0.03609046153846154
0.07197230769230768
0.11891076923076922
0.14874276923076923
0.13101046153846155
0.06633969230769231
-0.014394461538461538
-0.06446215384615385
-0.0961716923076923
-0.08615815384615384
-0.04547815384615384
0.0004172307692307692
0.04839876923076923
0.0936683076923077
0.13309661538461537
0.14916
0.11619876923076923
0.04714707692307692
-0.011891076923076923
-0.041514461538461535
-0.03045784615384615
-0.0008344615384615384
0.02586830769230769
0.04109723076923077
0.05820369230769231
0.073224
0.06446215384615385
0.03942830769230769
-0.020027076923076922
-0.07697907692307693
-0.0961716923076923
-0.073224
-0.019609846153846155
0.02023569230769231
0.04380923076923077
0.05924676923076923
0.08302892307692307
0.0961716923076923
0.07885661538461539
0.029206153846153847
-0.044435076923076924
-0.08365476923076923
-0.08386338461538462
-0.06946892307692307
-0.03984553846153846
-0.01668923076923077
0.0029206153846153843
0.04318338461538461
0.0892873846153846
0.11682461538461539
0.08636676923076922
0.02232184615384615
-0.02357353846153846
-0.043392
-0.025659692307692307
0.0012516923076923076
0.03567323076923076
0.06133292307692308
0.06341907692307691
0.07489292307692308
0.07948246153846153
0.06529661538461538
0.014603076923076923
-0.04422646153846154
-0.06446215384615385
-0.051528
-0.00855323076923077
0.02023569230769231
0.03442153846153846
0.04526953846153846
0.04985907692307692
0.065088
0.07218092307692307
0.051319384615384614
0.003755076923076923
-0.03629907692307692
-0.042557538461538466
-0.020652923076923076
0.0006258461538461538
0.02232184615384615
0.02753723076923077
0.03567323076923076
0.07051199999999999
0.09992676923076924
0.111192
0.062376
0.012934153846153845
-0.0043809230769230765
-0.0050067692307692304
0.013560000000000001
0.006258461538461538
0.003963692307692307
0.002712
0.018358153846153843
0.06404492307692307
0.08511507692307693
0.07051199999999999
0.016480615384615385
-0.029414769230769227
-0.05194523076923077
-0.059038153846153844
-0.042974769230769226
-0.03692492307692308
-0.031918153846153846
-0.005215384615384615
0.04130584615384615
0.086784
0.08365476923076923
0.04756430769230769
0.0070929230769230765
-0.027120000000000002
-0.035464615384615386
-0.052571076923076915
-0.06008123076923077
-0.05194523076923077
-0.03650769230769231
0.008344615384615384
0.04401784615384615
0.0828203076923077
0.09033046153846153
0.058412307692307694
0.04380923076923077
0.02524246153846154
0.011056615384615385
-0.011473846153846154
-0.046104
-0.05945538461538461
-0.05236246153846154
-0.010222153846153844
0.028163076923076923
0.02211323076923077
-0.014185846153846153
-0.05924676923076923
-0.07051199999999999
-0.07051199999999999
-0.06195876923076923
-0.05403138461538461
-0.05757784615384615
-0.02858030769230769
-0.0016689230769230767
0.03150092307692308
0.03379569230769231
-0.019192615384615384
-0.06946892307692307
-0.11411261538461538
-0.12308307692307692
-0.10994030769230768
-0.10096984615384616
-0.09658892307692307
-0.07656184615384615
-0.01981846153846154
0.04714707692307692
0.09033046153846153
0.0892873846153846
0.056951999999999996
0.01668923076923077
-0.0014603076923076922
0.0025033846153846152
0.0022947692307692304
-0.026702769230769228
-0.06008123076923077
-0.058412307692307694
-0.02273907692307692
0.01397723076923077
0.02586830769230769
0.016063384615384615
-0.014185846153846153
-0.028163076923076923
-0.018775384615384614
0.010639384615384617
0.03150092307692308
0.020027076923076922
