0.07948246153846153
0.04380923076923077
0.00855323076923077
-0.008970461538461538
-0.011265230769230769
0.005632615384615384
0.022947692307692308
0.0446436923076923
0.078648
0.10848000000000001
0.14206707692307693
0.12850707692307692
0.07072061538461538
0.008970461538461538
-0.03629907692307692
-0.037342153846153844
-0.02795446153846154
-0.014394461538461538
-0.014811692307692307
-0.005215384615384615
0.04902461538461538
0.103056
0.14999446153846155
0.15416676923076922
0.11432123076923076
0.06884307692307692
0.02586830769230769
0.016897846153846156
0.006884307692307692
-0.014394461538461538
-0.03066646153846154
-0.03129230769230769
0.02044430769230769
0.07739630769230768
0.10389046153846154
0.10514215384615383
0.08907876923076924
0.07802215384615384
0.07489292307692308
0.07948246153846153
0.059872615384615385
0.008761846153846153
-0.03233538461538461
-0.03692492307692308
-0.010848
0.012934153846153845
0.01814953846153846
-0.006467076923076923
-0.025659692307692307
-0.01668923076923077
-0.011473846153846154
-0.004172307692307692
-0.007927384615384614
-0.009804923076923077
0.026702769230769228
0.09074769230769231
0.15187199999999998
0.15646153846153846
0.11640738461538462
0.062376
0.010848
-0.004798153846153846
-0.008970461538461538
-0.016063384615384615
-0.02357353846153846
-0.02545107692307692
0.008344615384615384
0.05236246153846154
0.086784
0.10472492307692308
0.10055261538461538
0.1028473846153846
0.11223507692307692
0.1205796923076923
0.09971815384615385
0.047772923076923074
-0.016480615384615385
-0.06300184615384616
-0.0609156923076923
-0.03692492307692308
-0.010639384615384617
0.006049846153846154
0.010639384615384617
0.017940923076923077
0.028788923076923077
0.021696
-0.019192615384615384
-0.06926030769230769
-0.07927384615384615
-0.05799507692307692
-0.01940123076923077
0.03108369230769231
0.06070707692307692
0.08302892307692307
0.09930092307692308
0.100344
0.07781353846153846
0.023364923076923075
-0.04318338461538461
-0.08845292307692308
-0.09950953846153845
-0.07280676923076923
-0.025033846153846153
0.007510153846153846
0.02899753846153846
0.046104
0.07426707692307692
0.09304246153846155
0.07113784615384615
0.01981846153846154
-0.04860738461538461
-0.08574092307692306
-0.07468430769230769
-0.05674338461538461
-0.037967999999999995
-0.013142769230769229
0.013351384615384614
0.03692492307692308
0.04631261538461538
0.040262769230769234
0.0004172307692307692
-0.07572738461538461
-0.1397723076923077
-0.1435273846153846
-0.10055261538461538
-0.03504738461538461
0.04714707692307692
0.10952307692307692
0.14123261538461537
0.14832553846153845
0.11640738461538462
0.04819015384615385
-0.05736923076923077
-0.157296
-0.1992276923076923
-0.18316430769230768
-0.11265230769230769
-0.03880246153846154
0.0070929230769230765
0.03880246153846154
0.06425353846153846
0.0934596923076923
0.08365476923076923
0.023364923076923075
-0.05611753846153846
-0.124752
-0.14081538461538462
-0.11557292307692307
-0.06425353846153846
-0.01272553846153846
0.023364923076923075
0.061124307692307686
0.08782707692307692
0.09137353846153846
0.04965046153846154
-0.02858030769230769
-0.09158215384615384
-0.10910584615384614
-0.08031692307692308
-0.022947692307692308
0.03024923076923077
0.07572738461538461
0.11578153846153846
0.14874276923076923
0.16730953846153845
0.14561353846153846
0.07656184615384615
-0.018983999999999997
-0.0826116923076923
-0.10222153846153846
-0.06842584615384616
0.001043076923076923
0.05945538461538461
0.10409907692307692
0.12662953846153846
0.13622584615384614
0.11953661538461538
0.05820369230769231
-0.032544
-0.10764553846153846
-0.13455692307692307
-0.11056615384615384
-0.051528
0.014394461538461538
0.07197230769230768
0.10743692307692307
0.12558646153846154
0.12391753846153845
0.09909230769230769
0.03212676923076923
-0.054657230769230764
-0.10117846153846152
-0.10409907692307692
-0.056951999999999996
0.003129230769230769
0.05027630769230769
0.0974233846153846
0.1316363076923077
0.1543753846153846
0.14540492307692307
0.08198584615384615
-0.003129230769230769
-0.06529661538461538
-0.07906523076923076
-0.04380923076923077
-0.005841230769230769
0.008344615384615384
0.003129230769230769
0.0035464615384615383
0.02753723076923077
0.03984553846153846
0.013768615384615384
-0.0446436923076923
-0.08720123076923077
-0.10389046153846154
-0.09012184615384615
-0.03567323076923076
0.003129230769230769
0.027328615384615382
0.03942830769230769
0.04526953846153846
0.04902461538461538
0.003755076923076923
-0.06905169230769231
-0.13643446153846153
-0.19046584615384615
-0.19964492307692308
-0.157296
-0.08866153846153846
-0.02524246153846154
0.025033846153846153
0.07614461538461538
0.11953661538461538
0.14436184615384615
0.13643446153846153
0.08323753846153846
0.008970461538461538
-0.035464615384615386
-0.03609046153846154
-0.03379569230769231
-0.03024923076923077
-0.034630153846153845
-0.03963692307692308
-0.0077187692307692304
