-0.1151556923076923
-0.031918153846153846
0.058412307692307694
0.14540492307692307
0.20193969230769232
0.2330233846153846
0.24741784615384615
0.19797599999999999
0.11286092307692308
0.009179076923076922
-0.0609156923076923
-0.06654830769230768
-0.05277969230769231
0.002086153846153846
0.07155507692307693
0.12162276923076921
0.15833907692307692
0.16689230769230767
0.15333230769230768
0.103056
0.03233538461538461
-0.03567323076923076
-0.06675692307692307
-0.05507446153846154
-0.022947692307692308
0.042974769230769226
0.09700615384615385
0.13038461538461538
0.13914646153846155
0.10430769230769231
0.047772923076923074
-0.04401784615384615
-0.12808984615384614
-0.16230276923076925
-0.14978584615384616
-0.09846646153846153
-0.050067692307692306
0.007301538461538462
0.050067692307692306
0.06049846153846154
0.06258461538461538
0.017315076923076923
-0.05924676923076923
-0.13768615384615385
-0.1883796923076923
-0.18775384615384613
-0.15813046153846153
-0.10889723076923077
-0.05528307692307692
0.004798153846153846
0.053614153846153846
0.078648
0.0717636923076923
0.006258461538461538
-0.06905169230769231
-0.13476553846153844
-0.1712732307692308
-0.16271999999999998
-0.1205796923076923
-0.054240000000000003
-0.006675692307692307
0.037342153846153844
0.07134646153846153
0.07656184615384615
0.04193169230769231
-0.037967999999999995
-0.11745046153846153
-0.16647507692307692
-0.1597993846153846
-0.11035753846153845
-0.047772923076923074
0.007301538461538462
0.04819015384615385
0.10910584615384614
0.15938215384615384
0.14436184615384615
0.08907876923076924
-0.0012516923076923076
-0.06592246153846154
-0.08636676923076922
-0.07697907692307693
-0.015646153846153844
0.018358153846153843
0.05862092307692307
0.11807630769230769
0.14331876923076922
0.16793538461538463
0.1489513846153846
0.09450276923076922
0.03421292307692308
-0.01710646153846154
-0.014603076923076923
0.014394461538461538
0.04860738461538461
0.08302892307692307
0.11578153846153846
0.13998092307692306
0.1476996923076923
0.13852061538461538
0.07948246153846153
-0.006884307692307692
-0.06717415384615384
-0.07969107692307692
-0.04401784615384615
-0.002086153846153846
0.04568676923076923
0.08594953846153845
0.10222153846153846
0.13059323076923077
0.13038461538461538
0.10076123076923077
0.043392
-0.023782153846153845
-0.04819015384615385
-0.049233230769230765
-0.011473846153846154
0.020652923076923076
0.03275261538461539
0.07030338461538461
0.11473846153846154
0.14415323076923076
0.13184492307692308
0.08302892307692307
0.013351384615384614
-0.04756430769230769
-0.06154153846153846
-0.043600615384615383
-0.015854769230769228
0.0004172307692307692
-0.0050067692307692304
0.0016689230769230767
0.024199384615384616
0.03567323076923076
0.021696
-0.026494153846153844
-0.06300184615384616
-0.073224
-0.058412307692307694
-0.02273907692307692
-0.008761846153846153
0.0014603076923076922
0.004172307692307692
0.01272553846153846
0.02273907692307692
0.009179076923076922
-0.013351384615384614
-0.04318338461538461
-0.05507446153846154
-0.03296123076923077
0.010013538461538461
0.029832
0.04130584615384615
0.054240000000000003
0.06341907692307691
0.07969107692307692
0.08052553846153847
0.06383630769230769
0.027745846153846152
0.008970461538461538
0.01981846153846154
0.05194523076923077
0.08469784615384615
0.09283384615384616
0.09199938461538461
0.09429415384615383
0.10201292307692307
0.09387692307692307
0.06905169230769231
0.02586830769230769
-0.026494153846153844
-0.03692492307692308
-0.00855323076923077
0.015646153846153844
0.03379569230769231
0.03567323076923076
0.027745846153846152
0.04401784615384615
0.0609156923076923
0.06070707692307692
0.028371692307692306
-0.019192615384615384
-0.03337846153846154
-0.026702769230769228
-0.012099692307692308
-0.0025033846153846152
-0.012099692307692308
-0.021278769230769233
-0.0022947692307692304
0.02086153846153846
0.02273907692307692
-0.0043809230769230765
-0.06216738461538462
-0.10096984615384616
-0.10096984615384616
-0.07197230769230768
-0.03880246153846154
-0.007510153846153846
0.013351384615384614
0.020652923076923076
0.04401784615384615
0.05590892307692308
0.04380923076923077
-0.005215384615384615
-0.07280676923076923
-0.10096984615384616
-0.10347323076923076
-0.07823076923076923
-0.059664
-0.047981538461538464
-0.026702769230769228
-0.013768615384615384
0.03650769230769231
0.05528307692307692
0.03859384615384615
0.021278769230769233
-0.020652923076923076
-0.018983999999999997
0.003755076923076923
0.02357353846153846
0.02273907692307692
-0.0006258461538461538
0.017315076923076923
0.05319692307692307
0.07072061538461538
0.04318338461538461
-0.0070929230769230765
-0.05945538461538461
-0.09679753846153846
-0.07510153846153846
-0.02899753846153846
0.005215384615384615
0.02586830769230769
0.047772923076923074
0.08740984615384616
0.10159569230769232
0.0798996923076923
0.035255999999999996
-0.034630153846153845
-0.08156861538461539
-0.10222153846153846
-0.08240307692307691
-0.04631261538461538
-0.040262769230769234
-0.026076923076923077
