-0.00855323076923077
-0.019192615384615384
0.0043809230769230765
0.015854769230769228
0.006467076923076923
-0.013351384615384614
0.011682461538461537
0.06195876923076923
0.078648
0.07301538461538462
0.07426707692307692
0.08052553846153847
0.09283384615384616
0.11348676923076922
0.1151556923076923
0.08782707692307692
0.03400430769230769
0.011056615384615385
0.026494153846153844
0.05027630769230769
0.08344615384615384
0.10013538461538461
0.10868861538461538
0.12266584615384615
0.1316363076923077
0.11828492307692307
0.06300184615384616
-0.019192615384615384
-0.0892873846153846
-0.11807630769230769
-0.10222153846153846
-0.055491692307692304
0.0012516923076923076
0.03629907692307692
0.07656184615384615
0.12808984615384614
0.143736
0.11223507692307692
0.04318338461538461
-0.015646153846153844
-0.051528
-0.04860738461538461
-0.005424
0.037967999999999995
0.07259815384615384
0.07802215384615384
0.07969107692307692
0.09304246153846155
0.08615815384615384
0.04401784615384615
-0.01272553846153846
-0.04130584615384615
-0.03275261538461539
-0.008344615384615384
0.009804923076923077
0.035464615384615386
0.05048492307692308
0.06383630769230769
0.09512861538461538
0.10138707692307691
0.06425353846153846
-0.021070153846153846
-0.09763200000000001
-0.14018953846153845
-0.14457046153846154
-0.11202646153846153
-0.08156861538461539
-0.03838523076923077
0.007301538461538462
0.04547815384615384
0.08135999999999999
0.06425353846153846
-0.004798153846153846
-0.084072
-0.14039815384615384
-0.13643446153846153
-0.09992676923076924
-0.04756430769230769
0.006049846153846154
0.048816000000000005
0.0934596923076923
0.11473846153846154
0.09950953846153845
0.04944184615384615
-0.033169846153846154
-0.10389046153846154
-0.13184492307692308
-0.11411261538461538
-0.05799507692307692
0.0070929230769230765
0.05924676923076923
0.09930092307692308
0.13372246153846154
0.13393107692307693
0.09429415384615383
0.017523692307692306
-0.06863446153846153
-0.11223507692307692
-0.10827138461538462
-0.05674338461538461
-0.0006258461538461538
0.028163076923076923
0.04860738461538461
0.07197230769230768
0.09116492307692307
0.08469784615384615
0.049233230769230765
-0.024199384615384616
-0.08428061538461538
-0.092208
-0.0717636923076923
0.0014603076923076922
0.06425353846153846
0.10159569230769232
0.14749107692307692
0.17023015384615386
0.17690584615384616
0.1287156923076923
0.04631261538461538
-0.03567323076923076
-0.09137353846153846
-0.07092923076923077
-0.026076923076923077
0.02899753846153846
0.07906523076923076
0.11953661538461538
0.15750461538461538
0.15395815384615386
0.12391753846153845
0.03942830769230769
-0.06946892307692307
-0.12850707692307692
-0.15500123076923078
-0.13372246153846154
-0.07614461538461538
-0.015854769230769228
0.03942830769230769
0.07948246153846153
0.11724184615384614
0.12391753846153845
0.0855323076923077
0.018358153846153843
-0.06341907692307691
-0.11640738461538462
-0.13121907692307694
-0.10597661538461538
-0.06049846153846154
-0.027328615384615382
0.015020307692307692
0.06049846153846154
0.08636676923076922
0.07301538461538462
0.03233538461538461
-0.015228923076923076
-0.06675692307692307
-0.08302892307692307
-0.06300184615384616
-0.03504738461538461
-0.026702769230769228
-0.011265230769230769
0.02753723076923077
0.05507446153846154
0.0853236923076923
0.08094276923076923
0.025659692307692307
-0.03921969230769231
-0.08365476923076923
-0.08240307692307691
-0.05653476923076922
-0.013768615384615384
0.01814953846153846
0.04526953846153846
0.08323753846153846
0.10597661538461538
0.10013538461538461
0.04318338461538461
-0.008344615384615384
-0.03379569230769231
-0.03650769230769231
-0.010013538461538461
0.020027076923076922
0.05799507692307692
0.08594953846153845
0.13455692307692307
0.17419384615384614
0.17273353846153844
0.132888
0.04965046153846154
-0.003755076923076923
-0.04693846153846153
-0.06759138461538462
-0.05757784615384615
-0.05277969230769231
-0.02044430769230769
0.024199384615384616
0.08386338461538462
0.11599015384615384
0.092208
0.05173661538461538
-0.024408000000000003
-0.09304246153846155
-0.11870215384615385
-0.11390399999999999
-0.08949599999999999
-0.06279323076923077
-0.022530461538461537
0.02753723076923077
0.06571384615384615
0.05924676923076923
0.010848
-0.05590892307692308
-0.10368184615384615
-0.10618523076923077
-0.08782707692307692
-0.05820369230769231
-0.037342153846153844
-0.016063384615384615
0.021487384615384613
0.05236246153846154
0.06049846153846154
0.018358153846153843
-0.05444861538461539
-0.11807630769230769
-0.15646153846153846
-0.15687876923076924
-0.1476996923076923
-0.13393107692307693
-0.09804923076923076
-0.04193169230769231
0.03942830769230769
0.08907876923076924
0.08574092307692306
0.037967999999999995
-0.04130584615384615
-0.08511507692307693
-0.12016246153846154
-0.1422756923076923
-0.13747753846153846
-0.13247076923076923
-0.08636676923076922
-0.003755076923076923
0.09825784615384614
0.16313723076923078
