-0.023990769230769232
0.040262769230769234
0.09387692307692307
0.13080184615384613
0.15249784615384615
0.14832553846153845
0.11056615384615384
0.02586830769230769
-0.06821723076923077
-0.11807630769230769
-0.11181784615384616
-0.06946892307692307
-0.01710646153846154
0.023990769230769232
0.040054153846153843
0.06008123076923077
0.073224
0.06341907692307691
0.028788923076923077
-0.04714707692307692
-0.09784061538461537
-0.08699261538461538
-0.04839876923076923
-0.003129230769230769
0.022530461538461537
0.03504738461538461
0.06300184615384616
0.08219446153846154
0.084072
0.06571384615384615
0.015020307692307692
-0.04672984615384615
-0.07843938461538462
-0.07259815384615384
-0.03984553846153846
0.014394461538461538
0.045895384615384616
0.06654830769230768
0.09450276923076922
0.10889723076923077
0.09387692307692307
0.051528
0.005841230769230769
-0.03400430769230769
-0.05277969230769231
-0.04631261538461538
-0.025033846153846153
-0.015228923076923076
-0.018983999999999997
-0.011891076923076923
0.013560000000000001
0.03567323076923076
0.026285538461538457
0.001043076923076923
-0.01940123076923077
-0.03024923076923077
-0.01397723076923077
0.003129230769230769
0.009179076923076922
0.022530461538461537
0.03567323076923076
0.07572738461538461
0.10931446153846153
0.10222153846153846
0.06633969230769231
0.008761846153846153
-0.013560000000000001
-0.0070929230769230765
0.01940123076923077
0.05570030769230769
0.06592246153846154
0.08782707692307692
0.1136953846153846
0.12704676923076924
0.12162276923076921
0.0853236923076923
0.03442153846153846
-0.01272553846153846
-0.014185846153846153
0.003963692307692307
0.01856676923076923
0.021904615384615383
0.015646153846153844
0.045060923076923075
0.084072
0.11306953846153844
0.10055261538461538
0.03901107692307692
-0.015020307692307692
-0.034630153846153845
-0.0077187692307692304
0.030875076923076922
0.05069353846153846
0.05757784615384615
0.06592246153846154
0.10389046153846154
0.14853415384615384
0.1612596923076923
0.13247076923076923
0.07551876923076924
0.042348923076923076
0.03713353846153846
0.04422646153846154
0.059038153846153844
0.05674338461538461
0.06258461538461538
0.08991323076923076
0.13038461538461538
0.15374953846153847
0.11974523076923077
0.04819015384615385
-0.014394461538461538
-0.028163076923076923
-0.02315630769230769
-0.014185846153846153
-0.0012516923076923076
0.005632615384615384
0.02086153846153846
0.047772923076923074
0.09074769230769231
0.08845292307692308
0.02795446153846154
-0.040262769230769234
-0.09471138461538461
-0.09179076923076923
-0.06613107692307692
-0.04944184615384615
-0.024408000000000003
-0.010013538461538461
0.01940123076923077
0.05444861538461539
0.059872615384615385
0.037342153846153844
-0.008344615384615384
-0.05298830769230769
-0.0771876923076923
-0.06341907692307691
-0.059664
-0.08219446153846154
-0.08615815384615384
-0.07677046153846154
-0.02482523076923077
0.011473846153846154
0.0029206153846153843
-0.027120000000000002
-0.09930092307692308
-0.1424843076923077
-0.15833907692307692
-0.1353913846153846
-0.1218313846153846
-0.14477907692307693
-0.119328
-0.08073415384615384
-0.03129230769230769
-0.008761846153846153
-0.029832
-0.05716061538461538
-0.10180430769230768
-0.11390399999999999
-0.103056
-0.09971815384615385
-0.08240307692307691
-0.06425353846153846
-0.02545107692307692
0.02211323076923077
0.05298830769230769
0.05570030769230769
0.0022947692307692304
-0.03901107692307692
-0.046104
-0.022530461538461537
0.016897846153846156
0.0077187692307692304
0.0077187692307692304
0.017523692307692306
0.04109723076923077
0.0826116923076923
0.06550523076923077
0.019609846153846155
-0.04693846153846153
-0.07489292307692308
-0.05736923076923077
-0.03942830769230769
-0.002712
0.005215384615384615
0.016272
0.04214030769230769
0.07510153846153846
0.10910584615384614
0.1028473846153846
0.08115138461538463
0.03442153846153846
0.01272553846153846
0.026494153846153844
0.03337846153846154
0.045060923076923075
0.02586830769230769
0.026076923076923077
0.05924676923076923
0.09825784615384614
0.1205796923076923
0.08135999999999999
0.040262769230769234
0.022530461538461537
0.03692492307692308
0.06905169230769231
0.0771876923076923
0.07301538461538462
0.05403138461538461
0.05862092307692307
0.0961716923076923
0.11265230769230769
0.10368184615384615
0.05653476923076922
0.017523692307692306
0.015854769230769228
0.015854769230769228
0.03755076923076923
0.023364923076923075
0.0016689230769230767
0.017315076923076923
0.040679999999999994
0.09053907692307692
0.09825784615384614
0.07134646153846153
0.055491692307692304
0.048816000000000005
0.05298830769230769
0.05799507692307692
0.05611753846153846
0.02044430769230769
0.001043076923076923
0.01940123076923077
0.059872615384615385
0.09387692307692307
0.08907876923076924
0.08302892307692307
0.07134646153846153
0.06675692307692307
0.07343261538461537
0.06133292307692308
0.031918153846153846
-0.0014603076923076922
-0.0014603076923076922
