0.022947692307692308
0.07009476923076922
0.07572738461538461
0.061124307692307686
0.06195876923076923
0.08469784615384615
0.0934596923076923
0.06362769230769232
-0.001043076923076923
-0.06383630769230769
-0.08615815384615384
-0.078648
-0.06070707692307692
-0.047772923076923074
-0.040679999999999994
-0.03233538461538461
-0.0033378461538461535
0.016272
-0.0022947692307692304
-0.05277969230769231
-0.10222153846153846
-0.10994030769230768
-0.08720123076923077
-0.03671630769230769
0.003129230769230769
0.0004172307692307692
-0.005215384615384615
0.015437538461538461
0.05611753846153846
0.07635323076923077
0.045060923076923075
-0.006675692307692307
-0.044435076923076924
-0.04130584615384615
-0.002712
0.03421292307692308
0.05653476923076922
0.052153846153846155
0.05820369230769231
0.09950953846153845
0.13476553846153844
0.1353913846153846
0.10389046153846154
0.053614153846153846
0.023364923076923075
0.028788923076923077
0.03755076923076923
0.037967999999999995
0.026494153846153844
0.021904615384615383
0.04965046153846154
0.08761846153846153
0.10263876923076923
0.08699261538461538
0.05716061538461538
0.029623384615384614
0.018983999999999997
0.018358153846153843
0.014811692307692307
-0.0022947692307692304
-0.010848
0.014185846153846153
0.06592246153846154
0.1178676923076923
0.11327815384615383
0.06967753846153846
0.01981846153846154
-0.011891076923076923
-0.005215384615384615
0.02211323076923077
0.040054153846153843
0.04380923076923077
0.051528
0.06800861538461538
0.09283384615384616
0.07948246153846153
0.02273907692307692
-0.03942830769230769
-0.06884307692307692
-0.04860738461538461
-0.006049846153846154
0.02273907692307692
0.03024923076923077
0.03337846153846154
0.03921969230769231
0.05507446153846154
0.061750153846153844
0.02273907692307692
-0.04985907692307692
-0.10117846153846152
-0.11327815384615383
-0.09137353846153846
-0.06070707692307692
-0.04088861538461538
-0.016480615384615385
0.009804923076923077
0.04380923076923077
0.061750153846153844
0.04631261538461538
-0.0008344615384615384
-0.06884307692307692
-0.10138707692307691
-0.09784061538461537
-0.07197230769230768
-0.05674338461538461
-0.06008123076923077
-0.03859384615384615
0.009179076923076922
0.06195876923076923
0.06258461538461538
0.02858030769230769
-0.012308307692307691
-0.06738276923076922
-0.06821723076923077
-0.014394461538461538
0.03150092307692308
0.03921969230769231
0.01981846153846154
0.031709538461538456
0.065088
0.07343261538461537
0.053614153846153846
0.010013538461538461
-0.026702769230769228
-0.03045784615384615
-0.0035464615384615383
0.05507446153846154
0.09053907692307692
0.092208
0.100344
0.10493353846153847
0.10764553846153846
0.08177723076923075
0.03755076923076923
-0.0014603076923076922
-0.03108369230769231
-0.035255999999999996
-0.0004172307692307692
0.0446436923076923
0.05277969230769231
0.059038153846153844
0.07092923076923077
0.0880356923076923
0.09763200000000001
0.06550523076923077
-0.005215384615384615
-0.07697907692307693
-0.11140061538461538
-0.10764553846153846
-0.08636676923076922
-0.08428061538461538
-0.08845292307692308
-0.084072
-0.06049846153846154
-0.037967999999999995
-0.05653476923076922
-0.07948246153846153
-0.103056
-0.11807630769230769
-0.09763200000000001
-0.07113784615384615
-0.055491692307692304
-0.06216738461538462
-0.06571384615384615
-0.04985907692307692
-0.031709538461538456
-0.021696
-0.04214030769230769
-0.07614461538461538
-0.09283384615384616
-0.06070707692307692
-0.015020307692307692
-0.008344615384615384
-0.008970461538461538
-0.020027076923076922
-0.037342153846153844
-0.02482523076923077
0.007301538461538462
0.021904615384615383
0.0016689230769230767
-0.025659692307692307
-0.021487384615384613
-0.005215384615384615
0.005424
0.002086153846153846
-0.019609846153846155
-0.022530461538461537
-0.01940123076923077
-0.005424
0.006467076923076923
-0.02211323076923077
-0.052153846153846155
-0.06446215384615385
-0.03880246153846154
0.01668923076923077
0.04860738461538461
0.047772923076923074
0.028788923076923077
0.031918153846153846
0.06321046153846153
0.09596307692307693
0.11828492307692307
0.10430769230769231
0.08866153846153846
0.09304246153846155
0.10180430769230768
0.09471138461538461
0.042557538461538466
-0.0014603076923076922
-0.015020307692307692
-0.012934153846153845
0.012934153846153845
0.05820369230769231
0.08720123076923077
0.086784
0.09304246153846155
0.1218313846153846
0.1543753846153846
0.14832553846153845
0.103056
0.042348923076923076
0.005841230769230769
0.01856676923076923
0.04672984615384615
0.054240000000000003
0.03045784615384615
0.0043809230769230765
0.0043809230769230765
0.019609846153846155
0.029832
0.014811692307692307
-0.03963692307692308
-0.07051199999999999
-0.054240000000000003
-0.013351384615384614
0.024199384615384616
0.03337846153846154
0.04422646153846154
0.05403138461538461
0.06341907692307691
0.055491692307692304
0.017940923076923077
-0.03650769230769231
-0.09512861538461538
