0.0016689230769230767
-0.04860738461538461
-0.07510153846153846
-0.06842584615384616
-0.03609046153846154
-0.016480615384615385
-0.005215384615384615
-0.011682461538461537
-0.0043809230769230765
0.03150092307692308
0.07134646153846153
0.10076123076923077
0.06550523076923077
0.005632615384615384
-0.02044430769230769
-0.018775384615384614
0.002712
-0.011473846153846154
-0.03108369230769231
-0.009387692307692307
0.026702769230769228
0.08240307692307691
0.11140061538461538
0.11870215384615385
0.09116492307692307
0.04380923076923077
0.04965046153846154
0.05444861538461539
0.0446436923076923
0.0043809230769230765
-0.028371692307692306
-0.02357353846153846
-0.020652923076923076
0.007301538461538462
0.012099692307692308
-0.02232184615384615
-0.052571076923076915
-0.06321046153846153
-0.024408000000000003
0.007927384615384614
0.0077187692307692304
0.005841230769230769
-0.0035464615384615383
0.008761846153846153
0.03421292307692308
0.040262769230769234
0.003755076923076923
-0.043600615384615383
-0.05111076923076923
-0.041514461538461535
-0.01668923076923077
-0.0022947692307692304
-0.0070929230769230765
0.005215384615384615
0.029206153846153847
0.05736923076923077
0.06759138461538462
0.03755076923076923
-0.016063384615384615
-0.05590892307692308
-0.06279323076923077
-0.03421292307692308
-0.0014603076923076922
-0.0006258461538461538
-0.006675692307692307
-0.010848
0.003755076923076923
0.03421292307692308
0.029623384615384614
-0.0014603076923076922
-0.021278769230769233
-0.014185846153846153
0.008136
0.03942830769230769
0.056326153846153845
0.03963692307692308
0.022530461538461537
0.04109723076923077
0.08428061538461538
0.11327815384615383
0.09262523076923077
0.05528307692307692
0.05757784615384615
0.07572738461538461
0.10535076923076922
0.12558646153846154
0.12099692307692309
0.10180430769230768
0.0826116923076923
0.10117846153846152
0.11160923076923077
0.08365476923076923
0.023364923076923075
-0.026911384615384615
-0.013768615384615384
0.03421292307692308
0.0936683076923077
0.12788123076923075
0.10243015384615384
0.049233230769230765
0.017523692307692306
0.019609846153846155
0.010013538461538461
-0.010639384615384617
-0.028371692307692306
-0.026285538461538457
0.0035464615384615383
0.01668923076923077
0.03775938461538462
0.031918153846153846
0.0002086153846153846
-0.006467076923076923
0.009387692307692307
0.06821723076923077
0.09116492307692307
0.06821723076923077
0.05236246153846154
0.05611753846153846
0.09241661538461539
0.10597661538461538
0.07656184615384615
0.021278769230769233
-0.031918153846153846
-0.047772923076923074
-0.034630153846153845
-0.016897846153846156
-0.011056615384615385
-0.013351384615384614
0.0004172307692307692
0.01856676923076923
0.03483876923076923
0.011056615384615385
-0.06967753846153846
-0.14144123076923076
-0.1869193846153846
-0.17377661538461536
-0.1435273846153846
-0.130176
-0.10243015384615384
-0.09074769230769231
-0.061124307692307686
-0.024616615384615383
-0.0050067692307692304
-0.018983999999999997
-0.08198584615384615
-0.11286092307692308
-0.10994030769230768
-0.09199938461538461
-0.059872615384615385
-0.037342153846153844
-0.004798153846153846
0.021070153846153846
0.03942830769230769
0.05173661538461538
0.03421292307692308
-0.007301538461538462
-0.05570030769230769
-0.06216738461538462
-0.027328615384615382
0.02545107692307692
0.07677046153846154
0.10722830769230769
0.13497415384615385
0.1504116923076923
0.1489513846153846
0.11536430769230768
0.03942830769230769
-0.03942830769230769
-0.09116492307692307
-0.07948246153846153
-0.026076923076923077
0.02211323076923077
0.059872615384615385
0.08177723076923075
0.11870215384615385
0.1422756923076923
0.12725538461538463
0.08845292307692308
0.0018775384615384615
-0.06675692307692307
-0.08866153846153846
-0.05486584615384615
0.017523692307692306
0.054240000000000003
0.08052553846153847
0.09471138461538461
0.10868861538461538
0.11077476923076923
0.06905169230769231
0.015646153846153844
-0.051319384615384614
-0.07510153846153846
-0.04756430769230769
-0.005215384615384615
0.04819015384615385
0.078648
0.09137353846153846
0.09763200000000001
0.09116492307692307
0.06070707692307692
-0.0070929230769230765
-0.07656184615384615
-0.12433476923076923
-0.13101046153846155
-0.08344615384615384
-0.027120000000000002
0.03108369230769231
0.05090215384615384
0.05820369230769231
0.07697907692307693
0.06028984615384615
0.03129230769230769
-0.03984553846153846
-0.10618523076923077
-0.12579507692307693
-0.11140061538461538
-0.051528
0.008970461538461538
0.06362769230769232
0.09304246153846155
0.09137353846153846
0.08240307692307691
0.04422646153846154
-0.016063384615384615
-0.08219446153846154
-0.12224861538461537
-0.11286092307692308
-0.06863446153846153
-0.003129230769230769
0.046104
0.06321046153846153
0.062376
0.052571076923076915
0.025033846153846153
-0.02273907692307692
-0.08073415384615384
-0.13267938461538462
-0.13601723076923075
-0.08177723076923075
-0.01940123076923077
0.03337846153846154
0.08156861538461539
0.10159569230769232
0.10868861538461538
