0.05403138461538461
-0.014603076923076923
-0.06571384615384615
-0.05820369230769231
-0.018358153846153843
0.010639384615384617
0.03045784615384615
0.03275261538461539
0.05674338461538461
0.07510153846153846
0.06404492307692307
0.030040615384615384
-0.03609046153846154
-0.08866153846153846
-0.10764553846153846
-0.07343261538461537
-0.01981846153846154
0.01940123076923077
0.06362769230769232
0.08219446153846154
0.09429415384615383
0.0936683076923077
0.054240000000000003
-0.01668923076923077
-0.10639384615384614
-0.15416676923076922
-0.15667015384615385
-0.127464
-0.08115138461538463
-0.04318338461538461
-0.004589538461538461
0.022530461538461537
0.06467076923076923
0.09679753846153846
0.06717415384615384
0.013351384615384614
-0.04109723076923077
-0.061124307692307686
-0.040054153846153843
-0.011473846153846154
0.013351384615384614
0.013560000000000001
0.025659692307692307
0.06404492307692307
0.10201292307692307
0.13998092307692306
0.13852061538461538
0.08991323076923076
0.03379569230769231
0.0029206153846153843
0.0035464615384615383
0.0077187692307692304
0.018983999999999997
0.046104
0.08302892307692307
0.12287446153846153
0.13059323076923077
0.09575446153846154
0.035255999999999996
-0.021904615384615383
-0.02858030769230769
-0.010222153846153844
0.012934153846153845
0.03671630769230769
0.04756430769230769
0.06800861538461538
0.08824430769230769
0.09846646153846153
0.0744756923076923
0.031709538461538456
-0.004589538461538461
-0.018983999999999997
-0.006467076923076923
0.017940923076923077
0.056951999999999996
0.0771876923076923
0.1045163076923077
0.14018953846153845
0.16710092307692306
0.16292861538461537
0.10493353846153847
0.053614153846153846
0.006884307692307692
-0.021487384615384613
-0.015020307692307692
-0.0029206153846153843
0.018983999999999997
0.04380923076923077
0.07927384615384615
0.12537784615384615
0.14185846153846154
0.1097316923076923
0.040679999999999994
-0.03233538461538461
-0.06341907692307691
-0.06258461538461538
-0.04902461538461538
-0.033169846153846154
-0.019192615384615384
0.014811692307692307
0.05319692307692307
0.08135999999999999
0.06884307692307692
0.015228923076923076
-0.04631261538461538
-0.0880356923076923
-0.08574092307692306
-0.06633969230769231
-0.05236246153846154
-0.03755076923076923
-0.006675692307692307
0.04109723076923077
0.09137353846153846
0.10806276923076923
0.07969107692307692
0.026702769230769228
-0.021696
-0.03066646153846154
-0.020027076923076922
-0.008344615384615384
0.010848
0.032544
0.056951999999999996
0.08156861538461539
0.08490646153846154
0.04130584615384615
-0.030875076923076922
-0.09575446153846154
-0.12934153846153845
-0.11557292307692307
-0.07510153846153846
-0.031709538461538456
0.01272553846153846
0.06341907692307691
0.11953661538461538
0.17523692307692307
0.1881710769230769
0.1316363076923077
0.05799507692307692
-0.004798153846153846
-0.02273907692307692
-0.015437538461538461
-0.021278769230769233
-0.02273907692307692
-0.04860738461538461
-0.03859384615384615
0.01397723076923077
0.047772923076923074
0.06529661538461538
0.03400430769230769
-0.02232184615384615
-0.05757784615384615
-0.05716061538461538
-0.045060923076923075
-0.05048492307692308
-0.06008123076923077
-0.04693846153846153
-0.006884307692307692
0.030040615384615384
0.04526953846153846
0.014185846153846153
-0.051319384615384614
-0.10827138461538462
-0.13267938461538462
-0.12558646153846154
-0.11265230769230769
-0.10117846153846152
-0.06863446153846153
-0.01043076923076923
0.05319692307692307
0.08448923076923077
0.06592246153846154
0.02586830769230769
-0.024408000000000003
-0.04693846153846153
-0.02858030769230769
-0.003755076923076923
0.012099692307692308
0.008136
0.018775384615384614
0.04547815384615384
0.05924676923076923
0.053614153846153846
0.0033378461538461535
-0.042348923076923076
-0.05319692307692307
-0.03880246153846154
-0.0018775384615384615
0.016897846153846156
0.022947692307692308
0.024199384615384616
0.050067692307692306
0.09992676923076924
0.11974523076923077
0.08699261538461538
0.01710646153846154
-0.04735569230769231
-0.08615815384615384
-0.07489292307692308
-0.065088
-0.06654830769230768
-0.04088861538461538
-0.008970461538461538
0.07113784615384615
0.14540492307692307
0.16209415384615386
0.14582215384615385
0.09471138461538461
0.051528
0.026285538461538457
0.01272553846153846
0.011265230769230769
0.017732307692307693
0.04756430769230769
0.09450276923076922
0.1316363076923077
0.12955015384615384
0.07572738461538461
0.004589538461538461
-0.04819015384615385
-0.062376
-0.042974769230769226
-0.018775384615384614
-0.005632615384615384
-0.0016689230769230767
0.014603076923076923
0.052153846153846155
0.08866153846153846
0.07614461538461538
0.017940923076923077
-0.04109723076923077
-0.07969107692307692
-0.08094276923076923
-0.06279323076923077
-0.05799507692307692
-0.06362769230769232
-0.04756430769230769
-0.012099692307692308
0.031918153846153846
0.04714707692307692
0.023990769230769232
0.0008344615384615384
-0.027328615384615382
-0.03108369230769231
