0.029832
0.06529661538461538
0.07510153846153846
0.04214030769230769
-0.022530461538461537
-0.06654830769230768
-0.07072061538461538
-0.05194523076923077
-0.03400430769230769
-0.03024923076923077
-0.03275261538461539
-0.014185846153846153
0.024199384615384616
0.056326153846153845
0.04985907692307692
-0.006049846153846154
-0.05111076923076923
-0.06738276923076922
-0.06279323076923077
-0.025659692307692307
-0.012516923076923077
-0.005424
0.008761846153846153
0.03504738461538461
0.07426707692307692
0.07238953846153846
0.03400430769230769
-0.038176615384615385
-0.07510153846153846
-0.07364123076923076
-0.06008123076923077
-0.03713353846153846
-0.04047138461538462
-0.016063384615384615
0.03629907692307692
0.09450276923076922
0.14206707692307693
0.12913292307692306
0.06759138461538462
-0.0035464615384615383
-0.045895384615384616
-0.05048492307692308
-0.052571076923076915
-0.06008123076923077
-0.06195876923076923
-0.043392
-0.0050067692307692304
0.03400430769230769
0.05820369230769231
0.04109723076923077
0.006049846153846154
-0.017940923076923077
-0.006884307692307692
0.03483876923076923
0.05757784615384615
0.03504738461538461
-0.008136
-0.00855323076923077
0.01397723076923077
0.03963692307692308
0.03233538461538461
-0.023990769230769232
-0.047772923076923074
-0.05048492307692308
-0.02858030769230769
-0.0070929230769230765
-0.02086153846153846
-0.011891076923076923
-0.0029206153846153843
0.014603076923076923
0.03108369230769231
0.01814953846153846
-0.014185846153846153
-0.06967753846153846
-0.09137353846153846
-0.08198584615384615
-0.05611753846153846
-0.027745846153846152
-0.02753723076923077
-0.024199384615384616
-0.015020307692307692
0.007927384615384614
0.027745846153846152
0.017940923076923077
-0.006675692307692307
-0.03045784615384615
-0.018775384615384614
0.006258461538461538
0.026285538461538457
0.02023569230769231
-0.015437538461538461
-0.019609846153846155
-0.01272553846153846
-0.004798153846153846
-0.003963692307692307
-0.030875076923076922
-0.046104
-0.04526953846153846
-0.025659692307692307
0.006675692307692307
0.010848
-0.009596307692307692
-0.03275261538461539
-0.03045784615384615
-0.0025033846153846152
0.02482523076923077
0.03755076923076923
0.01814953846153846
0.005424
0.018983999999999997
0.042974769230769226
0.058412307692307694
0.046104
0.04672984615384615
0.07134646153846153
0.10722830769230769
0.1341396923076923
0.13247076923076923
0.11411261538461538
0.0853236923076923
0.08052553846153847
0.09784061538461537
0.11348676923076922
0.11452984615384615
0.06821723076923077
0.03629907692307692
0.032544
0.04380923076923077
0.07134646153846153
0.06863446153846153
0.07051199999999999
0.06863446153846153
0.08010830769230769
0.09450276923076922
0.06738276923076922
0.031918153846153846
-0.023990769230769232
-0.04756430769230769
-0.030040615384615384
0.0050067692307692304
0.053614153846153846
0.047772923076923074
0.03296123076923077
0.0448523076923077
0.04839876923076923
0.03588184615384615
-0.011682461538461537
-0.06425353846153846
-0.11181784615384616
-0.12391753846153845
-0.0828203076923077
-0.042974769230769226
0.00855323076923077
0.02858030769230769
0.04318338461538461
0.06028984615384615
0.02899753846153846
-0.021070153846153846
-0.1136953846153846
-0.17252492307692308
-0.18253846153846154
-0.16793538461538463
-0.11473846153846154
-0.06946892307692307
-0.02899753846153846
-0.009387692307692307
0.010639384615384617
0.02545107692307692
0.0004172307692307692
-0.05048492307692308
-0.12162276923076921
-0.17085599999999998
-0.1881710769230769
-0.1691870769230769
-0.10576799999999999
-0.041514461538461535
0.010848
0.05319692307692307
0.09387692307692307
0.10055261538461538
0.04193169230769231
-0.026702769230769228
-0.07364123076923076
-0.07843938461538462
-0.05194523076923077
0.0008344615384615384
0.08010830769230769
0.11911938461538461
0.15187199999999998
0.17711446153846155
0.157296
0.10576799999999999
0.024616615384615383
-0.03379569230769231
-0.06487938461538462
-0.035255999999999996
0.029414769230769227
0.07009476923076922
0.12204
0.15333230769230768
0.18545907692307692
0.19588984615384614
0.14936861538461538
0.08907876923076924
-0.0002086153846153846
-0.06967753846153846
-0.09304246153846155
-0.06154153846153846
0.026285538461538457
0.10347323076923076
0.1712732307692308
0.21299630769230768
0.22196676923076922
0.2090326153846154
0.12725538461538463
0.02482523076923077
-0.06988615384615385
-0.11974523076923077
-0.09450276923076922
-0.042974769230769226
0.03859384615384615
0.09846646153846153
0.138312
0.16418030769230768
0.14331876923076922
0.086784
-0.022947692307692308
-0.1207883076923077
-0.1794092307692308
-0.19046584615384615
-0.13935507692307691
-0.09074769230769231
-0.037967999999999995
0.007927384615384614
0.042557538461538466
0.07739630769230768
0.06800861538461538
0.014185846153846153
-0.07489292307692308
-0.15604430769230768
-0.17544553846153846
-0.14749107692307692
-0.10055261538461538
-0.04193169230769231
