0.06842584615384616
-0.0077187692307692304
-0.07364123076923076
-0.10076123076923077
-0.08323753846153846
-0.028788923076923077
0.017523692307692306
0.06300184615384616
0.09429415384615383
0.1136953846153846
0.103056
0.058829538461538454
0.014394461538461538
-0.043392
-0.086784
-0.08073415384615384
-0.04109723076923077
0.011265230769230769
0.07677046153846154
0.12913292307692306
0.17544553846153846
0.19568123076923075
0.17481969230769231
0.12516923076923075
0.04735569230769231
-0.012099692307692308
-0.03859384615384615
-0.032544
-0.01856676923076923
0.003755076923076923
0.03045784615384615
0.055491692307692304
0.0826116923076923
0.0961716923076923
0.07572738461538461
0.012308307692307691
-0.037967999999999995
-0.06571384615384615
-0.06654830769230768
-0.04631261538461538
-0.029414769230769227
-0.014394461538461538
-0.009596307692307692
0.014811692307692307
0.03880246153846154
0.018775384615384614
-0.04088861538461538
-0.10994030769230768
-0.13267938461538462
-0.10722830769230769
-0.06195876923076923
-0.023990769230769232
0.006258461538461538
0.04088861538461538
0.06633969230769231
0.08156861538461539
0.07906523076923076
0.05570030769230769
0.012516923076923077
-0.02524246153846154
-0.03150092307692308
-0.01272553846153846
-0.0014603076923076922
-0.011265230769230769
-0.0077187692307692304
0.0008344615384615384
0.01668923076923077
0.029414769230769227
0.009804923076923077
-0.02357353846153846
-0.06696553846153847
-0.08031692307692308
-0.05924676923076923
-0.04401784615384615
-0.027745846153846152
-0.03129230769230769
-0.03233538461538461
-0.010639384615384617
0.018358153846153843
0.03650769230769231
0.0043809230769230765
-0.03692492307692308
-0.06154153846153846
-0.06321046153846153
-0.040262769230769234
-0.015854769230769228
-0.002086153846153846
0.0043809230769230765
0.029623384615384614
0.0771876923076923
0.11432123076923076
0.09012184615384615
0.032544
-0.012934153846153845
-0.03275261538461539
-0.014394461538461538
0.0070929230769230765
0.020652923076923076
0.02858030769230769
0.03609046153846154
0.06550523076923077
0.08824430769230769
0.08490646153846154
0.052153846153846155
0.003755076923076923
-0.01814953846153846
-0.0070929230769230765
0.029623384615384614
0.051528
0.04902461538461538
0.049233230769230765
0.055491692307692304
0.078648
0.08490646153846154
0.06425353846153846
0.029623384615384614
-0.01272553846153846
0.0035464615384615383
0.045895384615384616
0.07843938461538462
0.09596307692307693
0.06425353846153846
0.05507446153846154
0.06487938461538462
0.086784
0.09930092307692308
0.06008123076923077
0.022947692307692308
-0.01397723076923077
-0.010848
0.00855323076923077
0.003963692307692307
-0.0022947692307692304
-0.017940923076923077
0.0035464615384615383
0.041514461538461535
0.053405538461538456
0.027120000000000002
-0.02232184615384615
-0.042348923076923076
-0.05277969230769231
-0.03775938461538462
-0.008344615384615384
-0.008136
-0.0022947692307692304
0.0016689230769230767
0.03275261538461539
0.06863446153846153
0.04672984615384615
0.016063384615384615
-0.02023569230769231
-0.02753723076923077
0.014811692307692307
0.05298830769230769
0.07072061538461538
0.054240000000000003
0.04693846153846153
0.04631261538461538
0.042348923076923076
0.05820369230769231
0.02899753846153846
-0.011682461538461537
-0.03024923076923077
-0.02524246153846154
0.009179076923076922
0.01272553846153846
0.0025033846153846152
-0.015646153846153844
-0.015228923076923076
0.008344615384615384
0.02586830769230769
0.03400430769230769
-0.013768615384615384
-0.07030338461538461
-0.0961716923076923
-0.086784
-0.04839876923076923
-0.035255999999999996
-0.018775384615384614
0.006258461538461538
0.02858030769230769
0.05486584615384615
0.04652123076923077
0.024616615384615383
-0.03108369230769231
-0.06717415384615384
-0.04318338461538461
-0.025659692307692307
0.026702769230769228
0.03713353846153846
0.027328615384615382
0.026494153846153844
0.012934153846153845
0.029414769230769227
-0.014603076923076923
-0.06800861538461538
-0.10493353846153847
-0.11745046153846153
-0.07572738461538461
-0.05507446153846154
-0.03567323076923076
-0.045895384615384616
-0.049233230769230765
-0.011056615384615385
0.010013538461538461
0.023990769230769232
-0.018775384615384614
-0.05382276923076923
-0.06425353846153846
-0.0771876923076923
-0.03233538461538461
-0.01272553846153846
-0.013142769230769229
-0.018358153846153843
-0.022947692307692308
0.01814953846153846
0.03045784615384615
0.029832
0.002712
-0.04401784615384615
-0.02899753846153846
-0.0070929230769230765
0.030040615384615384
0.04088861538461538
0.018358153846153843
0.035464615384615386
0.05298830769230769
0.08198584615384615
0.06842584615384616
0.021278769230769233
-0.010222153846153844
-0.03400430769230769
-0.00855323076923077
0.01856676923076923
0.040054153846153843
0.03901107692307692
0.03483876923076923
0.06696553846153847
0.08991323076923076
0.11327815384615383
0.08761846153846153
0.04860738461538461
0.028788923076923077
0.01668923076923077
