-0.07134646153846153
-0.07635323076923077
-0.07218092307692307
-0.05757784615384615
-0.045895384615384616
-0.008970461538461538
0.035464615384615386
0.07134646153846153
0.08344615384615384
0.05194523076923077
0.021278769230769233
0.0029206153846153843
-0.0002086153846153846
0.007301538461538462
-0.009179076923076922
-0.00855323076923077
-0.01043076923076923
-0.012308307692307691
0.02899753846153846
0.051528
0.040262769230769234
-0.0004172307692307692
-0.03337846153846154
-0.03880246153846154
-0.04547815384615384
-0.027120000000000002
-0.020027076923076922
-0.016063384615384615
0.026702769230769228
0.08031692307692308
0.1218313846153846
0.11327815384615383
0.06967753846153846
0.006467076923076923
-0.04193169230769231
-0.03650769230769231
-0.024199384615384616
-0.02482523076923077
-0.02899753846153846
-0.0035464615384615383
0.05799507692307692
0.0936683076923077
0.09471138461538461
0.059872615384615385
0.011473846153846154
-0.0050067692307692304
-0.0022947692307692304
0.022530461538461537
0.0077187692307692304
-0.040679999999999994
-0.06884307692307692
-0.06633969230769231
-0.002712
0.04193169230769231
0.043600615384615383
0.01940123076923077
-0.021904615384615383
-0.024199384615384616
-0.011891076923076923
0.007510153846153846
0.002086153846153846
-0.028788923076923077
-0.024616615384615383
0.0
0.050067692307692306
0.07364123076923076
0.047772923076923074
0.011473846153846154
-0.022530461538461537
-0.007510153846153846
0.014185846153846153
0.005215384615384615
-0.017732307692307693
-0.030875076923076922
-0.0077187692307692304
0.03275261538461539
0.07364123076923076
0.065088
0.02232184615384615
-0.019192615384615384
-0.0448523076923077
-0.02023569230769231
-0.011056615384615385
-0.01981846153846154
-0.026076923076923077
-0.031709538461538456
0.0029206153846153843
0.047772923076923074
0.06341907692307691
0.02211323076923077
-0.0448523076923077
-0.07197230769230768
-0.04756430769230769
0.017523692307692306
0.05716061538461538
0.03504738461538461
0.016480615384615385
0.026702769230769228
0.06529661538461538
0.10180430769230768
0.08469784615384615
0.04047138461538462
0.0016689230769230767
-0.014811692307692307
-0.018983999999999997
-0.028371692307692306
-0.035255999999999996
-0.03984553846153846
-0.02315630769230769
0.016272
0.06863446153846153
0.09825784615384614
0.06884307692307692
0.026285538461538457
-0.016480615384615385
-0.03942830769230769
-0.04276615384615385
-0.06383630769230769
-0.07572738461538461
-0.07572738461538461
-0.03421292307692308
0.03442153846153846
0.07364123076923076
0.0880356923076923
0.061750153846153844
0.03275261538461539
0.025659692307692307
0.019192615384615384
0.026285538461538457
0.002086153846153846
-0.021696
-0.016063384615384615
-0.004172307692307692
0.03504738461538461
0.042974769230769226
0.024408000000000003
0.016063384615384615
0.026494153846153844
0.05716061538461538
0.05924676923076923
0.03963692307692308
0.005841230769230769
-0.03296123076923077
-0.03692492307692308
-0.008136
0.026702769230769228
0.042557538461538466
0.05528307692307692
0.07051199999999999
0.08448923076923077
0.0853236923076923
0.053405538461538456
0.01043076923076923
-0.03483876923076923
-0.04714707692307692
-0.021070153846153846
0.012099692307692308
0.028163076923076923
0.030040615384615384
0.023782153846153845
0.01814953846153846
0.024408000000000003
0.02086153846153846
-0.0008344615384615384
-0.030875076923076922
-0.047772923076923074
-0.03609046153846154
-0.002086153846153846
0.014811692307692307
0.03108369230769231
0.04318338461538461
0.048816000000000005
0.06300184615384616
0.050067692307692306
0.013560000000000001
-0.05069353846153846
-0.10722830769230769
-0.12266584615384615
-0.0936683076923077
-0.04672984615384615
-0.005424
0.03108369230769231
0.05048492307692308
0.07572738461538461
0.08156861538461539
0.05027630769230769
-0.02357353846153846
-0.10201292307692307
-0.13476553846153844
-0.12725538461538463
-0.07468430769230769
-0.012308307692307691
0.04380923076923077
0.09804923076923076
0.14874276923076923
0.18107815384615383
0.1710646153846154
0.10660246153846153
0.03233538461538461
-0.020652923076923076
-0.03066646153846154
0.014603076923076923
0.06821723076923077
0.12579507692307693
0.1422756923076923
0.14957723076923077
0.1652233846153846
0.16021661538461537
0.13038461538461538
0.05444861538461539
-0.010639384615384617
-0.05048492307692308
-0.026076923076923077
0.03442153846153846
0.07802215384615384
0.13038461538461538
0.16584923076923075
0.19526400000000002
0.1873366153846154
0.12662953846153846
0.04631261538461538
-0.051528
-0.11452984615384615
-0.10848000000000001
-0.05277969230769231
0.03692492307692308
0.10722830769230769
0.16063384615384615
0.19693292307692306
0.1846246153846154
0.12955015384615384
0.02753723076923077
-0.06070707692307692
-0.14415323076923076
-0.17148184615384612
-0.11974523076923077
-0.05799507692307692
0.012099692307692308
0.03963692307692308
0.06571384615384615
0.08740984615384616
0.07948246153846153
0.028788923076923077
-0.07238953846153846
