0.05736923076923077
0.028163076923076923
-0.02044430769230769
-0.0853236923076923
-0.11244369230769231
-0.11056615384615384
-0.09784061538461537
-0.07489292307692308
-0.06154153846153846
-0.023782153846153845
0.035464615384615386
0.08615815384615384
0.0855323076923077
0.037967999999999995
-0.014603076923076923
-0.06258461538461538
-0.06821723076923077
-0.03609046153846154
-0.005424
0.021696
0.035255999999999996
0.07572738461538461
0.10743692307692307
0.09387692307692307
0.06028984615384615
0.0035464615384615383
-0.018775384615384614
-0.015854769230769228
0.03129230769230769
0.08594953846153845
0.08991323076923076
0.10243015384615384
0.11557292307692307
0.14144123076923076
0.14832553846153845
0.11306953846153844
0.05611753846153846
-0.018983999999999997
-0.034630153846153845
-0.018358153846153843
-0.007927384615384614
0.014185846153846153
0.022530461538461537
0.04756430769230769
0.08574092307692306
0.12621230769230768
0.138312
0.09533723076923077
0.05090215384615384
0.0006258461538461538
-0.020652923076923076
-0.0008344615384615384
0.019609846153846155
0.03567323076923076
0.029623384615384614
0.05048492307692308
0.07697907692307693
0.06821723076923077
0.04214030769230769
-0.007301538461538462
-0.03400430769230769
-0.030875076923076922
-0.0050067692307692304
0.03629907692307692
0.03442153846153846
0.01814953846153846
0.011473846153846154
0.026494153846153844
0.058829538461538454
0.055491692307692304
0.028788923076923077
-0.021278769230769233
-0.05194523076923077
-0.055491692307692304
-0.04860738461538461
-0.04318338461538461
-0.06863446153846153
-0.06946892307692307
-0.03650769230769231
0.004798153846153846
0.045060923076923075
0.04568676923076923
0.016063384615384615
0.0004172307692307692
0.006675692307692307
0.03129230769230769
0.04944184615384615
0.040679999999999994
0.02232184615384615
0.021696
0.044435076923076924
0.07593599999999999
0.08699261538461538
0.07030338461538461
0.059664
0.040679999999999994
0.030040615384615384
0.0448523076923077
0.021278769230769233
-0.018983999999999997
-0.035464615384615386
-0.023782153846153845
0.007510153846153846
0.025659692307692307
0.032544
0.024199384615384616
0.012099692307692308
0.018358153846153843
0.03045784615384615
0.023990769230769232
-0.01981846153846154
-0.07092923076923077
-0.09721476923076922
-0.09867507692307692
-0.06216738461538462
-0.011473846153846154
0.026285538461538457
0.04902461538461538
0.07906523076923076
0.11911938461538461
0.12308307692307692
0.08323753846153846
0.009387692307692307
-0.05090215384615384
-0.07092923076923077
-0.05090215384615384
-0.0022947692307692304
0.02044430769230769
0.02795446153846154
0.046104
0.06321046153846153
0.06905169230769231
0.06300184615384616
0.042557538461538466
0.0016689230769230767
-0.016480615384615385
0.007301538461538462
0.04380923076923077
0.0828203076923077
0.10201292307692307
0.10827138461538462
0.111192
0.10368184615384615
0.08302892307692307
0.022947692307692308
-0.059664
-0.11077476923076923
-0.09241661538461539
-0.027120000000000002
0.03921969230769231
0.09554584615384615
0.13330523076923076
0.15813046153846153
0.1787833846153846
0.1800350769230769
0.13768615384615385
0.06613107692307692
0.0
-0.040054153846153843
-0.03859384615384615
0.003755076923076923
0.06404492307692307
0.10555938461538462
0.14164984615384615
0.1942209230769231
0.2194633846153846
0.1913003076923077
0.11974523076923077
0.030875076923076922
-0.03400430769230769
-0.06154153846153846
-0.04756430769230769
-0.006049846153846154
0.02086153846153846
0.033169846153846154
0.05319692307692307
0.06467076923076923
0.065088
0.03775938461538462
-0.019192615384615384
-0.05611753846153846
-0.06154153846153846
-0.03650769230769231
-0.004589538461538461
0.02545107692307692
0.052153846153846155
0.05048492307692308
0.03901107692307692
0.022530461538461537
-0.009596307692307692
-0.06425353846153846
-0.13393107692307693
-0.16105107692307694
-0.15228923076923076
-0.12579507692307693
-0.07802215384615384
-0.040262769230769234
0.0002086153846153846
0.04547815384615384
0.07072061538461538
0.04819015384615385
-0.02357353846153846
-0.10138707692307691
-0.1802436923076923
-0.21716861538461538
-0.1910916923076923
-0.1368516923076923
-0.07238953846153846
-0.028371692307692306
0.019192615384615384
0.059872615384615385
0.056951999999999996
0.020027076923076922
-0.04276615384615385
-0.10201292307692307
-0.13518276923076925
-0.10952307692307692
-0.05674338461538461
-0.024199384615384616
0.01397723076923077
0.042557538461538466
0.061124307692307686
0.07343261538461537
0.05799507692307692
0.017940923076923077
-0.03775938461538462
-0.07218092307692307
-0.06300184615384616
-0.021696
0.02357353846153846
0.05674338461538461
0.08115138461538463
0.10347323076923076
0.1353913846153846
0.14853415384615384
0.11974523076923077
0.05528307692307692
-0.004798153846153846
-0.02524246153846154
-0.007301538461538462
0.040262769230769234
0.09825784615384614
0.13893784615384613
0.16042523076923076
