0.06884307692307692
0.046104
0.03567323076923076
0.03713353846153846
0.08073415384615384
0.12266584615384615
0.1424843076923077
0.11891076923076922
0.0771876923076923
0.06070707692307692
0.05444861538461539
0.05236246153846154
0.03483876923076923
0.009179076923076922
-0.027745846153846152
-0.045895384615384616
-0.021487384615384613
0.003963692307692307
0.0022947692307692304
-0.037967999999999995
-0.05528307692307692
-0.027745846153846152
-0.022947692307692308
-0.035464615384615386
-0.05298830769230769
-0.07301538461538462
-0.07343261538461537
-0.059872615384615385
-0.03838523076923077
-0.0446436923076923
-0.06967753846153846
-0.08866153846153846
-0.08949599999999999
-0.058829538461538454
-0.023990769230769232
0.0035464615384615383
0.011891076923076923
0.026285538461538457
0.058412307692307694
0.07531015384615385
0.07301538461538462
0.03296123076923077
-0.01981846153846154
-0.05048492307692308
-0.04839876923076923
-0.014394461538461538
0.005841230769230769
0.00855323076923077
0.0006258461538461538
0.006675692307692307
0.040262769230769234
0.04672984615384615
0.01043076923076923
-0.042348923076923076
-0.08115138461538463
-0.078648
-0.031918153846153846
0.04693846153846153
0.11765907692307691
0.14832553846153845
0.1531236923076923
0.16251138461538459
0.16584923076923075
0.12808984615384614
0.053614153846153846
-0.03045784615384615
-0.08010830769230769
-0.06988615384615385
-0.024199384615384616
0.027745846153846152
0.07551876923076924
0.10576799999999999
0.13893784615384613
0.1656406153846154
0.15395815384615386
0.11348676923076922
0.050067692307692306
0.014603076923076923
0.008136
0.023990769230769232
0.06279323076923077
0.08031692307692308
0.08615815384615384
0.07739630769230768
0.06738276923076922
0.059038153846153844
0.015646153846153844
-0.05528307692307692
-0.10514215384615383
-0.100344
-0.058412307692307694
0.01397723076923077
0.08594953846153845
0.13706030769230768
0.18399876923076922
0.21111876923076925
0.21341353846153846
0.18525046153846153
0.11244369230769231
0.02044430769230769
-0.06049846153846154
-0.09700615384615385
-0.07948246153846153
-0.03692492307692308
0.02086153846153846
0.07760492307692309
0.12955015384615384
0.16730953846153845
0.16710092307692306
0.11911938461538461
0.029623384615384614
-0.047981538461538464
-0.07510153846153846
-0.050067692307692306
-0.002712
0.028163076923076923
0.049233230769230765
0.05653476923076922
0.05382276923076923
0.04088861538461538
-0.009804923076923077
-0.0798996923076923
-0.15208061538461537
-0.18921415384615384
-0.17481969230769231
-0.12829846153846153
-0.05570030769230769
0.0014603076923076922
0.045895384615384616
0.07572738461538461
0.07948246153846153
0.05048492307692308
-0.013142769230769229
-0.09158215384615384
-0.14311015384615386
-0.12370892307692308
-0.06467076923076923
0.02044430769230769
0.08824430769230769
0.12412615384615384
0.1435273846153846
0.1314276923076923
0.1151556923076923
0.06070707692307692
-0.023990769230769232
-0.07969107692307692
-0.10681107692307691
-0.08866153846153846
-0.04401784615384615
0.009804923076923077
0.0717636923076923
0.0974233846153846
0.11640738461538462
0.12621230769230768
0.08031692307692308
0.01981846153846154
-0.04672984615384615
-0.10055261538461538
-0.10180430769230768
-0.06800861538461538
-0.015854769230769228
0.017940923076923077
0.04380923076923077
0.07280676923076923
0.09053907692307692
0.07739630769230768
0.023364923076923075
-0.026702769230769228
-0.08866153846153846
-0.11098338461538461
-0.06654830769230768
-0.014811692307692307
0.037967999999999995
0.06675692307692307
0.0771876923076923
0.07405846153846153
0.06800861538461538
0.06425353846153846
0.031709538461538456
-0.016063384615384615
-0.05111076923076923
-0.04839876923076923
-0.0070929230769230765
0.05277969230769231
0.10514215384615383
0.14060676923076923
0.16167692307692308
0.1637630769230769
0.1489513846153846
0.08574092307692306
0.011265230769230769
-0.02482523076923077
-0.03838523076923077
-0.017523692307692306
0.013351384615384614
0.044435076923076924
0.07468430769230769
0.09554584615384615
0.1314276923076923
0.16418030769230768
0.15124615384615384
0.08866153846153846
0.033169846153846154
-0.010639384615384617
-0.044435076923076924
-0.04318338461538461
-0.04088861538461538
-0.021904615384615383
0.003963692307692307
0.03066646153846154
0.06425353846153846
0.06133292307692308
0.03713353846153846
-0.017315076923076923
-0.07092923076923077
-0.09137353846153846
-0.08469784615384615
-0.04714707692307692
-0.02315630769230769
-0.009596307692307692
0.008761846153846153
0.03775938461538462
0.05048492307692308
0.007301538461538462
-0.05611753846153846
-0.11265230769230769
-0.138312
-0.10576799999999999
-0.065088
-0.04214030769230769
-0.03942830769230769
-0.03609046153846154
0.0077187692307692304
0.040262769230769234
0.04902461538461538
0.03024923076923077
-0.017315076923076923
-0.05236246153846154
-0.058829538461538454
-0.03901107692307692
-0.025033846153846153
-0.01668923076923077
-0.011265230769230769
0.008344615384615384
