0.033169846153846154
0.042974769230769226
0.05528307692307692
0.016272
-0.05799507692307692
-0.12496061538461539
-0.1612596923076923
-0.14018953846153845
-0.08344615384615384
-0.021904615384615383
0.03275261538461539
0.05528307692307692
0.07092923076923077
0.09262523076923077
0.08031692307692308
0.047772923076923074
-0.006884307692307692
-0.07113784615384615
-0.08887015384615385
-0.06216738461538462
-0.016480615384615385
0.03233538461538461
0.06383630769230769
0.08490646153846154
0.0892873846153846
0.07802215384615384
0.05674338461538461
0.006049846153846154
-0.046104
-0.0880356923076923
-0.09429415384615383
-0.06216738461538462
-0.03838523076923077
-0.02211323076923077
0.0022947692307692304
0.03337846153846154
0.05444861538461539
0.06195876923076923
0.030875076923076922
-0.012934153846153845
-0.04109723076923077
-0.06362769230769232
-0.04088861538461538
0.008136
0.04965046153846154
0.07489292307692308
0.1045163076923077
0.15187199999999998
0.16021661538461537
0.13476553846153844
0.08511507692307693
0.015020307692307692
-0.029623384615384614
-0.040262769230769234
-0.015228923076923076
0.012308307692307691
0.03379569230769231
0.06905169230769231
0.0988836923076923
0.12391753846153845
0.10910584615384614
0.05924676923076923
-0.0077187692307692304
-0.07593599999999999
-0.08094276923076923
-0.06800861538461538
-0.06070707692307692
-0.040679999999999994
-0.021278769230769233
0.022530461538461537
0.06070707692307692
0.086784
0.07155507692307693
0.004172307692307692
-0.05236246153846154
-0.09491999999999999
-0.09053907692307692
-0.06842584615384616
-0.049233230769230765
-0.010639384615384617
0.031918153846153846
0.09721476923076922
0.130176
0.12788123076923075
0.08615815384615384
0.005215384615384615
-0.03483876923076923
-0.05736923076923077
-0.04547815384615384
-0.02023569230769231
-0.01668923076923077
0.018358153846153843
0.06967753846153846
0.11974523076923077
0.14123261538461537
0.10535076923076922
0.03024923076923077
-0.03942830769230769
-0.06738276923076922
-0.05799507692307692
-0.04088861538461538
-0.03629907692307692
-0.027120000000000002
0.002086153846153846
0.04318338461538461
0.08720123076923077
0.0974233846153846
0.04860738461538461
-0.0022947692307692304
-0.021696
-0.0022947692307692304
0.029414769230769227
0.042348923076923076
0.03629907692307692
0.026076923076923077
0.058829538461538454
0.10180430769230768
0.11974523076923077
0.10389046153846154
0.05277969230769231
0.012308307692307691
-0.005215384615384615
0.009804923076923077
0.044435076923076924
0.052571076923076915
0.05236246153846154
0.0717636923076923
0.10096984615384616
0.11619876923076923
0.10597661538461538
0.05528307692307692
-0.031709538461538456
-0.06654830769230768
-0.050067692307692306
-0.02211323076923077
-0.006675692307692307
-0.010848
0.016897846153846156
0.03421292307692308
0.054240000000000003
0.07405846153846153
0.03129230769230769
-0.02586830769230769
-0.06383630769230769
-0.061750153846153844
-0.02482523076923077
0.0012516923076923076
0.008136
0.006258461538461538
0.018358153846153843
0.05111076923076923
0.07614461538461538
0.059038153846153844
0.008344615384615384
-0.05027630769230769
-0.09930092307692308
-0.12350030769230769
-0.12329169230769231
-0.10910584615384614
-0.09721476923076922
-0.0771876923076923
-0.03692492307692308
0.0022947692307692304
-0.0033378461538461535
-0.045895384615384616
-0.08761846153846153
-0.10618523076923077
-0.0988836923076923
-0.07426707692307692
-0.04214030769230769
-0.04526953846153846
-0.059664
-0.04130584615384615
-0.015437538461538461
-0.0014603076923076922
-0.016480615384615385
-0.06383630769230769
-0.12391753846153845
-0.13038461538461538
-0.07197230769230768
-0.031709538461538456
-0.004798153846153846
0.01940123076923077
0.03838523076923077
0.06070707692307692
0.059038153846153844
0.044435076923076924
-0.0022947692307692304
-0.05069353846153846
-0.054240000000000003
-0.028788923076923077
0.008970461538461538
0.018983999999999997
0.034630153846153845
0.04130584615384615
0.05444861538461539
0.09074769230769231
0.09158215384615384
0.08010830769230769
0.03296123076923077
-0.002086153846153846
0.017523692307692306
0.04088861538461538
0.06258461538461538
0.05820369230769231
0.03692492307692308
0.04380923076923077
0.08574092307692306
0.12767261538461538
0.12537784615384615
0.09283384615384616
0.055491692307692304
0.042974769230769226
0.07551876923076924
0.10806276923076923
0.12370892307692308
0.130176
0.12141415384615384
0.1207883076923077
0.12642092307692307
0.12245723076923076
0.10764553846153846
0.06905169230769231
0.04380923076923077
0.06028984615384615
0.07927384615384615
0.08386338461538462
0.07656184615384615
0.06592246153846154
0.07948246153846153
0.10076123076923077
0.1097316923076923
0.0892873846153846
0.03588184615384615
-0.003963692307692307
-0.004589538461538461
0.006049846153846154
0.012099692307692308
0.016897846153846156
0.009804923076923077
0.01272553846153846
0.02858030769230769
0.04547815384615384
0.051319384615384614
