0.09700615384615385
0.05924676923076923
0.0014603076923076922
-0.037342153846153844
-0.04214030769230769
-0.015020307692307692
0.021696
0.04214030769230769
0.05674338461538461
0.08115138461538463
0.12329169230769231
0.1341396923076923
0.09721476923076922
0.029832
-0.02899753846153846
-0.030040615384615384
0.0018775384615384615
0.04088861538461538
0.04985907692307692
0.046104
0.06550523076923077
0.09387692307692307
0.12433476923076923
0.11411261538461538
0.05486584615384615
-0.014185846153846153
-0.05507446153846154
-0.053614153846153846
-0.028163076923076923
0.0014603076923076922
0.016480615384615385
0.022947692307692308
0.03483876923076923
0.04965046153846154
0.05736923076923077
0.03629907692307692
0.007301538461538462
-0.012934153846153845
-0.023364923076923075
-0.011891076923076923
-0.0008344615384615384
-0.002712
-0.011682461538461537
0.003129230769230769
0.04568676923076923
0.07614461538461538
0.07593599999999999
0.042974769230769226
0.004798153846153846
-0.013560000000000001
-0.014185846153846153
0.011891076923076923
0.037967999999999995
0.03775938461538462
0.053405538461538456
0.09471138461538461
0.1356
0.15228923076923076
0.12808984615384614
0.08386338461538462
0.03150092307692308
0.013351384615384614
0.018983999999999997
0.005424
-0.007510153846153846
-0.011473846153846154
0.0016689230769230767
0.026911384615384615
0.04902461538461538
0.040262769230769234
0.009179076923076922
-0.006258461538461538
-0.003963692307692307
0.00855323076923077
0.026076923076923077
0.02858030769230769
0.01814953846153846
0.02357353846153846
0.05277969230769231
0.07468430769230769
0.06842584615384616
0.041514461538461535
0.00855323076923077
0.003129230769230769
0.014603076923076923
0.042974769230769226
0.052153846153846155
0.019609846153846155
-0.005424
-0.010639384615384617
0.015854769230769228
0.046104
0.058412307692307694
0.04693846153846153
0.021904615384615383
0.024408000000000003
0.037967999999999995
0.03129230769230769
-0.008970461538461538
-0.05048492307692308
-0.05945538461538461
-0.04318338461538461
-0.0070929230769230765
0.02211323076923077
0.013768615384615384
-0.013768615384615384
-0.01710646153846154
0.01814953846153846
0.05048492307692308
0.053405538461538456
0.04380923076923077
0.030875076923076922
0.028371692307692306
0.04631261538461538
0.06362769230769232
0.05236246153846154
0.025659692307692307
0.013768615384615384
0.020652923076923076
0.03984553846153846
0.043392
0.018775384615384614
-0.007301538461538462
-0.017523692307692306
-0.0035464615384615383
0.01981846153846154
0.026702769230769228
0.026702769230769228
0.03358707692307692
0.04839876923076923
0.0717636923076923
0.07364123076923076
0.04276615384615385
0.0008344615384615384
-0.03629907692307692
-0.042974769230769226
-0.008136
0.03504738461538461
0.059664
0.06946892307692307
0.07426707692307692
0.08156861538461539
0.07301538461538462
0.04109723076923077
-0.026911384615384615
-0.09053907692307692
-0.1045163076923077
-0.08177723076923075
-0.027120000000000002
0.0029206153846153843
0.01814953846153846
0.01981846153846154
0.008136
0.02211323076923077
0.015437538461538461
-0.011473846153846154
-0.06863446153846153
-0.10785415384615385
-0.10910584615384614
-0.11306953846153844
-0.0880356923076923
-0.07364123076923076
-0.052571076923076915
-0.02482523076923077
0.016063384615384615
0.05653476923076922
0.011682461538461537
-0.06070707692307692
-0.14123261538461537
-0.1948467692307692
-0.18629353846153843
-0.15395815384615386
-0.08177723076923075
-0.020652923076923076
0.03609046153846154
0.1028473846153846
0.1136953846153846
0.084072
0.005841230769230769
-0.07697907692307693
-0.124752
-0.1341396923076923
-0.07843938461538462
-0.016897846153846156
0.028788923076923077
0.055491692307692304
0.06467076923076923
0.07092923076923077
0.05111076923076923
-0.011682461538461537
-0.10681107692307691
-0.16981292307692308
-0.17648861538461538
-0.13622584615384614
-0.06425353846153846
0.006884307692307692
0.08156861538461539
0.12996738461538462
0.15166338461538462
0.15687876923076924
0.11077476923076923
0.027328615384615382
-0.0744756923076923
-0.14477907692307693
-0.14477907692307693
-0.09491999999999999
-0.02315630769230769
0.04401784615384615
0.10994030769230768
0.15938215384615384
0.18358153846153846
0.17669723076923077
0.10055261538461538
-0.002086153846153846
-0.07238953846153846
-0.09533723076923077
-0.06446215384615385
0.0008344615384615384
0.07405846153846153
0.11181784615384616
0.13518276923076925
0.14290153846153844
0.11891076923076922
0.06759138461538462
-0.02232184615384615
-0.08490646153846154
-0.11327815384615383
-0.08824430769230769
-0.019192615384615384
0.04214030769230769
0.09304246153846155
0.10806276923076923
0.10764553846153846
0.10138707692307691
0.0717636923076923
0.014811692307692307
-0.043392
-0.0826116923076923
-0.08448923076923077
-0.051319384615384614
-0.01043076923076923
0.026076923076923077
0.04839876923076923
0.06341907692307691
