0.0012516923076923076
0.04902461538461538
0.04944184615384615
-0.006675692307692307
-0.07510153846153846
-0.09784061538461537
-0.10055261538461538
-0.06800861538461538
-0.04756430769230769
-0.03942830769230769
-0.01981846153846154
0.006675692307692307
0.04547815384615384
0.03755076923076923
-0.003129230769230769
-0.06613107692307692
-0.10660246153846153
-0.10827138461538462
-0.08907876923076924
-0.027745846153846152
-0.006258461538461538
0.005841230769230769
0.04902461538461538
0.08657538461538461
0.11494707692307692
0.08469784615384615
0.03024923076923077
-0.017315076923076923
-0.026702769230769228
0.02023569230769231
0.055491692307692304
0.07197230769230768
0.055491692307692304
0.04902461538461538
0.06738276923076922
0.061750153846153844
0.05528307692307692
0.01814953846153846
-0.02586830769230769
-0.04839876923076923
-0.05528307692307692
-0.012934153846153845
0.024408000000000003
0.053614153846153846
0.07823076923076923
0.08824430769230769
0.12329169230769231
0.12996738461538462
0.10222153846153846
0.048816000000000005
-0.006049846153846154
-0.015646153846153844
-0.018983999999999997
-0.006884307692307692
-0.016897846153846156
-0.03442153846153846
-0.014811692307692307
0.006258461538461538
0.05528307692307692
0.06863446153846153
0.05674338461538461
0.05277969230769231
0.04193169230769231
0.07134646153846153
0.08594953846153845
0.08761846153846153
0.06529661538461538
0.03483876923076923
0.04819015384615385
0.042974769230769226
0.037342153846153844
0.016063384615384615
-0.010013538461538461
-0.009179076923076922
-0.0077187692307692304
0.02545107692307692
0.03859384615384615
0.02044430769230769
0.0025033846153846152
0.0029206153846153843
0.03901107692307692
0.05590892307692308
0.07113784615384615
0.07364123076923076
0.06028984615384615
0.06759138461538462
0.065088
0.05590892307692308
0.021696
-0.029206153846153847
-0.051528
-0.029623384615384614
0.018983999999999997
0.05403138461538461
0.06362769230769232
0.07405846153846153
0.09784061538461537
0.1205796923076923
0.12767261538461538
0.10096984615384616
0.05236246153846154
0.004798153846153846
-0.007510153846153846
0.007510153846153846
0.018775384615384614
0.028371692307692306
0.04756430769230769
0.07092923076923077
0.08448923076923077
0.0974233846153846
0.08240307692307691
0.024616615384615383
-0.04547815384615384
-0.08386338461538462
-0.08031692307692308
-0.047981538461538464
-0.002086153846153846
0.025659692307692307
0.03045784615384615
0.02586830769230769
0.021904615384615383
0.0016689230769230767
-0.056951999999999996
-0.12850707692307692
-0.16230276923076925
-0.13601723076923075
-0.078648
-0.006884307692307692
0.06279323076923077
0.09429415384615383
0.11953661538461538
0.14457046153846154
0.13101046153846155
0.09325107692307691
0.01940123076923077
-0.05528307692307692
-0.08302892307692307
-0.07614461538461538
-0.03024923076923077
0.013768615384615384
0.03629907692307692
0.06404492307692307
0.10681107692307691
0.12934153846153845
0.11181784615384616
0.059038153846153844
-0.03421292307692308
-0.100344
-0.11014892307692307
-0.09095630769230768
-0.04276615384615385
0.005424
0.04860738461538461
0.08198584615384615
0.09012184615384615
0.09325107692307691
0.04193169230769231
-0.04547815384615384
-0.11807630769230769
-0.1543753846153846
-0.11390399999999999
-0.06592246153846154
0.003129230769230769
0.07510153846153846
0.111192
0.14415323076923076
0.1358086153846154
0.10430769230769231
0.022947692307692308
-0.06800861538461538
-0.11703323076923078
-0.1218313846153846
-0.065088
-0.02023569230769231
0.025659692307692307
0.06195876923076923
0.09074769230769231
0.12454338461538461
0.09950953846153845
0.04214030769230769
-0.03379569230769231
-0.10493353846153847
-0.1287156923076923
-0.10430769230769231
-0.04380923076923077
-0.003129230769230769
0.03609046153846154
0.08824430769230769
0.11578153846153846
0.1353913846153846
0.09992676923076924
0.009387692307692307
-0.08073415384615384
-0.14582215384615385
-0.13601723076923075
-0.0934596923076923
-0.03713353846153846
0.037342153846153844
0.10117846153846152
0.15896492307692306
0.18128676923076922
0.1696043076923077
0.09679753846153846
-0.017940923076923077
-0.08845292307692308
-0.10138707692307691
-0.051319384615384614
0.014185846153846153
0.07364123076923076
0.12245723076923076
0.13267938461538462
0.13768615384615385
0.12120553846153845
0.06446215384615385
-0.026494153846153844
-0.11244369230769231
-0.13726892307692307
-0.12662953846153846
-0.073224
-0.006884307692307692
0.047981538461538464
0.1045163076923077
0.14311015384615386
0.1696043076923077
0.1449876923076923
0.07134646153846153
-0.012934153846153845
-0.08115138461538463
-0.0892873846153846
-0.04839876923076923
0.009804923076923077
0.06467076923076923
0.1028473846153846
0.12725538461538463
0.13998092307692306
0.14311015384615386
0.11452984615384615
0.05090215384615384
-0.009596307692307692
-0.045060923076923075
-0.03275261538461539
-0.0014603076923076922
0.02795446153846154
0.051319384615384614
