-0.05048492307692308
-0.0880356923076923
-0.09012184615384615
-0.07072061538461538
-0.04985907692307692
-0.05236246153846154
-0.03483876923076923
-0.019609846153846155
0.010848
0.04860738461538461
0.06487938461538462
0.052153846153846155
-0.0033378461538461535
-0.014811692307692307
-0.0014603076923076922
0.009387692307692307
0.005632615384615384
-0.02524246153846154
-0.003129230769230769
0.024616615384615383
0.06028984615384615
0.08740984615384616
0.05507446153846154
0.010222153846153844
-0.053614153846153846
-0.06738276923076922
-0.03609046153846154
-0.02232184615384615
-0.011473846153846154
-0.009179076923076922
0.021278769230769233
0.06216738461538462
0.10076123076923077
0.13622584615384614
0.11974523076923077
0.0744756923076923
0.02086153846153846
-0.006049846153846154
-0.002086153846153846
-0.021278769230769233
-0.043392
-0.05507446153846154
-0.040262769230769234
-0.009596307692307692
-0.006258461538461538
-0.02753723076923077
-0.07364123076923076
-0.08761846153846153
-0.06654830769230768
-0.043600615384615383
-0.018983999999999997
-0.03129230769230769
-0.03838523076923077
-0.02899753846153846
-0.013142769230769229
0.0035464615384615383
-0.012308307692307691
-0.042557538461538466
-0.07092923076923077
-0.07051199999999999
-0.052153846153846155
-0.028163076923076923
-0.01272553846153846
-0.015020307692307692
-0.0006258461538461538
0.03629907692307692
0.078648
0.09512861538461538
0.07572738461538461
0.03984553846153846
0.024408000000000003
0.026702769230769228
0.03713353846153846
0.04756430769230769
0.035464615384615386
0.031709538461538456
0.05069353846153846
0.08156861538461539
0.0974233846153846
0.06821723076923077
0.02545107692307692
0.0029206153846153843
0.0035464615384615383
0.026494153846153844
0.03942830769230769
0.041514461538461535
0.03713353846153846
0.021487384615384613
0.04214030769230769
0.07259815384615384
0.08135999999999999
0.07280676923076923
0.051528
0.06070707692307692
0.08240307692307691
0.08219446153846154
0.07614461538461538
0.05277969230769231
0.028163076923076923
0.03421292307692308
0.0717636923076923
0.10159569230769232
0.10138707692307691
0.10910584615384614
0.11536430769230768
0.12454338461538461
0.11452984615384615
0.08302892307692307
0.06341907692307691
0.03296123076923077
0.018983999999999997
0.024408000000000003
0.05069353846153846
0.08010830769230769
0.062376
0.042557538461538466
0.031918153846153846
0.024616615384615383
0.015854769230769228
-0.028371692307692306
-0.06362769230769232
-0.07551876923076924
-0.05590892307692308
-0.002086153846153846
0.027120000000000002
0.03671630769230769
0.03129230769230769
0.025659692307692307
0.042557538461538466
0.04714707692307692
0.022947692307692308
-0.03483876923076923
-0.086784
-0.09596307692307693
-0.059664
-0.006049846153846154
0.02545107692307692
0.051319384615384614
0.059038153846153844
0.06571384615384615
0.07468430769230769
0.05194523076923077
0.008970461538461538
-0.05027630769230769
-0.08302892307692307
-0.06216738461538462
-0.03379569230769231
-0.003963692307692307
0.024616615384615383
0.04693846153846153
0.06529661538461538
0.05757784615384615
0.03629907692307692
-0.0077187692307692304
-0.06654830769230768
-0.1045163076923077
-0.10785415384615385
-0.07364123076923076
-0.023990769230769232
0.02023569230769231
0.045060923076923075
0.07572738461538461
0.11077476923076923
0.12391753846153845
0.10535076923076922
0.049233230769230765
-0.012934153846153845
-0.04631261538461538
-0.020027076923076922
0.03755076923076923
0.07948246153846153
0.10952307692307692
0.12350030769230769
0.12913292307692306
0.12350030769230769
0.08344615384615384
0.017315076923076923
-0.050067692307692306
-0.09554584615384615
-0.09763200000000001
-0.056951999999999996
0.009804923076923077
0.05048492307692308
0.06258461538461538
0.08073415384615384
0.0828203076923077
0.06028984615384615
-0.010848
-0.10055261538461538
-0.17669723076923077
-0.21466523076923077
-0.19213476923076922
-0.1476996923076923
-0.08240307692307691
-0.023782153846153845
0.02211323076923077
0.07197230769230768
0.08991323076923076
0.07009476923076922
0.007927384615384614
-0.06592246153846154
-0.10952307692307692
-0.12370892307692308
-0.0934596923076923
-0.0448523076923077
-0.003963692307692307
0.019609846153846155
0.029206153846153847
0.03045784615384615
-0.0016689230769230767
-0.06008123076923077
-0.13101046153846155
-0.15959076923076923
-0.13601723076923075
-0.0880356923076923
-0.022947692307692308
0.01043076923076923
0.04214030769230769
0.08302892307692307
0.0963803076923077
0.09846646153846153
0.061124307692307686
-0.01043076923076923
-0.07739630769230768
-0.12224861538461537
-0.11077476923076923
-0.06028984615384615
0.0012516923076923076
0.0717636923076923
0.13247076923076923
0.17982646153846152
0.21174461538461536
0.19985353846153847
0.1358086153846154
0.03838523076923077
-0.04714707692307692
-0.06487938461538462
-0.03108369230769231
0.02086153846153846
0.07510153846153846
0.10785415384615385
0.13601723076923075
0.14832553846153845
0.12579507692307693
