0.07259815384615384
0.03045784615384615
-0.04526953846153846
-0.1218313846153846
-0.1696043076923077
-0.17732307692307692
-0.12120553846153845
-0.044435076923076924
0.02023569230769231
0.07468430769230769
0.12308307692307692
0.14832553846153845
0.12767261538461538
0.05570030769230769
-0.03379569230769231
-0.08302892307692307
-0.08740984615384616
-0.040679999999999994
0.041514461538461535
0.10222153846153846
0.12600369230769232
0.1356
0.13852061538461538
0.1151556923076923
0.04944184615384615
-0.04380923076923077
-0.12162276923076921
-0.16042523076923076
-0.14123261538461537
-0.08991323076923076
-0.026911384615384615
0.042557538461538466
0.08198584615384615
0.10994030769230768
0.12391753846153845
0.09971815384615385
0.047981538461538464
-0.02586830769230769
-0.07781353846153846
-0.09053907692307692
-0.07551876923076924
-0.043600615384615383
-0.015854769230769228
0.01981846153846154
0.049233230769230765
0.08094276923076923
0.09325107692307691
0.056951999999999996
0.01272553846153846
-0.05090215384615384
-0.0744756923076923
-0.04526953846153846
0.009804923076923077
0.07551876923076924
0.10326461538461539
0.13601723076923075
0.14686523076923075
0.12850707692307692
0.07781353846153846
-0.024199384615384616
-0.10347323076923076
-0.1476996923076923
-0.12913292307692306
-0.049233230769230765
0.024199384615384616
0.08198584615384615
0.11870215384615385
0.14415323076923076
0.16167692307692308
0.13998092307692306
0.07426707692307692
-0.0070929230769230765
-0.06800861538461538
-0.09012184615384615
-0.07468430769230769
-0.026285538461538457
0.016897846153846156
0.051528
0.0961716923076923
0.13643446153846153
0.15270646153846154
0.111192
0.03212676923076923
-0.04860738461538461
-0.08991323076923076
-0.08094276923076923
-0.042974769230769226
0.010639384615384617
0.04547815384615384
0.07238953846153846
0.09471138461538461
0.100344
0.08323753846153846
0.021904615384615383
-0.058412307692307694
-0.11745046153846153
-0.12558646153846154
-0.08386338461538462
-0.040679999999999994
-0.0035464615384615383
0.040054153846153843
0.07134646153846153
0.09241661538461539
0.09679753846153846
0.05194523076923077
-0.032544
-0.11223507692307692
-0.15124615384615384
-0.12955015384615384
-0.06049846153846154
0.00855323076923077
0.06258461538461538
0.09700615384615385
0.10389046153846154
0.09429415384615383
0.05319692307692307
-0.01981846153846154
-0.09700615384615385
-0.15103753846153847
-0.14311015384615386
-0.08511507692307693
-0.026911384615384615
0.011891076923076923
0.043600615384615383
0.08866153846153846
0.11911938461538461
0.12245723076923076
0.07072061538461538
-0.03066646153846154
-0.1151556923076923
-0.16167692307692308
-0.14290153846153844
-0.09909230769230769
-0.05194523076923077
0.0014603076923076922
0.03775938461538462
0.06258461538461538
0.0678
0.051528
-0.0029206153846153843
-0.058829538461538454
-0.078648
-0.06905169230769231
-0.03609046153846154
-0.003963692307692307
0.02023569230769231
0.040054153846153843
0.06821723076923077
0.09325107692307691
0.08845292307692308
0.03859384615384615
-0.04130584615384615
-0.10806276923076923
-0.14018953846153845
-0.12662953846153846
-0.084072
-0.03421292307692308
0.010639384615384617
0.05674338461538461
0.09700615384615385
0.11035753846153845
0.07238953846153846
-0.0077187692307692304
-0.08156861538461539
-0.10868861538461538
-0.0771876923076923
-0.031918153846153846
0.003963692307692307
0.023782153846153845
0.04652123076923077
0.06800861538461538
0.08511507692307693
0.08094276923076923
0.02273907692307692
-0.037967999999999995
-0.07802215384615384
-0.07927384615384615
-0.042348923076923076
-0.010222153846153844
0.01814953846153846
0.051528
0.09283384615384616
0.14185846153846154
0.16313723076923078
0.13038461538461538
0.061124307692307686
-0.025659692307692307
-0.07551876923076924
-0.07969107692307692
-0.07238953846153846
-0.04985907692307692
-0.02044430769230769
0.020652923076923076
0.07635323076923077
0.12496061538461539
0.12913292307692306
0.09012184615384615
0.02586830769230769
-0.018358153846153843
-0.02232184615384615
-0.015228923076923076
0.0043809230769230765
0.010013538461538461
0.016063384615384615
0.05194523076923077
0.09450276923076922
0.10514215384615383
0.0678
0.010848
-0.03609046153846154
-0.04985907692307692
-0.021278769230769233
0.020652923076923076
0.04714707692307692
0.06070707692307692
0.084072
0.11557292307692307
0.12955015384615384
0.10368184615384615
0.02899753846153846
-0.04672984615384615
-0.09784061538461537
-0.11056615384615384
-0.08094276923076923
-0.050067692307692306
-0.01272553846153846
0.026076923076923077
0.09491999999999999
0.157296
0.15833907692307692
0.12204
0.03588184615384615
-0.04088861538461538
-0.08615815384615384
-0.09450276923076922
-0.07614461538461538
-0.06487938461538462
-0.03921969230769231
-0.003755076923076923
0.05403138461538461
0.10263876923076923
0.10660246153846153
0.06800861538461538
