-0.07531015384615385
-0.08615815384615384
-0.037967999999999995
0.02753723076923077
0.08720123076923077
0.11703323076923078
0.1316363076923077
0.14749107692307692
0.14811692307692306
0.138312
0.09158215384615384
0.02586830769230769
-0.028788923076923077
-0.03296123076923077
0.027745846153846152
0.09450276923076922
0.15228923076923076
0.19338646153846153
0.21737723076923077
0.23052
0.214248
0.17377661538461536
0.07635323076923077
-0.031709538461538456
-0.07510153846153846
-0.048816000000000005
0.027328615384615382
0.09137353846153846
0.14123261538461537
0.15646153846153846
0.15103753846153847
0.13914646153846155
0.09533723076923077
0.03108369230769231
-0.06258461538461538
-0.12808984615384614
-0.1422756923076923
-0.10597661538461538
-0.025033846153846153
0.042974769230769226
0.08887015384615385
0.11348676923076922
0.119328
0.10848000000000001
0.04965046153846154
-0.04693846153846153
-0.1287156923076923
-0.17169046153846151
-0.15082892307692305
-0.0892873846153846
-0.010013538461538461
0.062376
0.09179076923076923
0.11557292307692307
0.10493353846153847
0.04839876923076923
-0.035464615384615386
-0.1218313846153846
-0.15374953846153847
-0.1368516923076923
-0.07238953846153846
0.003129230769230769
0.059872615384615385
0.092208
0.10055261538461538
0.10243015384615384
0.07364123076923076
-0.006258461538461538
-0.10910584615384614
-0.19004861538461537
-0.20798953846153845
-0.173568
-0.11473846153846154
-0.05277969230769231
-0.01668923076923077
0.02044430769230769
0.05736923076923077
0.06842584615384616
0.035255999999999996
-0.03692492307692308
-0.10952307692307692
-0.1543753846153846
-0.15145476923076923
-0.09804923076923076
-0.026285538461538457
0.01981846153846154
0.06362769230769232
0.09429415384615383
0.10201292307692307
0.10576799999999999
0.05820369230769231
-0.01856676923076923
-0.07760492307692309
-0.09095630769230768
-0.045060923076923075
0.02273907692307692
0.08323753846153846
0.116616
0.13872923076923074
0.14686523076923075
0.14164984615384615
0.09429415384615383
-0.010013538461538461
-0.09304246153846155
-0.1397723076923077
-0.13184492307692308
-0.08574092307692306
-0.03108369230769231
0.03504738461538461
0.06863446153846153
0.10368184615384615
0.14290153846153844
0.12683815384615382
0.06759138461538462
-0.010848
-0.06905169230769231
-0.08469784615384615
-0.06487938461538462
-0.025033846153846153
-0.006675692307692307
0.01272553846153846
0.058412307692307694
0.09554584615384615
0.10430769230769231
0.0717636923076923
0.00855323076923077
-0.06592246153846154
-0.09784061538461537
-0.0771876923076923
-0.04902461538461538
0.0025033846153846152
0.045895384615384616
0.092208
0.12704676923076924
0.11891076923076922
0.09116492307692307
0.0050067692307692304
-0.08845292307692308
-0.15625292307692307
-0.168144
-0.12037107692307693
-0.08448923076923077
-0.03692492307692308
0.014394461538461538
0.05924676923076923
0.09679753846153846
0.09930092307692308
0.06070707692307692
-0.03024923076923077
-0.11452984615384615
-0.14728246153846153
-0.12621230769230768
-0.07280676923076923
-0.025659692307692307
0.029414769230769227
0.07155507692307693
0.1151556923076923
0.1449876923076923
0.1070196923076923
0.043600615384615383
-0.02482523076923077
-0.05716061538461538
-0.03921969230769231
-0.01856676923076923
0.016063384615384615
0.059038153846153844
0.09992676923076924
0.1287156923076923
0.13852061538461538
0.12391753846153845
0.052571076923076915
-0.02899753846153846
-0.08574092307692306
-0.09804923076923076
-0.06571384615384615
-0.04214030769230769
-0.005424
0.031709538461538456
0.07051199999999999
0.12662953846153846
0.1424843076923077
0.10910584615384614
0.029623384615384614
-0.04860738461538461
-0.08428061538461538
-0.08428061538461538
-0.05799507692307692
-0.03483876923076923
-0.010848
0.01272553846153846
0.06028984615384615
0.11181784615384616
0.11807630769230769
0.07927384615384615
0.009596307692307692
-0.03421292307692308
-0.0446436923076923
-0.035464615384615386
-0.017523692307692306
-0.0025033846153846152
0.016480615384615385
0.040262769230769234
0.07468430769230769
0.07760492307692309
0.025033846153846153
-0.045895384615384616
-0.10389046153846154
-0.10201292307692307
-0.06759138461538462
-0.03567323076923076
0.0
0.007301538461538462
0.022947692307692308
0.049233230769230765
0.06884307692307692
0.06258461538461538
0.0043809230769230765
-0.051319384615384614
-0.07781353846153846
-0.06571384615384615
-0.025659692307692307
-0.0029206153846153843
0.0022947692307692304
0.007510153846153846
0.031709538461538456
0.08302892307692307
0.09596307692307693
0.056326153846153845
-0.0008344615384615384
-0.04318338461538461
-0.04130584615384615
-0.008136
0.03567323076923076
0.06300184615384616
0.07301538461538462
0.07697907692307693
0.10597661538461538
0.124752
0.08949599999999999
0.026702769230769228
-0.05590892307692308
-0.10347323076923076
-0.10994030769230768
-0.10159569230769232
