0.04193169230769231
0.09554584615384615
0.11870215384615385
0.10013538461538461
0.029623384615384614
-0.06154153846153846
-0.1205796923076923
-0.12850707692307692
-0.12579507692307693
-0.10764553846153846
-0.07531015384615385
-0.04693846153846153
0.021278769230769233
0.07969107692307692
0.09533723076923077
0.08073415384615384
0.023364923076923075
-0.008136
-0.009596307692307692
-0.005424
0.01668923076923077
0.02524246153846154
0.04652123076923077
0.09992676923076924
0.15228923076923076
0.17252492307692308
0.13247076923076923
0.06759138461538462
0.0025033846153846152
-0.025659692307692307
0.0006258461538461538
0.042348923076923076
0.07614461538461538
0.07551876923076924
0.0880356923076923
0.12516923076923075
0.1656406153846154
0.17252492307692308
0.1136953846153846
0.05194523076923077
-0.005215384615384615
-0.025033846153846153
-0.004798153846153846
-0.003129230769230769
-0.009804923076923077
-0.017523692307692306
0.008761846153846153
0.05444861538461539
0.07551876923076924
0.08323753846153846
0.043600615384615383
-0.01043076923076923
-0.02023569230769231
-0.00855323076923077
0.004172307692307692
0.0004172307692307692
0.014603076923076923
0.051319384615384614
0.09784061538461537
0.15938215384615384
0.17231630769230769
0.1205796923076923
0.03442153846153846
-0.019192615384615384
-0.022530461538461537
-0.006049846153846154
0.018358153846153843
0.02482523076923077
0.043600615384615383
0.07364123076923076
0.09053907692307692
0.10076123076923077
0.07280676923076923
-0.0025033846153846152
-0.059038153846153844
-0.0678
-0.048816000000000005
-0.026911384615384615
-0.02899753846153846
-0.04318338461538461
-0.04109723076923077
-0.02023569230769231
-0.0014603076923076922
-0.0006258461538461538
-0.02524246153846154
-0.043600615384615383
-0.046104
-0.032544
-0.007510153846153846
-0.011682461538461537
-0.03692492307692308
-0.058412307692307694
-0.045895384615384616
-0.010639384615384617
0.015020307692307692
0.004172307692307692
-0.03963692307692308
-0.0717636923076923
-0.07593599999999999
-0.042348923076923076
-0.00855323076923077
0.01668923076923077
0.03901107692307692
0.06529661538461538
0.11473846153846154
0.12266584615384615
0.07927384615384615
0.011473846153846154
-0.053614153846153846
-0.08448923076923077
-0.08469784615384615
-0.06571384615384615
-0.05173661538461538
-0.03421292307692308
-0.0070929230769230765
0.02858030769230769
0.06717415384615384
0.07572738461538461
0.051319384615384614
0.015437538461538461
-0.018358153846153843
-0.028163076923076923
-0.016480615384615385
-0.003755076923076923
-0.01272553846153846
-0.033169846153846154
-0.02545107692307692
0.007301538461538462
0.04965046153846154
0.042557538461538466
0.02044430769230769
0.014811692307692307
0.005215384615384615
0.03275261538461539
0.05674338461538461
0.06633969230769231
0.06821723076923077
0.07635323076923077
0.1151556923076923
0.12913292307692306
0.10743692307692307
0.06362769230769232
0.010848
-0.003963692307692307
-0.002086153846153846
0.016897846153846156
0.02545107692307692
0.008136
0.02044430769230769
0.040679999999999994
0.08469784615384615
0.10764553846153846
0.08511507692307693
0.07072061538461538
0.04902461538461538
0.05570030769230769
0.08198584615384615
0.09930092307692308
0.09283384615384616
0.05590892307692308
0.041514461538461535
0.047981538461538464
0.06654830769230768
0.06049846153846154
0.03921969230769231
0.03775938461538462
0.053614153846153846
0.10910584615384614
0.13393107692307693
0.12141415384615384
0.0855323076923077
0.03442153846153846
0.03588184615384615
0.05319692307692307
0.05382276923076923
0.04193169230769231
0.02545107692307692
0.017732307692307693
0.013560000000000001
0.011891076923076923
-0.012099692307692308
-0.06675692307692307
-0.10722830769230769
-0.10889723076923077
-0.06633969230769231
-0.013560000000000001
0.018358153846153843
0.03775938461538462
0.03650769230769231
0.03567323076923076
0.03045784615384615
0.013560000000000001
-0.028788923076923077
-0.09491999999999999
-0.12224861538461537
-0.09971815384615385
-0.047772923076923074
0.0008344615384615384
0.018358153846153843
0.013768615384615384
0.00855323076923077
0.01272553846153846
0.006467076923076923
-0.02795446153846154
-0.08887015384615385
-0.13789476923076924
-0.13998092307692306
-0.1045163076923077
-0.03671630769230769
0.013560000000000001
0.031709538461538456
0.05069353846153846
0.061124307692307686
0.06988615384615385
0.05757784615384615
0.008761846153846153
-0.052571076923076915
-0.08720123076923077
-0.0798996923076923
-0.043392
0.007927384615384614
0.030875076923076922
0.04318338461538461
0.06654830769230768
0.07635323076923077
0.06759138461538462
0.017940923076923077
-0.03921969230769231
-0.07593599999999999
-0.07510153846153846
-0.026285538461538457
0.017940923076923077
0.06759138461538462
0.10535076923076922
0.11953661538461538
0.12767261538461538
0.11286092307692308
0.08156861538461539
0.016063384615384615
-0.05778646153846154
-0.09158215384615384
-0.08428061538461538
-0.05674338461538461
-0.013768615384615384
