0.02545107692307692
0.06216738461538462
0.10764553846153846
0.14477907692307693
0.11953661538461538
0.04130584615384615
-0.020027076923076922
-0.054657230769230764
-0.053614153846153846
-0.04568676923076923
-0.03671630769230769
-0.026494153846153844
-0.014603076923076923
0.02899753846153846
0.06571384615384615
0.06487938461538462
0.021278769230769233
-0.040054153846153843
-0.07343261538461537
-0.06300184615384616
-0.02482523076923077
0.003755076923076923
0.023990769230769232
0.03650769230769231
0.06613107692307692
0.10201292307692307
0.100344
0.06592246153846154
-0.019192615384615384
-0.09992676923076924
-0.1136953846153846
-0.07614461538461538
-0.015020307692307692
0.027120000000000002
0.054657230769230764
0.09283384615384616
0.12099692307692309
0.12141415384615384
0.08490646153846154
0.013351384615384614
-0.05403138461538461
-0.08824430769230769
-0.08720123076923077
-0.06800861538461538
-0.05590892307692308
-0.05236246153846154
-0.02357353846153846
0.027120000000000002
0.06195876923076923
0.07551876923076924
0.059664
0.014185846153846153
-0.038176615384615385
-0.07009476923076922
-0.07426707692307692
-0.06884307692307692
-0.0678
-0.05653476923076922
-0.016480615384615385
0.05444861538461539
0.10910584615384614
0.100344
0.03358707692307692
-0.03859384615384615
-0.06717415384615384
-0.053405538461538456
-0.03129230769230769
-0.02795446153846154
-0.007927384615384614
0.018983999999999997
0.058412307692307694
0.09408553846153846
0.08177723076923075
0.05736923076923077
0.0050067692307692304
-0.03713353846153846
-0.0446436923076923
-0.030040615384615384
-0.005424
-0.004589538461538461
0.003129230769230769
0.029414769230769227
0.078648
0.11473846153846154
0.11014892307692307
0.08907876923076924
0.044435076923076924
0.011056615384615385
0.026494153846153844
0.04401784615384615
0.031709538461538456
0.012516923076923077
0.016480615384615385
0.05277969230769231
0.09450276923076922
0.10368184615384615
0.06800861538461538
0.024616615384615383
-0.006675692307692307
-0.005424
0.017315076923076923
0.017523692307692306
0.021904615384615383
0.029623384615384614
0.0446436923076923
0.07969107692307692
0.10263876923076923
0.07697907692307693
0.014603076923076923
-0.04047138461538462
-0.07885661538461539
-0.07677046153846154
-0.05924676923076923
-0.07593599999999999
-0.08949599999999999
-0.07489292307692308
-0.023782153846153845
0.03108369230769231
0.05277969230769231
0.04714707692307692
0.029832
0.028371692307692306
0.024199384615384616
0.012308307692307691
-0.012308307692307691
-0.044435076923076924
-0.06675692307692307
-0.058829538461538454
-0.013560000000000001
0.028163076923076923
0.040679999999999994
0.03108369230769231
0.033169846153846154
0.051319384615384614
0.06946892307692307
0.06008123076923077
0.03483876923076923
0.011265230769230769
0.004798153846153846
0.029414769230769227
0.048816000000000005
0.04985907692307692
0.04088861538461538
0.015854769230769228
-0.0016689230769230767
0.002712
-0.013142769230769229
-0.051528
-0.10117846153846152
-0.11807630769230769
-0.08031692307692308
-0.027745846153846152
0.040054153846153843
0.08323753846153846
0.08448923076923077
0.08949599999999999
0.09700615384615385
0.10201292307692307
0.07572738461538461
-0.010639384615384617
-0.07781353846153846
-0.10660246153846153
-0.09158215384615384
-0.0448523076923077
-0.020652923076923076
0.010639384615384617
0.03129230769230769
0.04944184615384615
0.05716061538461538
0.023782153846153845
-0.03337846153846154
-0.11286092307692308
-0.14811692307692306
-0.13476553846153844
-0.09596307692307693
-0.03400430769230769
-0.008344615384615384
0.023364923076923075
0.055491692307692304
0.06613107692307692
0.08219446153846154
0.033169846153846154
-0.04756430769230769
-0.11807630769230769
-0.14540492307692307
-0.09930092307692308
-0.05090215384615384
-0.0012516923076923076
0.04985907692307692
0.10430769230769231
0.15520984615384617
0.16856123076923077
0.14665661538461539
0.06571384615384615
-0.031709538461538456
-0.08949599999999999
-0.09596307692307693
-0.042974769230769226
0.018983999999999997
0.07468430769230769
0.11599015384615384
0.14936861538461538
0.1792006153846154
0.15082892307692305
0.06863446153846153
-0.033169846153846154
-0.10430769230769231
-0.1205796923076923
-0.08344615384615384
-0.015020307692307692
0.05236246153846154
0.10514215384615383
0.130176
0.15416676923076922
0.15103753846153847
0.09575446153846154
-0.0006258461538461538
-0.10514215384615383
-0.14874276923076923
-0.12579507692307693
-0.05444861538461539
0.031709538461538456
0.09325107692307691
0.14311015384615386
0.17586276923076924
0.17669723076923077
0.15270646153846154
0.09763200000000001
0.02273907692307692
-0.03504738461538461
-0.03838523076923077
-0.0014603076923076922
0.037967999999999995
0.09179076923076923
0.12767261538461538
0.15667015384615385
0.1802436923076923
0.16271999999999998
0.12329169230769231
0.022530461538461537
-0.07426707692307692
-0.12558646153846154
-0.12266584615384615
-0.05528307692307692
