0.08386338461538462
0.10368184615384615
0.08052553846153847
0.03713353846153846
-0.03275261538461539
-0.07030338461538461
-0.05236246153846154
-0.040262769230769234
-0.012308307692307691
-0.01814953846153846
-0.018983999999999997
0.011891076923076923
0.02795446153846154
0.04672984615384615
0.004589538461538461
-0.047772923076923074
-0.07823076923076923
-0.09700615384615385
-0.05674338461538461
-0.027328615384615382
0.0014603076923076922
0.03045784615384615
0.05945538461538461
0.10493353846153847
0.11473846153846154
0.09450276923076922
0.03671630769230769
-0.019192615384615384
-0.04985907692307692
-0.05027630769230769
0.005215384615384615
0.055491692307692304
0.09137353846153846
0.11640738461538462
0.14060676923076923
0.1693956923076923
0.12558646153846154
0.046104
-0.033169846153846154
-0.07948246153846153
-0.07134646153846153
-0.040679999999999994
0.026911384615384615
0.06446215384615385
0.08657538461538461
0.11473846153846154
0.12537784615384615
0.12391753846153845
0.06675692307692307
-0.02273907692307692
-0.10055261538461538
-0.1316363076923077
-0.10827138461538462
-0.06675692307692307
-0.0022947692307692304
0.06696553846153847
0.12537784615384615
0.16856123076923077
0.1656406153846154
0.12704676923076924
0.05507446153846154
-0.02858030769230769
-0.07781353846153846
-0.0853236923076923
-0.04631261538461538
0.0012516923076923076
0.043392
0.09095630769230768
0.12850707692307692
0.15124615384615384
0.13121907692307694
0.07384984615384615
-0.010848
-0.08344615384615384
-0.10806276923076923
-0.0934596923076923
-0.03629907692307692
0.025033846153846153
0.08094276923076923
0.1207883076923077
0.13726892307692307
0.12955015384615384
0.06362769230769232
-0.027328615384615382
-0.11494707692307692
-0.17085599999999998
-0.1706473846153846
-0.143736
-0.0897046153846154
-0.03838523076923077
-0.006884307692307692
0.028788923076923077
0.05173661538461538
0.042348923076923076
-0.008136
-0.05611753846153846
-0.08031692307692308
-0.07885661538461539
-0.044435076923076924
-0.006675692307692307
0.030875076923076922
0.05048492307692308
0.06070707692307692
0.07802215384615384
0.06800861538461538
0.021904615384615383
-0.041514461538461535
-0.0988836923076923
-0.11411261538461538
-0.09721476923076922
-0.06362769230769232
-0.016063384615384615
0.025033846153846153
0.07948246153846153
0.11640738461538462
0.11077476923076923
0.08115138461538463
0.020652923076923076
-0.044435076923076924
-0.078648
-0.06717415384615384
-0.03296123076923077
-0.003963692307692307
0.027120000000000002
0.065088
0.086784
0.09179076923076923
0.08991323076923076
0.05069353846153846
-0.010013538461538461
-0.054240000000000003
-0.06258461538461538
-0.02899753846153846
0.018358153846153843
0.05236246153846154
0.07051199999999999
0.09095630769230768
0.10347323076923076
0.10201292307692307
0.07009476923076922
0.010639384615384617
-0.042557538461538466
-0.078648
-0.06759138461538462
-0.04318338461538461
-0.015020307692307692
0.017732307692307693
0.031918153846153846
0.065088
0.07843938461538462
0.06446215384615385
0.03755076923076923
-0.015646153846153844
-0.035464615384615386
-0.03275261538461539
-0.017523692307692306
0.003963692307692307
-0.002712
-0.011891076923076923
-0.0033378461538461535
0.03045784615384615
0.051319384615384614
0.042348923076923076
0.010639384615384617
-0.031918153846153846
-0.04193169230769231
-0.03483876923076923
-0.03024923076923077
-0.009804923076923077
0.021696
0.05382276923076923
0.09241661538461539
0.11390399999999999
0.10535076923076922
0.05236246153846154
-0.019192615384615384
-0.052153846153846155
-0.05090215384615384
-0.03504738461538461
-0.03650769230769231
-0.04318338461538461
-0.03609046153846154
-0.020652923076923076
0.015437538461538461
0.029414769230769227
0.016480615384615385
-0.0043809230769230765
-0.03650769230769231
-0.029623384615384614
-0.014394461538461538
-0.002712
-0.0002086153846153846
-0.02357353846153846
-0.008136
0.00855323076923077
0.014603076923076923
0.001043076923076923
-0.04088861538461538
-0.055491692307692304
-0.04985907692307692
-0.01981846153846154
0.014185846153846153
0.01940123076923077
0.01981846153846154
0.026911384615384615
0.04693846153846153
0.07384984615384615
0.05799507692307692
0.0006258461538461538
-0.06195876923076923
-0.09909230769230769
-0.08991323076923076
-0.07364123076923076
-0.06487938461538462
-0.06216738461538462
-0.06216738461538462
-0.031918153846153846
0.013560000000000001
0.04526953846153846
0.026494153846153844
-0.026702769230769228
-0.07072061538461538
-0.08866153846153846
-0.07134646153846153
-0.056326153846153845
-0.044435076923076924
-0.021904615384615383
0.005632615384615384
0.04735569230769231
0.08219446153846154
0.07197230769230768
0.048816000000000005
0.015020307692307692
-0.011265230769230769
0.010848
0.025659692307692307
0.021904615384615383
-0.009804923076923077
-0.03859384615384615
-0.015228923076923076
0.015646153846153844
0.03504738461538461
0.017523692307692306
-0.02482523076923077
