-0.004172307692307692
0.019609846153846155
0.025033846153846153
0.03567323076923076
0.05048492307692308
0.07468430769230769
0.06070707692307692
0.02044430769230769
-0.016063384615384615
-0.04088861538461538
-0.022947692307692308
0.007510153846153846
0.03212676923076923
0.05236246153846154
0.07134646153846153
0.11327815384615383
0.15687876923076924
0.16021661538461537
0.13101046153846155
0.06717415384615384
0.008761846153846153
-0.004589538461538461
0.014185846153846153
0.05653476923076922
0.08740984615384616
0.11473846153846154
0.143736
0.15813046153846153
0.14123261538461537
0.08156861538461539
-0.0004172307692307692
-0.06863446153846153
-0.08177723076923075
-0.06738276923076922
-0.03045784615384615
0.012099692307692308
0.03108369230769231
0.058829538461538454
0.0826116923076923
0.09033046153846153
0.06362769230769232
0.016480615384615385
-0.03233538461538461
-0.07948246153846153
-0.08657538461538461
-0.06675692307692307
-0.03129230769230769
-0.002086153846153846
0.027745846153846152
0.08448923076923077
0.12683815384615382
0.13622584615384614
0.08386338461538462
-0.018775384615384614
-0.11703323076923078
-0.16188553846153847
-0.13643446153846153
-0.09012184615384615
-0.021070153846153846
0.045895384615384616
0.08824430769230769
0.12433476923076923
0.12329169230769231
0.07885661538461539
-0.014185846153846153
-0.10013538461538461
-0.12662953846153846
-0.12391753846153845
-0.08490646153846154
-0.02858030769230769
0.027120000000000002
0.065088
0.08386338461538462
0.10472492307692308
0.06529661538461538
-0.014603076923076923
-0.10138707692307691
-0.1489513846153846
-0.12579507692307693
-0.08344615384615384
-0.0014603076923076922
0.06905169230769231
0.127464
0.1718990769230769
0.1696043076923077
0.15124615384615384
0.0826116923076923
-0.003963692307692307
-0.08073415384615384
-0.13330523076923076
-0.10889723076923077
-0.05048492307692308
0.017315076923076923
0.06300184615384616
0.09909230769230769
0.15103753846153847
0.143736
0.10347323076923076
0.014394461538461538
-0.10576799999999999
-0.1794092307692308
-0.20006215384615383
-0.14060676923076923
-0.06613107692307692
0.0002086153846153846
0.06571384615384615
0.092208
0.09825784615384614
0.06404492307692307
-0.012934153846153845
-0.10868861538461538
-0.192552
-0.2154996923076923
-0.19296923076923078
-0.12350030769230769
-0.04109723076923077
0.014185846153846153
0.04839876923076923
0.06133292307692308
0.06717415384615384
0.031918153846153846
-0.03379569230769231
-0.09763200000000001
-0.13601723076923075
-0.11286092307692308
-0.07072061538461538
-0.03024923076923077
-0.0006258461538461538
0.01668923076923077
0.03650769230769231
0.031709538461538456
0.0016689230769230767
-0.06446215384615385
-0.13852061538461538
-0.1860849230769231
-0.1942209230769231
-0.14081538461538462
-0.0798996923076923
-0.02899753846153846
0.02586830769230769
0.07092923076923077
0.11557292307692307
0.12788123076923075
0.08907876923076924
0.01814953846153846
-0.05611753846153846
-0.09179076923076923
-0.08699261538461538
-0.05277969230769231
-0.009596307692307692
0.03609046153846154
0.08386338461538462
0.11286092307692308
0.12683815384615382
0.11765907692307691
0.06592246153846154
0.014394461538461538
-0.008344615384615384
-0.002086153846153846
0.035255999999999996
0.06571384615384615
0.09053907692307692
0.119328
0.14185846153846154
0.15291507692307693
0.13038461538461538
0.08010830769230769
0.02315630769230769
-0.021070153846153846
-0.035255999999999996
-0.016897846153846156
0.016063384615384615
0.030875076923076922
0.037342153846153844
0.07510153846153846
0.12287446153846153
0.14936861538461538
0.14290153846153844
0.07969107692307692
0.005424
-0.03483876923076923
-0.05403138461538461
-0.037342153846153844
-0.012934153846153845
-0.0012516923076923076
0.011891076923076923
0.043600615384615383
0.08448923076923077
0.08365476923076923
0.047772923076923074
-0.01397723076923077
-0.06571384615384615
-0.07781353846153846
-0.06967753846153846
-0.04652123076923077
-0.025033846153846153
-0.010013538461538461
0.002086153846153846
0.011891076923076923
0.022530461538461537
-0.013768615384615384
-0.09429415384615383
-0.14832553846153845
-0.16876984615384616
-0.14477907692307693
-0.10681107692307691
-0.08052553846153847
-0.06070707692307692
-0.03859384615384615
0.013768615384615384
0.04109723076923077
0.03045784615384615
-0.006884307692307692
-0.054657230769230764
-0.07656184615384615
-0.07677046153846154
-0.04214030769230769
-0.013142769230769229
0.0008344615384615384
0.02795446153846154
0.06258461538461538
0.11640738461538462
0.1422756923076923
0.11557292307692307
0.05173661538461538
-0.011473846153846154
-0.02545107692307692
-0.011056615384615385
0.02273907692307692
0.056951999999999996
0.07948246153846153
0.10994030769230768
0.13706030769230768
0.16230276923076925
0.15124615384615384
0.09325107692307691
0.03880246153846154
-0.0070929230769230765
-0.015437538461538461
-0.0008344615384615384
0.018358153846153843
0.026494153846153844
0.021696
0.052571076923076915
