0.17669723076923077
0.13622584615384614
0.05090215384615384
-0.026911384615384615
-0.05590892307692308
-0.04088861538461538
0.004589538461538461
0.05090215384615384
0.08094276923076923
0.11807630769230769
0.15416676923076922
0.15938215384615384
0.13309661538461537
0.06550523076923077
-0.027328615384615382
-0.10889723076923077
-0.12287446153846153
-0.07697907692307693
-0.022530461538461537
0.02858030769230769
0.07489292307692308
0.11286092307692308
0.11724184615384614
0.10326461538461539
0.07092923076923077
-0.0016689230769230767
-0.06738276923076922
-0.08699261538461538
-0.06529661538461538
-0.02858030769230769
0.021696
0.08094276923076923
0.1097316923076923
0.12162276923076921
0.11578153846153846
0.08156861538461539
0.029414769230769227
-0.03921969230769231
-0.07405846153846153
-0.0609156923076923
-0.027328615384615382
0.03108369230769231
0.06154153846153846
0.06341907692307691
0.09137353846153846
0.10389046153846154
0.09429415384615383
0.04547815384615384
-0.03066646153846154
-0.06988615384615385
-0.09304246153846155
-0.08177723076923075
-0.04088861538461538
-0.0035464615384615383
0.03150092307692308
0.07009476923076922
0.124752
0.15249784615384615
0.12245723076923076
0.05507446153846154
-0.005632615384615384
-0.04130584615384615
-0.04401784615384615
-0.00855323076923077
0.008970461538461538
0.03483876923076923
0.07802215384615384
0.11140061538461538
0.14185846153846154
0.12391753846153845
0.08156861538461539
0.01397723076923077
-0.04756430769230769
-0.05236246153846154
-0.03629907692307692
0.0
0.013351384615384614
0.013351384615384614
0.02899753846153846
0.05027630769230769
0.06613107692307692
0.05090215384615384
0.014811692307692307
-0.03108369230769231
-0.056951999999999996
-0.04422646153846154
-0.026911384615384615
-0.024408000000000003
-0.014185846153846153
0.007301538461538462
0.03880246153846154
0.06571384615384615
0.06696553846153847
0.030040615384615384
-0.03775938461538462
-0.07510153846153846
-0.06946892307692307
-0.02357353846153846
0.01272553846153846
0.020652923076923076
0.04756430769230769
0.08052553846153847
0.12412615384615384
0.138312
0.10743692307692307
0.04214030769230769
-0.04088861538461538
-0.07092923076923077
-0.055491692307692304
-0.02044430769230769
-0.017523692307692306
-0.028163076923076923
-0.010848
0.008136
0.03713353846153846
0.018775384615384614
-0.035464615384615386
-0.09325107692307691
-0.14311015384615386
-0.13101046153846155
-0.0974233846153846
-0.07343261538461537
-0.05820369230769231
-0.05382276923076923
-0.01981846153846154
0.02586830769230769
0.030875076923076922
0.0008344615384615384
-0.06154153846153846
-0.10096984615384616
-0.08949599999999999
-0.06905169230769231
-0.03650769230769231
-0.018983999999999997
-0.016063384615384615
0.008136
0.042974769230769226
0.07510153846153846
0.06717415384615384
0.023990769230769232
-0.01043076923076923
-0.027120000000000002
0.0012516923076923076
0.03275261538461539
0.03108369230769231
0.021278769230769233
0.0043809230769230765
0.016897846153846156
0.03421292307692308
0.028371692307692306
-0.004589538461538461
-0.07134646153846153
-0.10660246153846153
-0.09199938461538461
-0.040262769230769234
0.0035464615384615383
0.014603076923076923
0.03150092307692308
0.04839876923076923
0.084072
0.103056
0.07697907692307693
0.03024923076923077
-0.03942830769230769
-0.07238953846153846
-0.06926030769230769
-0.04714707692307692
-0.02086153846153846
-0.026285538461538457
-0.012934153846153845
0.029623384615384614
0.08073415384615384
0.10639384615384614
0.08887015384615385
0.04965046153846154
0.01272553846153846
0.01043076923076923
0.028163076923076923
0.040054153846153843
0.028788923076923077
0.013560000000000001
0.018983999999999997
0.03692492307692308
0.047981538461538464
0.026702769230769228
-0.022530461538461537
-0.06133292307692308
-0.07259815384615384
-0.05820369230769231
-0.020652923076923076
0.008970461538461538
0.019609846153846155
0.022530461538461537
0.030040615384615384
0.03859384615384615
0.03880246153846154
0.014394461538461538
-0.03775938461538462
-0.052153846153846155
-0.02482523076923077
0.007510153846153846
0.027120000000000002
0.004589538461538461
-0.004589538461538461
0.008970461538461538
0.04130584615384615
0.06049846153846154
0.02858030769230769
-0.005215384615384615
-0.03942830769230769
-0.032544
-0.011682461538461537
0.0
0.016897846153846156
0.015646153846153844
0.031709538461538456
0.04756430769230769
0.054240000000000003
0.037342153846153844
-0.008136
-0.05444861538461539
-0.08699261538461538
-0.06216738461538462
-0.03504738461538461
-0.018983999999999997
0.008136
0.016480615384615385
0.04819015384615385
0.07426707692307692
0.07697907692307693
0.05590892307692308
0.004798153846153846
-0.019192615384615384
-0.015020307692307692
0.023990769230769232
0.044435076923076924
0.020027076923076922
0.004589538461538461
-0.023782153846153845
-0.019192615384615384
0.0
-0.00855323076923077
-0.0025033846153846152
-0.011056615384615385
