-0.04860738461538461
-0.03296123076923077
-0.017732307692307693
0.009804923076923077
0.04109723076923077
0.065088
0.05674338461538461
0.018775384615384614
-0.008761846153846153
-0.003129230769230769
0.023364923076923075
0.05090215384615384
0.07739630769230768
0.09763200000000001
0.124752
0.1570873846153846
0.1704387692307692
0.14394461538461537
0.08615815384615384
0.023990769230769232
-0.021904615384615383
-0.03296123076923077
-0.026285538461538457
-0.023364923076923075
-0.02044430769230769
-0.009804923076923077
0.025659692307692307
0.06425353846153846
0.07092923076923077
0.04672984615384615
-0.0008344615384615384
-0.05507446153846154
-0.0828203076923077
-0.07572738461538461
-0.07092923076923077
-0.07009476923076922
-0.05111076923076923
-0.008344615384615384
0.024616615384615383
0.03275261538461539
0.010013538461538461
-0.04693846153846153
-0.08448923076923077
-0.0828203076923077
-0.05674338461538461
-0.03045784615384615
-0.013560000000000001
0.007927384615384614
0.050067692307692306
0.0936683076923077
0.11306953846153844
0.10994030769230768
0.06529661538461538
-0.012308307692307691
-0.07551876923076924
-0.10243015384615384
-0.10743692307692307
-0.0961716923076923
-0.06946892307692307
-0.029832
0.029414769230769227
0.08302892307692307
0.10493353846153847
0.0826116923076923
0.030875076923076922
-0.006258461538461538
-0.03024923076923077
-0.026285538461538457
-0.0077187692307692304
0.010222153846153844
0.04380923076923077
0.08636676923076922
0.13914646153846155
0.17628
0.16981292307692308
0.11953661538461538
0.06717415384615384
0.03921969230769231
0.041514461538461535
0.04693846153846153
0.023990769230769232
0.009179076923076922
0.03045784615384615
0.07238953846153846
0.10952307692307692
0.12266584615384615
0.09012184615384615
0.033169846153846154
-0.018983999999999997
-0.043600615384615383
-0.035255999999999996
-0.027745846153846152
-0.015228923076923076
0.0016689230769230767
0.03838523076923077
0.0828203076923077
0.0988836923076923
0.07927384615384615
0.0025033846153846152
-0.07218092307692307
-0.11035753846153845
-0.11724184615384614
-0.09241661538461539
-0.07760492307692309
-0.058829538461538454
-0.014603076923076923
0.05862092307692307
0.12621230769230768
0.14164984615384615
0.11348676923076922
0.05173661538461538
0.005424
-0.008970461538461538
0.0025033846153846152
0.018775384615384614
0.0035464615384615383
0.006467076923076923
0.027328615384615382
0.06258461538461538
0.08219446153846154
0.04526953846153846
0.0016689230769230767
-0.045895384615384616
-0.07259815384615384
-0.06821723076923077
-0.06362769230769232
-0.06446215384615385
-0.06383630769230769
-0.031709538461538456
0.01981846153846154
0.06008123076923077
0.07384984615384615
0.029414769230769227
-0.022947692307692308
-0.045895384615384616
-0.04568676923076923
-0.03421292307692308
-0.06571384615384615
-0.0771876923076923
-0.049233230769230765
-0.004172307692307692
0.05507446153846154
0.07384984615384615
0.06717415384615384
0.027328615384615382
-0.006258461538461538
-0.005215384615384615
0.008344615384615384
0.03963692307692308
0.04568676923076923
0.04109723076923077
0.044435076923076924
0.0744756923076923
0.10180430769230768
0.08031692307692308
0.04109723076923077
-0.00855323076923077
-0.016272
0.0050067692307692304
0.017940923076923077
0.01710646153846154
-0.025659692307692307
-0.037967999999999995
-0.005215384615384615
0.04401784615384615
0.08198584615384615
0.06967753846153846
0.055491692307692304
0.03775938461538462
0.041514461538461535
0.06821723076923077
0.05757784615384615
0.04318338461538461
0.011891076923076923
-0.0025033846153846152
0.008761846153846153
0.01814953846153846
0.038176615384615385
-0.005424
-0.03942830769230769
-0.026702769230769228
-0.014394461538461538
0.02044430769230769
0.020027076923076922
0.01043076923076923
0.0022947692307692304
0.013560000000000001
0.06404492307692307
0.056951999999999996
0.026285538461538457
-0.012516923076923077
-0.04672984615384615
-0.042557538461538466
-0.05236246153846154
-0.05924676923076923
-0.08887015384615385
-0.12120553846153845
-0.11745046153846153
-0.0880356923076923
-0.037967999999999995
-0.026494153846153844
-0.02044430769230769
-0.005424
0.018358153846153843
0.05945538461538461
0.05382276923076923
0.02482523076923077
-0.0016689230769230767
-0.012308307692307691
0.007927384615384614
0.024408000000000003
0.04422646153846154
0.051528
0.051528
0.07009476923076922
0.07218092307692307
0.08115138461538463
0.06967753846153846
0.026494153846153844
0.014185846153846153
0.02357353846153846
0.05486584615384615
0.08219446153846154
0.07823076923076923
0.07301538461538462
0.08010830769230769
0.07489292307692308
0.06341907692307691
0.0448523076923077
-0.02044430769230769
-0.084072
-0.10848000000000001
-0.09950953846153845
-0.05298830769230769
-0.028163076923076923
-0.0035464615384615383
0.03045784615384615
0.043600615384615383
0.05924676923076923
0.03859384615384615
-0.0022947692307692304
-0.07113784615384615
-0.12913292307692306
-0.1341396923076923
