-0.06154153846153846
-0.08156861538461539
-0.07656184615384615
-0.04568676923076923
-0.014185846153846153
0.0070929230769230765
0.0448523076923077
0.08177723076923075
0.10952307692307692
0.08302892307692307
0.009179076923076922
-0.07259815384615384
-0.130176
-0.12370892307692308
-0.08845292307692308
-0.042557538461538466
-0.006467076923076923
0.015228923076923076
0.054657230769230764
0.09304246153846155
0.11849353846153846
0.08949599999999999
0.019192615384615384
-0.035464615384615386
-0.06592246153846154
-0.04839876923076923
-0.027120000000000002
-0.012099692307692308
0.01043076923076923
0.02357353846153846
0.05590892307692308
0.07468430769230769
0.06383630769230769
0.008344615384615384
-0.06529661538461538
-0.07823076923076923
-0.0744756923076923
-0.05757784615384615
-0.03379569230769231
-0.018358153846153843
0.008344615384615384
0.04214030769230769
0.086784
0.09658892307692307
0.06133292307692308
0.006884307692307692
-0.035464615384615386
-0.04714707692307692
-0.04547815384615384
-0.03629907692307692
-0.029414769230769227
-0.014603076923076923
0.03400430769230769
0.09408553846153846
0.127464
0.1097316923076923
0.052153846153846155
0.001043076923076923
-0.03442153846153846
-0.03755076923076923
-0.015646153846153844
0.009804923076923077
0.03296123076923077
0.061124307692307686
0.10138707692307691
0.11286092307692308
0.08824430769230769
0.017940923076923077
-0.05570030769230769
-0.09304246153846155
-0.09700615384615385
-0.07009476923076922
-0.04756430769230769
-0.01940123076923077
0.008344615384615384
0.059038153846153844
0.1097316923076923
0.11494707692307692
0.0855323076923077
0.008970461538461538
-0.040679999999999994
-0.05653476923076922
-0.06049846153846154
-0.03921969230769231
-0.026076923076923077
0.008344615384615384
0.058829538461538454
0.11536430769230768
0.1614683076923077
0.14811692307692306
0.09846646153846153
0.03671630769230769
-0.009804923076923077
-0.016897846153846156
-0.02086153846153846
-0.033169846153846154
-0.054240000000000003
-0.050067692307692306
-0.004798153846153846
0.03713353846153846
0.049233230769230765
0.008344615384615384
-0.034630153846153845
-0.07823076923076923
-0.09679753846153846
-0.06446215384615385
-0.06571384615384615
-0.06425353846153846
-0.03337846153846154
0.028163076923076923
0.09512861538461538
0.09325107692307691
0.05194523076923077
-0.018775384615384614
-0.09179076923076923
-0.12391753846153845
-0.111192
-0.056951999999999996
-0.02273907692307692
0.0077187692307692304
0.035255999999999996
0.04819015384615385
0.07593599999999999
0.07280676923076923
0.030875076923076922
-0.044435076923076924
-0.08761846153846153
-0.08052553846153847
-0.05799507692307692
-0.02273907692307692
-0.021278769230769233
0.007510153846153846
0.059038153846153844
0.103056
0.13184492307692308
0.09283384615384616
0.04756430769230769
0.0022947692307692304
-0.027120000000000002
-0.02273907692307692
-0.016897846153846156
-0.0004172307692307692
0.0022947692307692304
0.034630153846153845
0.08448923076923077
0.09596307692307693
0.08323753846153846
0.031709538461538456
-0.022947692307692308
-0.058829538461538454
-0.04401784615384615
0.009179076923076922
0.02357353846153846
0.03108369230769231
0.03921969230769231
0.06404492307692307
0.10159569230769232
0.09867507692307692
0.06195876923076923
-0.006675692307692307
-0.04547815384615384
-0.03984553846153846
-0.01814953846153846
0.002086153846153846
-0.016480615384615385
-0.02524246153846154
-0.031918153846153846
-0.025033846153846153
-0.0029206153846153843
-0.012308307692307691
-0.024616615384615383
-0.04756430769230769
-0.05048492307692308
-0.030875076923076922
-0.01940123076923077
-0.013560000000000001
-0.04401784615384615
-0.045895384615384616
-0.021904615384615383
-0.003129230769230769
0.012934153846153845
-0.011473846153846154
-0.033169846153846154
-0.04547815384615384
-0.021278769230769233
0.031709538461538456
0.05674338461538461
0.07092923076923077
0.05820369230769231
0.053614153846153846
0.06550523076923077
0.0678
0.07656184615384615
0.056951999999999996
0.04526953846153846
0.05736923076923077
0.073224
0.08323753846153846
0.03108369230769231
-0.02357353846153846
-0.04735569230769231
-0.05611753846153846
-0.028163076923076923
0.0022947692307692304
0.02899753846153846
0.029623384615384614
0.03108369230769231
0.06529661538461538
0.07656184615384615
0.06654830769230768
0.028788923076923077
-0.005424
-0.01710646153846154
-0.019192615384615384
0.012308307692307691
0.024199384615384616
0.027120000000000002
0.03671630769230769
0.056951999999999996
0.0934596923076923
0.09179076923076923
0.06717415384615384
0.005841230769230769
-0.03963692307692308
-0.03379569230769231
-0.026494153846153844
-0.011891076923076923
-0.016897846153846156
-0.011473846153846154
0.014394461538461538
0.028163076923076923
0.04839876923076923
0.02482523076923077
-0.031709538461538456
-0.07134646153846153
-0.08490646153846154
-0.05570030769230769
-0.03108369230769231
0.007510153846153846
0.043600615384615383
0.058412307692307694
0.09304246153846155
0.10222153846153846
0.09575446153846154
