0.030875076923076922
-0.047981538461538464
-0.10222153846153846
-0.1205796923076923
-0.10472492307692308
-0.05194523076923077
0.0012516923076923076
0.049233230769230765
0.07113784615384615
0.08511507692307693
0.08636676923076922
0.03504738461538461
-0.03150092307692308
-0.06884307692307692
-0.05716061538461538
-0.03233538461538461
-0.015020307692307692
-0.003963692307692307
0.011682461538461537
0.03963692307692308
0.0717636923076923
0.10201292307692307
0.10535076923076922
0.06717415384615384
0.015228923076923076
-0.014603076923076923
-0.03066646153846154
-0.0025033846153846152
0.037967999999999995
0.06216738461538462
0.10555938461538462
0.13852061538461538
0.16710092307692306
0.16689230769230767
0.12308307692307692
0.06070707692307692
-0.015020307692307692
-0.047772923076923074
-0.037967999999999995
-0.013351384615384614
0.017732307692307693
0.04088861538461538
0.0853236923076923
0.1397723076923077
0.15103753846153847
0.10889723076923077
0.04318338461538461
-0.018983999999999997
-0.053614153846153846
-0.0448523076923077
-0.01981846153846154
0.004798153846153846
0.025659692307692307
0.04631261538461538
0.09137353846153846
0.12558646153846154
0.11494707692307692
0.06613107692307692
-0.0014603076923076922
-0.04547815384615384
-0.05403138461538461
-0.03692492307692308
-0.018358153846153843
-0.0033378461538461535
0.014185846153846153
0.03880246153846154
0.08115138461538463
0.09992676923076924
0.08386338461538462
0.03567323076923076
-0.02232184615384615
-0.05319692307692307
-0.058829538461538454
-0.045895384615384616
-0.035255999999999996
-0.015228923076923076
0.01668923076923077
0.06070707692307692
0.10159569230769232
0.086784
0.02899753846153846
-0.03755076923076923
-0.07885661538461539
-0.07030338461538461
-0.03963692307692308
-0.014603076923076923
-0.0043809230769230765
-0.0022947692307692304
0.01710646153846154
0.03984553846153846
0.03755076923076923
0.01856676923076923
-0.011682461538461537
-0.041514461538461535
-0.04318338461538461
-0.0043809230769230765
0.030875076923076922
0.03337846153846154
0.03108369230769231
0.042557538461538466
0.07030338461538461
0.07927384615384615
0.044435076923076924
-0.017940923076923077
-0.0798996923076923
-0.11494707692307692
-0.10472492307692308
-0.07843938461538462
-0.06195876923076923
-0.0448523076923077
-0.015020307692307692
0.027328615384615382
0.07384984615384615
0.08699261538461538
0.021904615384615383
-0.06487938461538462
-0.11432123076923076
-0.11306953846153844
-0.07885661538461539
-0.05048492307692308
-0.02315630769230769
-0.006258461538461538
0.010848
0.03567323076923076
0.02023569230769231
-0.0077187692307692304
-0.05069353846153846
-0.08949599999999999
-0.059664
-0.02545107692307692
-0.003755076923076923
0.002086153846153846
0.003963692307692307
0.028163076923076923
0.051528
0.07948246153846153
0.07197230769230768
0.005632615384615384
-0.07697907692307693
-0.13330523076923076
-0.13330523076923076
-0.10952307692307692
-0.08469784615384615
-0.06341907692307691
-0.04380923076923077
0.017940923076923077
0.078648
0.10994030769230768
0.09053907692307692
0.013351384615384614
-0.046104
-0.08887015384615385
-0.0892873846153846
-0.059872615384615385
-0.04735569230769231
-0.014185846153846153
0.02753723076923077
0.07489292307692308
0.11870215384615385
0.11870215384615385
0.07343261538461537
0.017732307692307693
-0.009596307692307692
-0.0014603076923076922
0.04214030769230769
0.06028984615384615
0.052153846153846155
0.06571384615384615
0.09679753846153846
0.13643446153846153
0.1368516923076923
0.09721476923076922
0.03379569230769231
-0.003755076923076923
0.01668923076923077
0.03984553846153846
0.06028984615384615
0.05674338461538461
0.050067692307692306
0.07843938461538462
0.10430769230769231
0.14311015384615386
0.14874276923076923
0.09304246153846155
0.04693846153846153
0.016063384615384615
0.014603076923076923
0.025033846153846153
0.04276615384615385
0.047772923076923074
0.044435076923076924
0.08636676923076922
0.11348676923076922
0.12996738461538462
0.10138707692307691
0.04172307692307692
0.018358153846153843
0.006884307692307692
0.04547815384615384
0.06446215384615385
0.05799507692307692
0.059664
0.052153846153846155
0.07551876923076924
0.07051199999999999
0.032544
-0.024199384615384616
-0.07489292307692308
-0.08177723076923075
-0.06404492307692307
-0.025659692307692307
-0.02795446153846154
-0.042348923076923076
-0.03880246153846154
-0.02524246153846154
0.011056615384615385
0.014185846153846153
-0.002086153846153846
-0.02524246153846154
-0.052571076923076915
-0.03859384615384615
-0.018983999999999997
-0.010639384615384617
-0.017940923076923077
-0.03838523076923077
-0.013768615384615384
0.012099692307692308
0.034630153846153845
0.03838523076923077
0.014603076923076923
0.008761846153846153
0.002712
0.03129230769230769
0.04109723076923077
0.029623384615384614
0.012308307692307691
-0.009179076923076922
0.017732307692307693
0.023364923076923075
0.008970461538461538
-0.020027076923076922
-0.04985907692307692
-0.038176615384615385
-0.016480615384615385
