-0.086784
-0.10597661538461538
-0.08365476923076923
-0.04819015384615385
-0.016063384615384615
0.015646153846153844
0.05945538461538461
0.09450276923076922
0.13121907692307694
0.13455692307692307
0.059664
-0.026076923076923077
-0.09074769230769231
-0.10138707692307691
-0.08699261538461538
-0.07927384615384615
-0.05382276923076923
-0.03212676923076923
0.016063384615384615
0.08115138461538463
0.10994030769230768
0.08428061538461538
0.02357353846153846
-0.031918153846153846
-0.059872615384615385
-0.0678
-0.05820369230769231
-0.03442153846153846
0.003963692307692307
0.061124307692307686
0.11140061538461538
0.1368516923076923
0.11160923076923077
0.04652123076923077
-0.02023569230769231
-0.07259815384615384
-0.08636676923076922
-0.08845292307692308
-0.0892873846153846
-0.06633969230769231
-0.029832
0.04380923076923077
0.11202646153846153
0.13184492307692308
0.11202646153846153
0.040054153846153843
-0.015854769230769228
-0.04318338461538461
-0.06341907692307691
-0.06821723076923077
-0.0717636923076923
-0.05236246153846154
-0.009596307692307692
0.05570030769230769
0.103056
0.09074769230769231
0.05528307692307692
0.025033846153846153
0.016897846153846156
0.02044430769230769
0.018358153846153843
0.018983999999999997
0.026494153846153844
0.05716061538461538
0.10472492307692308
0.1422756923076923
0.14018953846153845
0.08323753846153846
0.021904615384615383
-0.01814953846153846
-0.024199384615384616
0.008136
0.027328615384615382
0.03755076923076923
0.06321046153846153
0.10326461538461539
0.14123261538461537
0.1435273846153846
0.119328
0.06696553846153847
0.018358153846153843
0.0077187692307692304
0.0070929230769230765
0.006884307692307692
-0.01272553846153846
-0.023990769230769232
0.012934153846153845
0.06571384615384615
0.10138707692307691
0.10535076923076922
0.07885661538461539
0.04965046153846154
0.02545107692307692
0.017315076923076923
0.008761846153846153
-0.017523692307692306
-0.03108369230769231
-0.022947692307692308
0.014394461538461538
0.05444861538461539
0.07238953846153846
0.04088861538461538
-0.021487384615384613
-0.04547815384615384
-0.05298830769230769
-0.025033846153846153
0.0077187692307692304
0.021278769230769233
0.05403138461538461
0.07656184615384615
0.11035753846153845
0.1097316923076923
0.06821723076923077
0.01668923076923077
-0.04693846153846153
-0.040054153846153843
0.0008344615384615384
0.03880246153846154
0.05486584615384615
0.03233538461538461
0.037967999999999995
0.05590892307692308
0.09241661538461539
0.10159569230769232
0.06341907692307691
0.02586830769230769
-0.0033378461538461535
0.02086153846153846
0.05090215384615384
0.06592246153846154
0.06550523076923077
0.04860738461538461
0.05570030769230769
0.061750153846153844
0.05924676923076923
0.05090215384615384
0.017940923076923077
-0.009596307692307692
-0.0077187692307692304
-0.00855323076923077
-0.014603076923076923
-0.03045784615384615
-0.03671630769230769
-0.02044430769230769
0.012308307692307691
0.05111076923076923
0.04714707692307692
0.016897846153846156
-0.02357353846153846
-0.035464615384615386
-0.012099692307692308
0.007301538461538462
0.013351384615384614
-0.012934153846153845
-0.017732307692307693
0.004172307692307692
0.024408000000000003
0.04860738461538461
0.03400430769230769
-0.009804923076923077
-0.03838523076923077
-0.03024923076923077
0.006258461538461538
0.011265230769230769
-0.011891076923076923
-0.042974769230769226
-0.054657230769230764
-0.019192615384615384
0.017315076923076923
0.05048492307692308
0.059664
0.05945538461538461
0.06487938461538462
0.05319692307692307
0.028788923076923077
-0.023990769230769232
-0.08240307692307691
-0.12704676923076924
-0.11599015384615384
-0.059038153846153844
-0.009596307692307692
0.02586830769230769
0.03755076923076923
0.04714707692307692
0.07009476923076922
0.09283384615384616
0.07259815384615384
0.01397723076923077
-0.04422646153846154
-0.06654830769230768
-0.028163076923076923
0.026285538461538457
0.06487938461538462
0.07364123076923076
0.06154153846153846
0.04902461538461538
0.04568676923076923
0.034630153846153845
-0.015228923076923076
-0.08052553846153847
-0.13205353846153844
-0.13706030769230768
-0.10347323076923076
-0.06195876923076923
-0.01710646153846154
0.02858030769230769
0.06738276923076922
0.09262523076923077
0.10535076923076922
0.06216738461538462
-0.02899753846153846
-0.11098338461538461
-0.1696043076923077
-0.16793538461538463
-0.11494707692307692
-0.05277969230769231
0.010013538461538461
0.033169846153846154
0.026702769230769228
0.023990769230769232
0.010222153846153844
-0.03880246153846154
-0.09554584615384615
-0.119328
-0.11056615384615384
-0.06070707692307692
-0.01814953846153846
-0.0050067692307692304
-0.010848
-0.03442153846153846
-0.04693846153846153
-0.07155507692307693
-0.11599015384615384
-0.1652233846153846
-0.20924123076923076
-0.20652923076923077
-0.16334584615384617
-0.09804923076923076
-0.029832
0.03942830769230769
0.10931446153846153
0.12955015384615384
0.11202646153846153
0.04944184615384615
