-0.01668923076923077
-0.002086153846153846
0.03358707692307692
0.06070707692307692
0.02086153846153846
-0.044435076923076924
-0.11953661538461538
-0.16209415384615386
-0.16251138461538459
-0.12955015384615384
-0.06905169230769231
-0.033169846153846154
0.0012516923076923076
0.03880246153846154
0.06049846153846154
0.05924676923076923
0.0077187692307692304
-0.04693846153846153
-0.0826116923076923
-0.09053907692307692
-0.05319692307692307
-0.025659692307692307
-0.003963692307692307
0.017940923076923077
0.059038153846153844
0.10013538461538461
0.09033046153846153
0.06279323076923077
-0.0025033846153846152
-0.051319384615384614
-0.06258461538461538
-0.037342153846153844
0.018358153846153843
0.018358153846153843
0.02858030769230769
0.05236246153846154
0.08323753846153846
0.11703323076923078
0.09846646153846153
0.05403138461538461
-0.01710646153846154
-0.051528
-0.03880246153846154
-0.022947692307692308
0.0016689230769230767
0.0035464615384615383
-0.0012516923076923076
0.015437538461538461
0.05486584615384615
0.08699261538461538
0.06696553846153847
0.02357353846153846
-0.01272553846153846
-0.019609846153846155
0.001043076923076923
0.015020307692307692
0.03859384615384615
0.05590892307692308
0.06842584615384616
0.08991323076923076
0.08761846153846153
0.06049846153846154
-0.011682461538461537
-0.08490646153846154
-0.10493353846153847
-0.08699261538461538
-0.04985907692307692
-0.03504738461538461
-0.029414769230769227
-0.016063384615384615
0.002712
0.028163076923076923
0.027328615384615382
0.0014603076923076922
-0.04860738461538461
-0.07614461538461538
-0.04944184615384615
-0.014185846153846153
0.009387692307692307
0.010639384615384617
0.0070929230769230765
-0.003963692307692307
0.0025033846153846152
0.027745846153846152
0.0014603076923076922
-0.047772923076923074
-0.08344615384615384
-0.073224
-0.015854769230769228
0.03108369230769231
0.06592246153846154
0.08177723076923075
0.08344615384615384
0.09575446153846154
0.11599015384615384
0.10743692307692307
0.050067692307692306
-0.019609846153846155
-0.05590892307692308
-0.040679999999999994
-0.0025033846153846152
0.022530461538461537
0.01981846153846154
0.010848
0.013768615384615384
0.050067692307692306
0.08636676923076922
0.07468430769230769
0.04318338461538461
0.01272553846153846
0.016063384615384615
0.052153846153846155
0.07092923076923077
0.06195876923076923
0.03942830769230769
0.015020307692307692
0.023782153846153845
0.03963692307692308
0.03921969230769231
0.026285538461538457
-0.012516923076923077
-0.021070153846153846
-0.0008344615384615384
0.03275261538461539
0.05799507692307692
0.058829538461538454
0.06195876923076923
0.05194523076923077
0.08198584615384615
0.11849353846153846
0.08094276923076923
0.021696
-0.04214030769230769
-0.07092923076923077
-0.06550523076923077
-0.07092923076923077
-0.05799507692307692
-0.045895384615384616
-0.005424
0.05090215384615384
0.09387692307692307
0.111192
0.05924676923076923
0.01710646153846154
-0.011265230769230769
-0.013560000000000001
0.0006258461538461538
-0.026494153846153844
-0.04568676923076923
-0.05736923076923077
-0.021278769230769233
0.03233538461538461
0.03713353846153846
0.031709538461538456
-0.016480615384615385
-0.05820369230769231
-0.05194523076923077
-0.03379569230769231
0.0050067692307692304
0.011891076923076923
0.006675692307692307
0.024199384615384616
0.04380923076923077
0.06049846153846154
0.03984553846153846
-0.0043809230769230765
-0.05236246153846154
-0.07927384615384615
-0.07259815384615384
-0.053405538461538456
-0.016272
-0.007301538461538462
0.005215384615384615
0.058412307692307694
0.09512861538461538
0.100344
0.04568676923076923
-0.010639384615384617
-0.02899753846153846
-0.04214030769230769
-0.022530461538461537
-0.011056615384615385
-0.004589538461538461
0.012099692307692308
0.04214030769230769
0.10681107692307691
0.14185846153846154
0.12496061538461539
0.07802215384615384
0.038176615384615385
0.02086153846153846
0.01814953846153846
0.03296123076923077
0.032544
0.025659692307692307
0.02795446153846154
0.05653476923076922
0.10535076923076922
0.10576799999999999
0.07113784615384615
0.018775384615384614
-0.014394461538461538
0.0018775384615384615
0.026911384615384615
0.04547815384615384
0.03400430769230769
0.03650769230769231
0.05111076923076923
0.061750153846153844
0.06696553846153847
0.034630153846153845
-0.0035464615384615383
-0.029623384615384614
-0.01981846153846154
0.009179076923076922
0.03233538461538461
0.045895384615384616
0.038176615384615385
0.04568676923076923
0.06738276923076922
0.08219446153846154
0.08052553846153847
0.03504738461538461
0.0002086153846153846
0.0
0.021070153846153846
0.05590892307692308
0.052153846153846155
0.03358707692307692
0.026702769230769228
0.029832
0.03379569230769231
0.027120000000000002
-0.003129230769230769
-0.045895384615384616
-0.06258461538461538
-0.043600615384615383
0.008761846153846153
0.0446436923076923
0.026702769230769228
0.004589538461538461
0.0043809230769230765
0.016897846153846156
0.040054153846153843
