-0.11160923076923077
-0.04965046153846154
0.013768615384615384
0.05048492307692308
0.06800861538461538
0.08240307692307691
0.084072
0.061124307692307686
-0.0006258461538461538
-0.0828203076923077
-0.13872923076923074
-0.15166338461538462
-0.111192
-0.05862092307692307
-0.008136
0.054657230769230764
0.10806276923076923
0.14582215384615385
0.14311015384615386
0.09909230769230769
0.03233538461538461
-0.046104
-0.10138707692307691
-0.11557292307692307
-0.10555938461538462
-0.0974233846153846
-0.07551876923076924
-0.022947692307692308
0.03296123076923077
0.06884307692307692
0.06529661538461538
0.020652923076923076
-0.023990769230769232
-0.04944184615384615
-0.041514461538461535
-0.02586830769230769
-0.02023569230769231
0.004172307692307692
0.03233538461538461
0.07510153846153846
0.11578153846153846
0.11974523076923077
0.086784
0.02273907692307692
-0.02524246153846154
-0.027745846153846152
-0.010013538461538461
0.0043809230769230765
0.014185846153846153
0.027328615384615382
0.05590892307692308
0.09867507692307692
0.14081538461538462
0.14707384615384617
0.10159569230769232
0.03713353846153846
-0.014185846153846153
-0.03901107692307692
-0.04902461538461538
-0.06467076923076923
-0.07697907692307693
-0.07364123076923076
-0.04318338461538461
0.0014603076923076922
0.012099692307692308
-0.009596307692307692
-0.05945538461538461
-0.09763200000000001
-0.0798996923076923
-0.058829538461538454
-0.0446436923076923
-0.046104
-0.05173661538461538
-0.02023569230769231
0.01856676923076923
0.05382276923076923
0.05611753846153846
0.003963692307692307
-0.03942830769230769
-0.05736923076923077
-0.06049846153846154
-0.06133292307692308
-0.07489292307692308
-0.06800861538461538
-0.032544
0.030875076923076922
0.10243015384615384
0.13622584615384614
0.12433476923076923
0.06946892307692307
0.008970461538461538
-0.02044430769230769
-0.03504738461538461
-0.05277969230769231
-0.065088
-0.05444861538461539
-0.018358153846153843
0.025033846153846153
0.05444861538461539
0.047772923076923074
0.009804923076923077
-0.021696
-0.03671630769230769
-0.029414769230769227
-0.02273907692307692
-0.013560000000000001
0.029414769230769227
0.07343261538461537
0.1353913846153846
0.1990190769230769
0.20819815384615384
0.1652233846153846
0.09137353846153846
0.05590892307692308
0.054657230769230764
0.04819015384615385
0.05403138461538461
0.04735569230769231
0.05799507692307692
0.0961716923076923
0.13351384615384615
0.16105107692307694
0.13330523076923076
0.09387692307692307
0.05820369230769231
0.03588184615384615
0.028371692307692306
0.0014603076923076922
-0.017315076923076923
-0.03921969230769231
-0.016897846153846156
0.03609046153846154
0.0744756923076923
0.09950953846153845
0.06195876923076923
0.024199384615384616
-0.0006258461538461538
-0.015020307692307692
-0.006049846153846154
-0.02586830769230769
-0.02858030769230769
-0.0014603076923076922
0.048816000000000005
0.10848000000000001
0.116616
0.08365476923076923
0.02858030769230769
-0.009179076923076922
-0.010848
0.003129230769230769
0.027120000000000002
0.029414769230769227
0.03775938461538462
0.06070707692307692
0.08219446153846154
0.09554584615384615
0.058412307692307694
0.009804923076923077
-0.03859384615384615
-0.07510153846153846
-0.06946892307692307
-0.06049846153846154
-0.05486584615384615
-0.07092923076923077
-0.05757784615384615
0.0002086153846153846
0.037967999999999995
0.059872615384615385
0.028788923076923077
-0.02044430769230769
-0.03942830769230769
-0.04693846153846153
-0.04130584615384615
-0.06821723076923077
-0.08386338461538462
-0.051319384615384614
0.010639384615384617
0.08699261538461538
0.11745046153846153
0.11953661538461538
0.08240307692307691
0.030875076923076922
0.017732307692307693
0.021278769230769233
0.05611753846153846
0.07468430769230769
0.07677046153846154
0.10055261538461538
0.12767261538461538
0.15562707692307692
0.13893784615384613
0.0855323076923077
0.02586830769230769
-0.010848
-0.00855323076923077
-0.0012516923076923076
0.008970461538461538
-0.013768615384615384
-0.029414769230769227
0.0070929230769230765
0.05298830769230769
0.08386338461538462
0.06341907692307691
0.018775384615384614
-0.013142769230769229
-0.027328615384615382
-0.007510153846153846
0.00855323076923077
0.010013538461538461
0.013768615384615384
0.02482523076923077
0.06133292307692308
0.08302892307692307
0.07051199999999999
0.032544
-0.013351384615384614
-0.028163076923076923
-0.010639384615384617
0.01981846153846154
0.02545107692307692
0.03129230769230769
0.04109723076923077
0.059038153846153844
0.09763200000000001
0.086784
0.048816000000000005
0.0029206153846153843
-0.03921969230769231
-0.04109723076923077
-0.03692492307692308
-0.029414769230769227
-0.037967999999999995
-0.05298830769230769
-0.045895384615384616
-0.01814953846153846
0.015020307692307692
0.016272
0.006049846153846154
-0.010222153846153844
-0.008344615384615384
0.013560000000000001
0.006467076923076923
-0.0016689230769230767
-0.02086153846153846
