0.011473846153846154
0.040054153846153843
0.054240000000000003
0.03629907692307692
0.002712
0.011265230769230769
0.03045784615384615
0.03421292307692308
0.018983999999999997
-0.020652923076923076
-0.04944184615384615
-0.06759138461538462
-0.06592246153846154
-0.03880246153846154
-0.03275261538461539
-0.03755076923076923
-0.026076923076923077
-0.001043076923076923
0.04193169230769231
0.05507446153846154
0.025033846153846153
-0.0029206153846153843
-0.017315076923076923
-0.015854769230769228
-0.004172307692307692
-0.0006258461538461538
-0.018775384615384614
-0.02315630769230769
-0.002712
0.042557538461538466
0.07635323076923077
0.06425353846153846
0.06195876923076923
0.065088
0.07384984615384615
0.06487938461538462
0.033169846153846154
0.015646153846153844
-0.02044430769230769
-0.042348923076923076
-0.02315630769230769
0.014185846153846153
0.03755076923076923
0.03045784615384615
0.024408000000000003
0.03045784615384615
0.040054153846153843
0.03755076923076923
0.004798153846153846
-0.06216738461538462
-0.11494707692307692
-0.11911938461538461
-0.09700615384615385
-0.07113784615384615
-0.05048492307692308
-0.04088861538461538
-0.02482523076923077
0.006258461538461538
0.028788923076923077
0.02273907692307692
-0.026285538461538457
-0.07113784615384615
-0.08115138461538463
-0.07030338461538461
-0.043392
-0.016272
0.0022947692307692304
0.009804923076923077
0.014185846153846153
0.03859384615384615
0.03838523076923077
-0.016063384615384615
-0.0798996923076923
-0.111192
-0.07781353846153846
-0.02044430769230769
0.02586830769230769
0.05924676923076923
0.073224
0.09450276923076922
0.12266584615384615
0.1287156923076923
0.09992676923076924
0.033169846153846154
-0.04130584615384615
-0.07343261538461537
-0.059872615384615385
-0.017523692307692306
0.042557538461538466
0.09429415384615383
0.13789476923076924
0.16730953846153845
0.17377661538461536
0.16292861538461537
0.10430769230769231
0.026076923076923077
-0.022530461538461537
-0.017523692307692306
0.02858030769230769
0.07092923076923077
0.09909230769230769
0.10347323076923076
0.10764553846153846
0.1045163076923077
0.09283384615384616
0.059664
-0.01814953846153846
-0.08720123076923077
-0.11432123076923076
-0.08866153846153846
-0.029414769230769227
0.022947692307692308
0.05319692307692307
0.07635323076923077
0.09325107692307691
0.09763200000000001
0.059038153846153844
-0.01856676923076923
-0.08574092307692306
-0.12579507692307693
-0.1097316923076923
-0.05736923076923077
0.001043076923076923
0.055491692307692304
0.08699261538461538
0.10472492307692308
0.10681107692307691
0.07259815384615384
0.007301538461538462
-0.06654830769230768
-0.12162276923076921
-0.12579507692307693
-0.07551876923076924
0.001043076923076923
0.06842584615384616
0.11035753846153845
0.12683815384615382
0.12621230769230768
0.09846646153846153
0.03045784615384615
-0.058412307692307694
-0.13622584615384614
-0.16251138461538459
-0.13121907692307694
-0.0826116923076923
-0.01668923076923077
0.031918153846153846
0.05778646153846154
0.07843938461538462
0.058412307692307694
0.009596307692307692
-0.07760492307692309
-0.15604430769230768
-0.18775384615384613
-0.1785747692307692
-0.10722830769230769
-0.03233538461538461
0.030040615384615384
0.08386338461538462
0.0974233846153846
0.10994030769230768
0.09179076923076923
0.023990769230769232
-0.04860738461538461
-0.10597661538461538
-0.09095630769230768
-0.030875076923076922
0.04172307692307692
0.09596307692307693
0.10910584615384614
0.11473846153846154
0.11891076923076922
0.12350030769230769
0.08344615384615384
0.012308307692307691
-0.04526953846153846
-0.07197230769230768
-0.046104
0.013351384615384614
0.07969107692307692
0.13226215384615383
0.16167692307692308
0.19046584615384615
0.2021483076923077
0.15604430769230768
0.058412307692307694
-0.046104
-0.10952307692307692
-0.111192
-0.06446215384615385
-0.007510153846153846
0.045895384615384616
0.08699261538461538
0.14185846153846154
0.1940123076923077
0.1883796923076923
0.1435273846153846
0.045060923076923075
-0.053405538461538456
-0.08615815384615384
-0.08490646153846154
-0.04047138461538462
0.0014603076923076922
0.022530461538461537
0.05444861538461539
0.07468430769230769
0.09867507692307692
0.08156861538461539
0.016063384615384615
-0.058829538461538454
-0.12433476923076923
-0.11348676923076922
-0.07197230769230768
-0.025659692307692307
0.029623384615384614
0.06863446153846153
0.11828492307692307
0.14311015384615386
0.14102399999999998
0.09408553846153846
-0.007510153846153846
-0.09304246153846155
-0.1356
-0.1070196923076923
-0.04944184615384615
-0.0022947692307692304
0.041514461538461535
0.07656184615384615
0.14185846153846154
0.18650215384615382
0.1792006153846154
0.12850707692307692
0.038176615384615385
-0.007510153846153846
-0.012099692307692308
0.005632615384615384
0.028163076923076923
0.03629907692307692
0.055491692307692304
0.06592246153846154
0.08699261538461538
0.09596307692307693
0.05736923076923077
-0.003755076923076923
