-0.03921969230769231
0.037967999999999995
0.10576799999999999
0.14749107692307692
0.1842073846153846
0.20381723076923075
0.2059033846153846
0.16605784615384614
0.06800861538461538
-0.050067692307692306
-0.12642092307692307
-0.14039815384615384
-0.12808984615384614
-0.09679753846153846
-0.06133292307692308
-0.019609846153846155
0.032544
0.0609156923076923
0.05507446153846154
-0.011682461538461537
-0.10201292307692307
-0.15124615384615384
-0.1614683076923077
-0.11181784615384616
-0.023990769230769232
0.056326153846153845
0.10389046153846154
0.1316363076923077
0.16480615384615382
0.15896492307692306
0.09763200000000001
-0.0002086153846153846
-0.08469784615384615
-0.1045163076923077
-0.05778646153846154
0.03692492307692308
0.13330523076923076
0.19004861538461537
0.19735015384615384
0.20193969230769232
0.20944984615384615
0.18212123076923076
0.11202646153846153
0.012308307692307691
-0.05090215384615384
-0.065088
-0.05173661538461538
-0.013768615384615384
0.010013538461538461
0.021696
0.03901107692307692
0.04860738461538461
0.0448523076923077
0.004798153846153846
-0.06863446153846153
-0.12996738461538462
-0.14164984615384615
-0.0988836923076923
-0.040054153846153843
0.017940923076923077
0.04547815384615384
0.05048492307692308
0.06133292307692308
0.05048492307692308
0.014603076923076923
-0.06425353846153846
-0.16209415384615386
-0.22342707692307692
-0.2221753846153846
-0.15082892307692305
-0.05069353846153846
0.030875076923076922
0.084072
0.11619876923076923
0.13351384615384615
0.124752
0.05799507692307692
-0.03713353846153846
-0.11536430769230768
-0.14686523076923075
-0.11452984615384615
-0.05799507692307692
-0.009804923076923077
0.009596307692307692
0.022530461538461537
0.05048492307692308
0.05799507692307692
0.03442153846153846
-0.017732307692307693
-0.086784
-0.1314276923076923
-0.13455692307692307
-0.09721476923076922
-0.04568676923076923
-0.003129230769230769
0.05027630769230769
0.10660246153846153
0.14665661538461539
0.14582215384615385
0.09700615384615385
0.016480615384615385
-0.06404492307692307
-0.09116492307692307
-0.07510153846153846
-0.03296123076923077
0.007301538461538462
0.021904615384615383
0.043600615384615383
0.06800861538461538
0.08219446153846154
0.059872615384615385
0.00855323076923077
-0.03880246153846154
-0.06842584615384616
-0.05507446153846154
-0.02044430769230769
0.018983999999999997
0.05778646153846154
0.0897046153846154
0.12099692307692309
0.14686523076923075
0.157296
0.12516923076923075
0.045895384615384616
-0.028163076923076923
-0.05570030769230769
-0.035464615384615386
0.006467076923076923
0.05382276923076923
0.09825784615384614
0.12516923076923075
0.14853415384615384
0.15333230769230768
0.12329169230769231
0.05674338461538461
-0.019192615384615384
-0.04422646153846154
-0.02524246153846154
0.01043076923076923
0.03984553846153846
0.05236246153846154
0.06821723076923077
0.09512861538461538
0.11014892307692307
0.09658892307692307
0.042348923076923076
-0.029414769230769227
-0.07843938461538462
-0.09387692307692307
-0.073224
-0.035464615384615386
0.006467076923076923
0.043600615384615383
0.07948246153846153
0.10368184615384615
0.09825784615384614
0.050067692307692306
-0.024199384615384616
-0.09554584615384615
-0.13601723076923075
-0.12287446153846153
-0.09804923076923076
-0.06467076923076923
-0.01981846153846154
0.027328615384615382
0.086784
0.11891076923076922
0.10138707692307691
0.04547815384615384
-0.026285538461538457
-0.08386338461538462
-0.10159569230769232
-0.09158215384615384
-0.08323753846153846
-0.05403138461538461
-0.014603076923076923
0.026285538461538457
0.054657230769230764
0.042557538461538466
0.003963692307692307
-0.06717415384615384
-0.11619876923076923
-0.12037107692307693
-0.09554584615384615
-0.054240000000000003
-0.026285538461538457
0.01940123076923077
0.05757784615384615
0.092208
0.11849353846153846
0.0855323076923077
0.010639384615384617
-0.07197230769230768
-0.11953661538461538
-0.12496061538461539
-0.10368184615384615
-0.08052553846153847
-0.04714707692307692
0.006258461538461538
0.07280676923076923
0.13768615384615385
0.14999446153846155
0.12621230769230768
0.07238953846153846
0.018775384615384614
-0.001043076923076923
-0.014603076923076923
-0.016897846153846156
-0.021070153846153846
-0.0029206153846153843
0.043392
0.08094276923076923
0.10180430769230768
0.08386338461538462
0.033169846153846154
-0.015228923076923076
-0.03671630769230769
-0.024616615384615383
-0.010013538461538461
-0.0004172307692307692
0.015854769230769228
0.045895384615384616
0.10159569230769232
0.14519630769230768
0.1504116923076923
0.09784061538461537
0.021696
-0.028163076923076923
-0.04860738461538461
-0.03880246153846154
-0.033169846153846154
-0.03108369230769231
-0.017732307692307693
0.02482523076923077
0.09512861538461538
0.12996738461538462
0.10555938461538462
0.053405538461538456
0.004589538461538461
-0.011891076923076923
-0.010222153846153844
-0.008970461538461538
0.003129230769230769
0.014394461538461538
