-0.02795446153846154
0.015646153846153844
0.012099692307692308
0.013768615384615384
0.033169846153846154
0.04547815384615384
0.05194523076923077
-0.010639384615384617
-0.054657230769230764
-0.06967753846153846
-0.05674338461538461
0.007927384615384614
0.009804923076923077
-0.024199384615384616
-0.06821723076923077
-0.08386338461538462
-0.050067692307692306
-0.037967999999999995
-0.026494153846153844
-0.042974769230769226
-0.04860738461538461
-0.024408000000000003
0.00855323076923077
0.06049846153846154
0.03880246153846154
0.007301538461538462
-0.003129230769230769
-0.011265230769230769
0.010222153846153844
-0.00855323076923077
-0.022947692307692308
-0.04193169230769231
-0.040262769230769234
0.03108369230769231
0.07384984615384615
0.09679753846153846
0.07259815384615384
0.04130584615384615
0.04088861538461538
0.03045784615384615
0.05862092307692307
0.06404492307692307
0.05173661538461538
0.04965046153846154
0.06967753846153846
0.11599015384615384
0.10117846153846152
0.07489292307692308
0.03442153846153846
-0.016897846153846156
-0.02273907692307692
-0.024616615384615383
-0.0014603076923076922
-0.0035464615384615383
-0.00855323076923077
0.023364923076923075
0.03901107692307692
0.06425353846153846
0.030040615384615384
-0.01814953846153846
-0.05236246153846154
-0.07739630769230768
-0.04860738461538461
-0.044435076923076924
-0.01940123076923077
-0.005215384615384615
-0.007510153846153846
0.020652923076923076
0.016480615384615385
0.004798153846153846
-0.03838523076923077
-0.09179076923076923
-0.09909230769230769
-0.08031692307692308
-0.029206153846153847
0.02086153846153846
0.04547815384615384
0.04130584615384615
0.03442153846153846
0.05778646153846154
0.053614153846153846
0.0016689230769230767
-0.07781353846153846
-0.13998092307692306
-0.15124615384615384
-0.14916
-0.10201292307692307
-0.03421292307692308
0.013560000000000001
0.06362769230769232
0.08824430769230769
0.09283384615384616
0.05736923076923077
-0.013560000000000001
-0.07072061538461538
-0.09387692307692307
-0.05778646153846154
-0.005841230769230769
0.035464615384615386
0.06279323076923077
0.08031692307692308
0.10597661538461538
0.103056
0.0853236923076923
0.047772923076923074
0.004589538461538461
-0.024408000000000003
-0.024199384615384616
0.03233538461538461
0.08824430769230769
0.14477907692307693
0.16501476923076921
0.165432
0.184416
0.1570873846153846
0.11181784615384616
0.048816000000000005
-0.013768615384615384
-0.028163076923076923
-0.01940123076923077
0.02273907692307692
0.07364123076923076
0.11181784615384616
0.14519630769230768
0.16292861538461537
0.1800350769230769
0.15875630769230767
0.09512861538461538
0.017523692307692306
-0.04860738461538461
-0.06529661538461538
-0.06049846153846154
-0.02044430769230769
0.02586830769230769
0.05507446153846154
0.09596307692307693
0.11223507692307692
0.11411261538461538
0.07405846153846153
0.003129230769230769
-0.053405538461538456
-0.07197230769230768
-0.04735569230769231
-0.024616615384615383
0.014394461538461538
0.03942830769230769
0.05090215384615384
0.05277969230769231
0.029414769230769227
-0.010013538461538461
-0.0771876923076923
-0.12704676923076924
-0.14290153846153844
-0.12391753846153845
-0.08448923076923077
-0.04672984615384615
-0.01043076923076923
0.009179076923076922
0.025033846153846153
0.02357353846153846
-0.013142769230769229
-0.06279323076923077
-0.11995384615384615
-0.16000799999999998
-0.16063384615384615
-0.13601723076923075
-0.07593599999999999
-0.02315630769230769
0.016480615384615385
0.06675692307692307
0.0855323076923077
0.07948246153846153
0.03859384615384615
-0.022947692307692308
-0.08448923076923077
-0.11348676923076922
-0.0853236923076923
-0.04756430769230769
0.014185846153846153
0.06905169230769231
0.1028473846153846
0.14582215384615385
0.1476996923076923
0.11181784615384616
0.0446436923076923
-0.046104
-0.0961716923076923
-0.10430769230769231
-0.07134646153846153
-0.011265230769230769
0.03859384615384615
0.07301538461538462
0.09658892307692307
0.12433476923076923
0.1316363076923077
0.1028473846153846
0.031918153846153846
-0.03233538461538461
-0.047772923076923074
-0.03775938461538462
0.011473846153846154
0.06362769230769232
0.10159569230769232
0.13247076923076923
0.14457046153846154
0.14978584615384616
0.12099692307692309
0.06404492307692307
0.024616615384615383
0.011473846153846154
0.030875076923076922
0.06425353846153846
0.08720123076923077
0.10222153846153846
0.11578153846153846
0.12642092307692307
0.11348676923076922
0.09283384615384616
0.056951999999999996
0.006258461538461538
-0.035255999999999996
-0.059664
-0.03921969230769231
-0.022530461538461537
-0.015646153846153844
0.021904615384615383
0.06300184615384616
0.10138707692307691
0.10347323076923076
0.06321046153846153
0.012516923076923077
-0.04547815384615384
-0.06633969230769231
-0.05653476923076922
-0.042557538461538466
-0.012308307692307691
0.008344615384615384
0.03400430769230769
0.07218092307692307
0.09992676923076924
0.09429415384615383
0.051319384615384614
0.013560000000000001
-0.009596307692307692
