0.0008344615384615384
-0.06008123076923077
-0.08365476923076923
-0.06967753846153846
-0.04965046153846154
-0.031709538461538456
-0.03129230769230769
-0.013142769230769229
0.022530461538461537
0.06926030769230769
0.09909230769230769
0.06446215384615385
0.027120000000000002
-0.012308307692307691
-0.027745846153846152
-0.011265230769230769
-0.008344615384615384
-0.0012516923076923076
0.003755076923076923
0.03567323076923076
0.08448923076923077
0.11807630769230769
0.10117846153846152
0.03692492307692308
-0.02273907692307692
-0.07593599999999999
-0.07802215384615384
-0.06133292307692308
-0.04819015384615385
-0.025033846153846153
-0.0070929230769230765
0.05611753846153846
0.10722830769230769
0.10138707692307691
0.047772923076923074
-0.037342153846153844
-0.09533723076923077
-0.12537784615384615
-0.13789476923076924
-0.13080184615384613
-0.11411261538461538
-0.08490646153846154
-0.026285538461538457
0.04088861538461538
0.08135999999999999
0.07885661538461539
0.04401784615384615
-0.003963692307692307
-0.015646153846153844
0.003755076923076923
0.03275261538461539
0.04714707692307692
0.037967999999999995
0.06738276923076922
0.09721476923076922
0.12433476923076923
0.11849353846153846
0.07384984615384615
0.029414769230769227
-0.021904615384615383
-0.01981846153846154
0.006258461538461538
0.022530461538461537
0.023364923076923075
0.029623384615384614
0.07134646153846153
0.1070196923076923
0.1178676923076923
0.07802215384615384
0.015437538461538461
-0.035464615384615386
-0.06362769230769232
-0.05319692307692307
-0.05069353846153846
-0.05820369230769231
-0.06258461538461538
-0.03963692307692308
0.02023569230769231
0.04985907692307692
0.04047138461538462
-0.003755076923076923
-0.059872615384615385
-0.08156861538461539
-0.0826116923076923
-0.06613107692307692
-0.05236246153846154
-0.047981538461538464
-0.026911384615384615
0.0043809230769230765
0.04839876923076923
0.059038153846153844
0.007510153846153846
-0.06195876923076923
-0.100344
-0.09241661538461539
-0.06446215384615385
-0.03421292307692308
-0.033169846153846154
-0.025033846153846153
0.0018775384615384615
0.021070153846153846
0.04130584615384615
0.011473846153846154
-0.042974769230769226
-0.06133292307692308
-0.04318338461538461
0.012934153846153845
0.05319692307692307
0.05444861538461539
0.05173661538461538
0.05611753846153846
0.06863446153846153
0.06800861538461538
0.06008123076923077
0.03045784615384615
-0.022947692307692308
-0.05319692307692307
-0.054657230769230764
-0.008344615384615384
0.03984553846153846
0.056951999999999996
0.06738276923076922
0.08574092307692306
0.13080184615384613
0.14123261538461537
0.10618523076923077
0.04214030769230769
-0.015646153846153844
-0.013560000000000001
0.011682461538461537
0.03337846153846154
0.025033846153846153
0.006467076923076923
0.016272
0.04047138461538462
0.05945538461538461
0.043600615384615383
0.004172307692307692
-0.03129230769230769
-0.03692492307692308
-0.010222153846153844
0.018775384615384614
0.03337846153846154
0.029832
0.02586830769230769
0.02858030769230769
0.04547815384615384
0.04693846153846153
0.02044430769230769
-0.0070929230769230765
-0.026702769230769228
-0.009596307692307692
0.02211323076923077
0.031709538461538456
0.02086153846153846
-0.005424
-0.011891076923076923
0.012308307692307691
0.026702769230769228
0.02023569230769231
-0.0077187692307692304
-0.029414769230769227
-0.023364923076923075
-0.0035464615384615383
0.016480615384615385
0.003129230769230769
-0.024199384615384616
-0.034630153846153845
-0.03379569230769231
-0.02023569230769231
-0.009179076923076922
-0.016063384615384615
-0.031918153846153846
-0.03400430769230769
-0.0070929230769230765
0.022947692307692308
0.021696
-0.0022947692307692304
-0.02524246153846154
-0.024408000000000003
0.008136
0.0448523076923077
0.06133292307692308
0.06467076923076923
0.06696553846153847
0.06759138461538462
0.07656184615384615
0.06738276923076922
0.017523692307692306
-0.041514461538461535
-0.07197230769230768
-0.06154153846153846
-0.021904615384615383
0.02586830769230769
0.04756430769230769
0.0448523076923077
0.05319692307692307
0.08574092307692306
0.09512861538461538
0.07280676923076923
0.035464615384615386
-0.015854769230769228
-0.03921969230769231
-0.034630153846153845
-0.0035464615384615383
0.02023569230769231
0.01981846153846154
0.05027630769230769
0.08448923076923077
0.09909230769230769
0.100344
0.07134646153846153
0.021696
-0.019609846153846155
-0.02357353846153846
0.011891076923076923
0.04965046153846154
0.06300184615384616
0.065088
0.06633969230769231
0.07343261538461537
0.06487938461538462
0.021696
-0.042974769230769226
-0.10660246153846153
-0.13706030769230768
-0.1287156923076923
-0.0880356923076923
-0.038176615384615385
-0.0070929230769230765
0.014394461538461538
0.02795446153846154
0.02545107692307692
-0.014185846153846153
-0.08344615384615384
-0.1353913846153846
-0.1639716923076923
-0.1612596923076923
-0.12579507692307693
-0.06654830769230768
-0.01043076923076923
0.01710646153846154
0.05528307692307692
0.09596307692307693
