0.10764553846153846
0.06133292307692308
0.01668923076923077
-0.014394461538461538
-0.010639384615384617
0.0077187692307692304
0.05653476923076922
0.09408553846153846
0.10722830769230769
0.11202646153846153
0.0988836923076923
0.07009476923076922
0.013351384615384614
-0.04819015384615385
-0.09658892307692307
-0.10514215384615383
-0.07739630769230768
-0.0446436923076923
0.009179076923076922
0.07489292307692308
0.13518276923076925
0.1779489230769231
0.17565415384615385
0.13747753846153846
0.07218092307692307
-0.004798153846153846
-0.05277969230769231
-0.06028984615384615
-0.03775938461538462
0.001043076923076923
0.052153846153846155
0.09450276923076922
0.13080184615384613
0.1570873846153846
0.12412615384615384
0.059664
-0.010848
-0.065088
-0.07572738461538461
-0.053614153846153846
0.011891076923076923
0.07009476923076922
0.10618523076923077
0.1314276923076923
0.12683815384615382
0.09471138461538461
0.005215384615384615
-0.09137353846153846
-0.16480615384615382
-0.20819815384615384
-0.184416
-0.13664307692307692
-0.07677046153846154
-0.021696
0.021070153846153846
0.06946892307692307
0.08073415384615384
0.05528307692307692
-0.01668923076923077
-0.10493353846153847
-0.1504116923076923
-0.15875630769230767
-0.11995384615384615
-0.073224
-0.02899753846153846
0.011891076923076923
0.03504738461538461
0.05736923076923077
0.04276615384615385
-0.016480615384615385
-0.08824430769230769
-0.13852061538461538
-0.1424843076923077
-0.11327815384615383
-0.07113784615384615
-0.02273907692307692
0.023364923076923075
0.0717636923076923
0.09909230769230769
0.08010830769230769
0.021487384615384613
-0.06926030769230769
-0.14749107692307692
-0.18775384615384613
-0.17231630769230769
-0.11745046153846153
-0.05590892307692308
0.007301538461538462
0.06592246153846154
0.1218313846153846
0.15103753846153847
0.1368516923076923
0.08386338461538462
0.0016689230769230767
-0.06279323076923077
-0.06550523076923077
-0.029206153846153847
0.013768615384615384
0.05236246153846154
0.07510153846153846
0.0988836923076923
0.11432123076923076
0.09763200000000001
0.06300184615384616
0.008761846153846153
-0.04380923076923077
-0.04902461538461538
-0.02858030769230769
0.0033378461538461535
0.047981538461538464
0.08240307692307691
0.11473846153846154
0.13601723076923075
0.1395636923076923
0.10764553846153846
0.03942830769230769
-0.021070153846153846
-0.052153846153846155
-0.05319692307692307
-0.04172307692307692
-0.02044430769230769
0.0022947692307692304
0.021696
0.05382276923076923
0.09992676923076924
0.13101046153846155
0.11536430769230768
0.06383630769230769
0.02899753846153846
0.010848
0.011473846153846154
0.026702769230769228
0.03504738461538461
0.051528
0.06425353846153846
0.08824430769230769
0.09512861538461538
0.06633969230769231
0.02211323076923077
-0.022530461538461537
-0.017315076923076923
0.018775384615384614
0.04985907692307692
0.05048492307692308
0.02023569230769231
0.011056615384615385
0.027328615384615382
0.045060923076923075
0.054240000000000003
0.03212676923076923
-0.011891076923076923
-0.05528307692307692
-0.06946892307692307
-0.06028984615384615
-0.052153846153846155
-0.04902461538461538
-0.04172307692307692
0.0008344615384615384
0.05298830769230769
0.08615815384615384
0.078648
0.029206153846153847
-0.023364923076923075
-0.05778646153846154
-0.04860738461538461
-0.02357353846153846
-0.012934153846153845
-0.010013538461538461
-0.0018775384615384615
0.03045784615384615
0.058829538461538454
0.053614153846153846
0.016897846153846156
-0.03921969230769231
-0.07614461538461538
-0.073224
-0.05924676923076923
-0.03921969230769231
-0.034630153846153845
-0.03337846153846154
-0.002086153846153846
0.043600615384615383
0.08031692307692308
0.056951999999999996
0.009387692307692307
-0.04401784615384615
-0.07948246153846153
-0.06529661538461538
-0.05757784615384615
-0.042974769230769226
-0.021487384615384613
0.02899753846153846
0.0988836923076923
0.14832553846153845
0.1704387692307692
0.12704676923076924
0.06821723076923077
0.026911384615384615
0.014185846153846153
0.021487384615384613
0.009387692307692307
-0.0029206153846153843
0.0025033846153846152
0.035464615384615386
0.08115138461538463
0.11432123076923076
0.10722830769230769
0.05674338461538461
0.015646153846153844
-0.002712
-0.003755076923076923
0.014811692307692307
0.009387692307692307
0.003963692307692307
0.027120000000000002
0.04735569230769231
0.08323753846153846
0.08907876923076924
0.05611753846153846
0.02586830769230769
0.003963692307692307
0.03108369230769231
0.058829538461538454
0.07614461538461538
0.07677046153846154
0.05716061538461538
0.0897046153846154
0.12308307692307692
0.1316363076923077
0.1045163076923077
0.05757784615384615
0.027745846153846152
0.0016689230769230767
0.016897846153846156
0.01710646153846154
0.01272553846153846
0.024616615384615383
0.03504738461538461
0.0717636923076923
0.07656184615384615
0.06133292307692308
0.020652923076923076
-0.03045784615384615
-0.03609046153846154
