0.005424
-0.02482523076923077
-0.00855323076923077
0.021278769230769233
0.054657230769230764
0.07259815384615384
0.0717636923076923
0.09033046153846153
0.10994030769230768
0.12433476923076923
0.12454338461538461
0.08073415384615384
0.03358707692307692
0.009804923076923077
0.007301538461538462
0.01814953846153846
0.01043076923076923
0.013351384615384614
0.043600615384615383
0.08574092307692306
0.11014892307692307
0.09158215384615384
0.05736923076923077
0.021696
-0.009179076923076922
-0.007510153846153846
0.015228923076923076
0.022947692307692308
0.02086153846153846
0.03921969230769231
0.08177723076923075
0.11223507692307692
0.11452984615384615
0.07656184615384615
0.015646153846153844
-0.026494153846153844
-0.03859384615384615
-0.03108369230769231
-0.03629907692307692
-0.042348923076923076
-0.03942830769230769
-0.008761846153846153
0.043600615384615383
0.078648
0.08824430769230769
0.045060923076923075
-0.0025033846153846152
-0.023364923076923075
-0.03045784615384615
-0.035464615384615386
-0.03713353846153846
-0.024408000000000003
-0.0002086153846153846
0.048816000000000005
0.0855323076923077
0.09074769230769231
0.04965046153846154
-0.022947692307692308
-0.06133292307692308
-0.061124307692307686
-0.047772923076923074
-0.02023569230769231
-0.005424
0.0012516923076923076
0.03921969230769231
0.07364123076923076
0.10639384615384614
0.07948246153846153
0.01668923076923077
-0.02858030769230769
-0.06404492307692307
-0.02858030769230769
-0.01981846153846154
-0.026702769230769228
-0.02753723076923077
-0.045060923076923075
-0.007927384615384614
0.004172307692307692
-0.006675692307692307
-0.030875076923076922
-0.07781353846153846
-0.09053907692307692
-0.0826116923076923
-0.06529661538461538
-0.07072061538461538
-0.07906523076923076
-0.06321046153846153
-0.03483876923076923
0.02023569230769231
0.04839876923076923
0.04172307692307692
0.0035464615384615383
-0.052153846153846155
-0.065088
-0.06133292307692308
-0.037342153846153844
-0.019192615384615384
-0.005632615384615384
0.03129230769230769
0.06049846153846154
0.10994030769230768
0.11348676923076922
0.04422646153846154
-0.010639384615384617
-0.03650769230769231
-0.03650769230769231
-0.025659692307692307
-0.008761846153846153
0.006049846153846154
0.005841230769230769
0.022530461538461537
0.052153846153846155
0.07384984615384615
0.06362769230769232
0.027328615384615382
-0.002086153846153846
-0.02044430769230769
-0.010013538461538461
-0.010222153846153844
-0.018983999999999997
0.0050067692307692304
0.045895384615384616
0.10326461538461539
0.12600369230769232
0.10597661538461538
0.05298830769230769
-0.026494153846153844
-0.07092923076923077
-0.0853236923076923
-0.07301538461538462
-0.06529661538461538
-0.051528
0.007510153846153846
0.05862092307692307
0.08135999999999999
0.05653476923076922
0.005632615384615384
-0.04672984615384615
-0.09158215384615384
-0.09012184615384615
-0.07405846153846153
-0.07760492307692309
-0.09596307692307693
-0.10576799999999999
-0.07113784615384615
-0.03775938461538462
-0.024408000000000003
-0.03713353846153846
-0.09512861538461538
-0.10764553846153846
-0.08636676923076922
-0.05382276923076923
-0.026702769230769228
-0.030875076923076922
-0.017523692307692306
-0.011265230769230769
0.025659692307692307
0.06988615384615385
0.07030338461538461
0.04672984615384615
-0.0008344615384615384
-0.0070929230769230765
0.006884307692307692
0.019609846153846155
0.04130584615384615
0.04860738461538461
0.06821723076923077
0.09241661538461539
0.13601723076923075
0.157296
0.12350030769230769
0.08657538461538461
0.04902461538461538
0.04380923076923077
0.05069353846153846
0.03880246153846154
0.01814953846153846
-0.007927384615384614
0.00855323076923077
0.04860738461538461
0.07280676923076923
0.07426707692307692
0.04902461538461538
0.045895384615384616
0.061750153846153844
0.09158215384615384
0.12662953846153846
0.12391753846153845
0.10096984615384616
0.07030338461538461
0.06321046153846153
0.07739630769230768
0.08511507692307693
0.07802215384615384
0.04860738461538461
0.03901107692307692
0.043600615384615383
0.05590892307692308
0.06613107692307692
0.04965046153846154
0.05862092307692307
0.08907876923076924
0.12391753846153845
0.13935507692307691
0.10347323076923076
0.052153846153846155
0.001043076923076923
-0.02545107692307692
-0.029623384615384614
-0.02858030769230769
-0.03921969230769231
-0.07092923076923077
-0.07510153846153846
-0.05653476923076922
-0.027745846153846152
-0.015854769230769228
-0.04130584615384615
-0.05757784615384615
-0.07343261538461537
-0.06279323076923077
-0.04318338461538461
-0.05382276923076923
-0.05444861538461539
-0.06404492307692307
-0.04631261538461538
-0.02023569230769231
-0.02482523076923077
-0.052153846153846155
-0.10618523076923077
-0.12662953846153846
-0.12516923076923075
-0.10681107692307691
-0.08699261538461538
-0.0892873846153846
-0.084072
-0.08344615384615384
-0.05027630769230769
-0.008136
0.002086153846153846
0.005841230769230769
0.0014603076923076922
0.013768615384615384
0.013768615384615384
0.0022947692307692304
