0.012308307692307691
0.02211323076923077
0.034630153846153845
0.04631261538461538
0.023990769230769232
-0.006049846153846154
-0.012099692307692308
0.014185846153846153
0.03671630769230769
0.017732307692307693
-0.021278769230769233
-0.05611753846153846
-0.05570030769230769
-0.003755076923076923
0.056326153846153845
0.0828203076923077
0.07113784615384615
0.05194523076923077
0.05111076923076923
0.052571076923076915
0.046104
0.0043809230769230765
-0.04944184615384615
-0.06195876923076923
-0.03984553846153846
0.010639384615384617
0.04693846153846153
0.06550523076923077
0.08991323076923076
0.10138707692307691
0.12934153846153845
0.14686523076923075
0.12266584615384615
0.07489292307692308
0.025033846153846153
0.016897846153846156
0.027745846153846152
0.05799507692307692
0.09095630769230768
0.09491999999999999
0.10117846153846152
0.11286092307692308
0.12955015384615384
0.119328
0.06821723076923077
0.0
-0.06404492307692307
-0.08991323076923076
-0.07468430769230769
-0.029623384615384614
0.017732307692307693
0.056951999999999996
0.10493353846153847
0.13893784615384613
0.138312
0.0892873846153846
0.013351384615384614
-0.04985907692307692
-0.07259815384615384
-0.04130584615384615
0.008136
0.05069353846153846
0.07593599999999999
0.09179076923076923
0.10117846153846152
0.10347323076923076
0.09179076923076923
0.03296123076923077
-0.022530461538461537
-0.054657230769230764
-0.06300184615384616
-0.03129230769230769
0.021487384615384613
0.08991323076923076
0.12454338461538461
0.14060676923076923
0.14311015384615386
0.10889723076923077
0.03567323076923076
-0.06800861538461538
-0.14039815384615384
-0.17815753846153848
-0.1585476923076923
-0.10263876923076923
-0.05319692307692307
0.016480615384615385
0.07906523076923076
0.12454338461538461
0.11974523076923077
0.05486584615384615
-0.026494153846153844
-0.10430769230769231
-0.12558646153846154
-0.09095630769230768
-0.03963692307692308
0.015854769230769228
0.05403138461538461
0.09012184615384615
0.11327815384615383
0.09846646153846153
0.06800861538461538
-0.0077187692307692304
-0.09763200000000001
-0.143736
-0.11807630769230769
-0.05486584615384615
-0.0002086153846153846
0.08115138461538463
0.1422756923076923
0.18191261538461537
0.18712800000000002
0.1397723076923077
0.06592246153846154
-0.04088861538461538
-0.11703323076923078
-0.14790830769230767
-0.12245723076923076
-0.05403138461538461
0.02586830769230769
0.10347323076923076
0.14853415384615384
0.18900553846153845
0.19505538461538463
0.14123261538461537
0.04631261538461538
-0.05507446153846154
-0.11640738461538462
-0.1218313846153846
-0.06696553846153847
0.006884307692307692
0.06759138461538462
0.11348676923076922
0.15249784615384615
0.17669723076923077
0.154584
0.09283384615384616
0.013560000000000001
-0.058412307692307694
-0.07489292307692308
-0.03984553846153846
-0.005424
0.028788923076923077
0.06529661538461538
0.09763200000000001
0.12391753846153845
0.12934153846153845
0.09950953846153845
0.01981846153846154
-0.06738276923076922
-0.11599015384615384
-0.10722830769230769
-0.07280676923076923
-0.03859384615384615
0.01981846153846154
0.06550523076923077
0.10368184615384615
0.13726892307692307
0.12245723076923076
0.06341907692307691
-0.025659692307692307
-0.08219446153846154
-0.09304246153846155
-0.06905169230769231
-0.010639384615384617
0.03859384615384615
0.07572738461538461
0.09074769230769231
0.09533723076923077
0.09179076923076923
0.03629907692307692
-0.042348923076923076
-0.09784061538461537
-0.11640738461538462
-0.08866153846153846
-0.04172307692307692
0.0008344615384615384
0.04401784615384615
0.07948246153846153
0.11348676923076922
0.12433476923076923
0.09804923076923076
0.03108369230769231
-0.07113784615384615
-0.14144123076923076
-0.15896492307692306
-0.13080184615384613
-0.08428061538461538
-0.03838523076923077
0.014185846153846153
0.04965046153846154
0.07301538461538462
0.07384984615384615
0.040262769230769234
-0.014603076923076923
-0.05611753846153846
-0.06425353846153846
-0.05528307692307692
-0.03108369230769231
-0.006258461538461538
0.012516923076923077
0.04172307692307692
0.08031692307692308
0.09325107692307691
0.050067692307692306
-0.033169846153846154
-0.09971815384615385
-0.12266584615384615
-0.11849353846153846
-0.09283384615384616
-0.0448523076923077
0.007510153846153846
0.04130584615384615
0.07051199999999999
0.09387692307692307
0.07197230769230768
0.006049846153846154
-0.06800861538461538
-0.10952307692307692
-0.10889723076923077
-0.08344615384615384
-0.04547815384615384
-0.008970461538461538
0.013142769230769229
0.03442153846153846
0.05590892307692308
0.05444861538461539
0.03150092307692308
-0.01668923076923077
-0.05444861538461539
-0.04672984615384615
-0.015437538461538461
0.011891076923076923
0.02795446153846154
0.03588184615384615
0.04965046153846154
0.07551876923076924
0.09512861538461538
0.07551876923076924
0.0029206153846153843
-0.06633969230769231
-0.1028473846153846
-0.10472492307692308
-0.07489292307692308
-0.04693846153846153
