0.07614461538461538
0.06905169230769231
0.022530461538461537
-0.049233230769230765
-0.09950953846153845
-0.1136953846153846
-0.059664
0.02044430769230769
0.08657538461538461
0.1178676923076923
0.12642092307692307
0.12683815384615382
0.10076123076923077
0.05277969230769231
-0.04130584615384615
-0.14060676923076923
-0.17982646153846152
-0.16167692307692308
-0.09137353846153846
-0.022530461538461537
0.026702769230769228
0.07510153846153846
0.10013538461538461
0.10743692307692307
0.08302892307692307
0.03442153846153846
-0.018983999999999997
-0.06967753846153846
-0.0717636923076923
-0.037342153846153844
0.01981846153846154
0.07614461538461538
0.11849353846153846
0.16042523076923076
0.16772676923076923
0.15520984615384617
0.10201292307692307
0.02357353846153846
-0.03629907692307692
-0.05820369230769231
-0.01981846153846154
0.03921969230769231
0.09992676923076924
0.13330523076923076
0.15416676923076922
0.17023015384615386
0.15500123076923078
0.12016246153846154
0.047772923076923074
-0.027120000000000002
-0.06946892307692307
-0.09033046153846153
-0.05611753846153846
0.0077187692307692304
0.053405538461538456
0.06926030769230769
0.06654830769230768
0.06571384615384615
0.03233538461538461
-0.041514461538461535
-0.10535076923076922
-0.13476553846153844
-0.13059323076923077
-0.0798996923076923
-0.01981846153846154
0.031918153846153846
0.06258461538461538
0.06070707692307692
0.05820369230769231
0.034630153846153845
-0.009804923076923077
-0.08198584615384615
-0.14603076923076924
-0.146448
-0.12308307692307692
-0.06717415384615384
-0.003963692307692307
0.03275261538461539
0.0771876923076923
0.09095630769230768
0.084072
0.05736923076923077
-0.01981846153846154
-0.09867507692307692
-0.16438892307692307
-0.17544553846153846
-0.14457046153846154
-0.11557292307692307
-0.07635323076923077
-0.04756430769230769
-0.00855323076923077
0.024616615384615383
0.035464615384615386
0.023364923076923075
-0.03150092307692308
-0.07384984615384615
-0.09304246153846155
-0.07760492307692309
-0.027120000000000002
0.0012516923076923076
0.01814953846153846
0.040054153846153843
0.06926030769230769
0.09241661538461539
0.084072
0.03775938461538462
-0.03337846153846154
-0.08469784615384615
-0.08115138461538463
-0.03129230769230769
0.019609846153846155
0.05444861538461539
0.07051199999999999
0.06967753846153846
0.07092923076923077
0.04318338461538461
-0.014603076923076923
-0.08845292307692308
-0.14790830769230767
-0.1504116923076923
-0.11640738461538462
-0.05716061538461538
0.0025033846153846152
0.03921969230769231
0.07238953846153846
0.10785415384615385
0.12934153846153845
0.1097316923076923
0.03838523076923077
-0.04652123076923077
-0.09095630769230768
-0.08323753846153846
-0.04693846153846153
0.009596307692307692
0.05674338461538461
0.084072
0.11703323076923078
0.1422756923076923
0.1531236923076923
0.11223507692307692
0.03775938461538462
-0.022530461538461537
-0.061124307692307686
-0.05507446153846154
-0.04401784615384615
-0.02482523076923077
0.0018775384615384615
0.03337846153846154
0.06967753846153846
0.07113784615384615
0.06571384615384615
0.01814953846153846
-0.054240000000000003
-0.0892873846153846
-0.09471138461538461
-0.06028984615384615
-0.02795446153846154
-0.0014603076923076922
0.02545107692307692
0.03859384615384615
0.03692492307692308
-0.0016689230769230767
-0.04422646153846154
-0.08991323076923076
-0.12204
-0.08824430769230769
-0.024199384615384616
0.03901107692307692
0.07113784615384615
0.07218092307692307
0.09679753846153846
0.11098338461538461
0.10848000000000001
0.0855323076923077
0.01856676923076923
-0.022947692307692308
-0.028788923076923077
-0.013768615384615384
-0.001043076923076923
0.008970461538461538
0.024408000000000003
0.042348923076923076
0.08094276923076923
0.10138707692307691
0.11056615384615384
0.07489292307692308
0.02586830769230769
0.003129230769230769
-0.005215384615384615
0.03066646153846154
0.042557538461538466
0.04318338461538461
0.03671630769230769
0.02232184615384615
0.04380923076923077
0.045895384615384616
0.026076923076923077
-0.005841230769230769
-0.03775938461538462
-0.03504738461538461
-0.021070153846153846
-0.001043076923076923
-0.006049846153846154
-0.01710646153846154
0.005632615384615384
0.028163076923076923
0.03650769230769231
-0.0002086153846153846
-0.051528
-0.09763200000000001
-0.11056615384615384
-0.07218092307692307
-0.04214030769230769
-0.020652923076923076
-0.01814953846153846
-0.004589538461538461
0.03358707692307692
0.05382276923076923
0.06008123076923077
0.021278769230769233
-0.053405538461538456
-0.0963803076923077
-0.09471138461538461
-0.06216738461538462
-0.03901107692307692
-0.03400430769230769
-0.026494153846153844
0.0025033846153846152
0.06425353846153846
0.103056
0.09971815384615385
0.040679999999999994
-0.04214030769230769
-0.08031692307692308
-0.08010830769230769
-0.04672984615384615
-0.02586830769230769
-0.0014603076923076922
0.03212676923076923
0.04902461538461538
0.08073415384615384
0.06279323076923077
0.007510153846153846
-0.03713353846153846
