-0.05403138461538461
-0.06279323076923077
-0.03713353846153846
0.00855323076923077
0.047981538461538464
0.07969107692307692
0.05799507692307692
0.008136
-0.04088861538461538
-0.05757784615384615
-0.046104
-0.05799507692307692
-0.0448523076923077
-0.021278769230769233
0.022530461538461537
0.07051199999999999
0.07009476923076922
0.05277969230769231
-0.008136
-0.07051199999999999
-0.08511507692307693
-0.06988615384615385
-0.040679999999999994
-0.03296123076923077
-0.021904615384615383
0.005632615384615384
0.05403138461538461
0.10472492307692308
0.10430769230769231
0.06341907692307691
0.008136
-0.031709538461538456
-0.055491692307692304
-0.050067692307692306
-0.025659692307692307
-0.030875076923076922
-0.02273907692307692
0.03129230769230769
0.11473846153846154
0.1614683076923077
0.13455692307692307
0.0936683076923077
0.059038153846153844
0.030875076923076922
0.015228923076923076
0.0022947692307692304
-0.009387692307692307
-0.015646153846153844
0.011682461538461537
0.07092923076923077
0.1178676923076923
0.12308307692307692
0.07948246153846153
0.029414769230769227
0.0014603076923076922
0.0008344615384615384
0.023990769230769232
0.040679999999999994
0.046104
0.040262769230769234
0.05069353846153846
0.0974233846153846
0.11432123076923076
0.07802215384615384
0.012099692307692308
-0.04839876923076923
-0.06300184615384616
-0.052153846153846155
-0.03379569230769231
-0.03129230769230769
-0.02753723076923077
0.0
0.03567323076923076
0.06633969230769231
0.055491692307692304
0.015228923076923076
-0.022947692307692308
-0.03358707692307692
-0.015437538461538461
0.0008344615384615384
0.005841230769230769
-0.011891076923076923
-0.028163076923076923
-0.005632615384615384
0.02858030769230769
0.04318338461538461
0.021278769230769233
-0.01668923076923077
-0.04944184615384615
-0.05924676923076923
-0.04380923076923077
-0.05173661538461538
-0.06133292307692308
-0.04860738461538461
-0.01043076923076923
0.03838523076923077
0.06633969230769231
0.0609156923076923
0.007510153846153846
-0.04714707692307692
-0.0717636923076923
-0.06216738461538462
-0.05277969230769231
-0.08073415384615384
-0.10576799999999999
-0.11140061538461538
-0.09429415384615383
-0.05090215384615384
-0.02044430769230769
-0.0043809230769230765
-0.013351384615384614
-0.02086153846153846
0.008344615384615384
0.019192615384615384
0.014394461538461538
-0.012308307692307691
-0.0448523076923077
-0.045060923076923075
-0.02315630769230769
0.006258461538461538
0.013560000000000001
0.0008344615384615384
-0.022530461538461537
-0.03150092307692308
-0.017940923076923077
-0.015646153846153844
-0.03066646153846154
-0.051528
-0.05111076923076923
-0.017732307692307693
0.02023569230769231
0.05382276923076923
0.06216738461538462
0.047772923076923074
0.024199384615384616
0.008344615384615384
0.01856676923076923
-0.013560000000000001
-0.07635323076923077
-0.10618523076923077
-0.08991323076923076
-0.028788923076923077
0.025659692307692307
0.05507446153846154
0.06800861538461538
0.0678
0.07510153846153846
0.07510153846153846
0.05236246153846154
0.01272553846153846
-0.02357353846153846
-0.027120000000000002
0.009596307692307692
0.06425353846153846
0.0892873846153846
0.08887015384615385
0.08052553846153847
0.06967753846153846
0.06633969230769231
0.0446436923076923
-0.0029206153846153843
-0.06321046153846153
-0.10868861538461538
-0.10368184615384615
-0.06571384615384615
-0.013560000000000001
0.02357353846153846
0.02357353846153846
0.04109723076923077
0.06946892307692307
0.07885661538461539
0.058829538461538454
0.002712
-0.04276615384615385
-0.058412307692307694
-0.05069353846153846
-0.017315076923076923
0.025659692307692307
0.05653476923076922
0.08344615384615384
0.11181784615384616
0.12537784615384615
0.1045163076923077
0.03942830769230769
-0.03400430769230769
-0.0771876923076923
-0.07468430769230769
-0.02545107692307692
0.03150092307692308
0.0897046153846154
0.12204
0.13372246153846154
0.15625292307692307
0.12308307692307692
0.04735569230769231
-0.037967999999999995
-0.10430769230769231
-0.11348676923076922
-0.0855323076923077
-0.026285538461538457
0.02315630769230769
0.06008123076923077
0.09491999999999999
0.11494707692307692
0.12308307692307692
0.09053907692307692
0.025033846153846153
-0.04693846153846153
-0.09179076923076923
-0.0771876923076923
-0.03692492307692308
0.006884307692307692
0.05924676923076923
0.10201292307692307
0.1397723076923077
0.154584
0.12600369230769232
0.06884307692307692
-0.011265230769230769
-0.05862092307692307
-0.04526953846153846
0.002086153846153846
0.06571384615384615
0.124752
0.1712732307692308
0.19338646153846153
0.19609846153846153
0.17398523076923075
0.09825784615384614
-0.0077187692307692304
-0.11911938461538461
-0.18170399999999998
-0.165432
-0.10597661538461538
-0.021070153846153846
0.055491692307692304
0.12850707692307692
0.17899199999999998
0.18796246153846152
0.1435273846153846
0.03880246153846154
-0.058412307692307694
-0.13726892307692307
-0.14749107692307692
