-0.011265230769230769
0.024408000000000003
0.06049846153846154
0.05653476923076922
0.03629907692307692
0.011265230769230769
0.028163076923076923
0.06571384615384615
0.092208
0.09679753846153846
0.06884307692307692
0.05528307692307692
0.045060923076923075
0.04318338461538461
0.03963692307692308
0.003129230769230769
-0.026494153846153844
-0.045060923076923075
-0.02357353846153846
0.026285538461538457
0.05653476923076922
0.07218092307692307
0.07885661538461539
0.09012184615384615
0.09512861538461538
0.09387692307692307
0.05757784615384615
0.0018775384615384615
-0.023364923076923075
-0.020652923076923076
0.008761846153846153
0.024616615384615383
0.01940123076923077
0.002086153846153846
-0.003129230769230769
0.012516923076923077
0.015854769230769228
-0.0043809230769230765
-0.04839876923076923
-0.06571384615384615
-0.050067692307692306
0.0
0.06946892307692307
0.10660246153846153
0.11140061538461538
0.07802215384615384
0.037342153846153844
0.018775384615384614
0.0016689230769230767
-0.03129230769230769
-0.06279323076923077
-0.06759138461538462
-0.04422646153846154
-0.012516923076923077
0.011265230769230769
0.0077187692307692304
-0.012934153846153845
-0.013560000000000001
0.0012516923076923076
0.02023569230769231
0.015854769230769228
0.0022947692307692304
-0.003963692307692307
0.007510153846153846
0.04380923076923077
0.05507446153846154
0.03275261538461539
-0.015437538461538461
-0.047772923076923074
-0.04860738461538461
-0.03984553846153846
-0.021070153846153846
-0.026076923076923077
-0.042974769230769226
-0.029623384615384614
0.018358153846153843
0.07259815384615384
0.10096984615384616
0.09053907692307692
0.054240000000000003
0.028788923076923077
0.015020307692307692
0.014185846153846153
-0.01043076923076923
-0.06654830769230768
-0.0826116923076923
-0.06446215384615385
-0.03296123076923077
-0.009804923076923077
-0.02273907692307692
-0.061124307692307686
-0.10368184615384615
-0.10806276923076923
-0.07697907692307693
-0.047772923076923074
-0.028788923076923077
-0.008761846153846153
0.02586830769230769
0.061750153846153844
0.08448923076923077
0.058412307692307694
-0.027328615384615382
-0.10743692307692307
-0.1356
-0.10827138461538462
-0.058829538461538454
-0.021487384615384613
-0.0012516923076923076
0.016063384615384615
0.05090215384615384
0.08782707692307692
0.09554584615384615
0.061750153846153844
-0.003755076923076923
-0.03859384615384615
-0.03275261538461539
-0.009596307692307692
0.03108369230769231
0.03921969230769231
0.024408000000000003
0.03650769230769231
0.059038153846153844
0.07030338461538461
0.05173661538461538
0.007301538461538462
-0.03379569230769231
-0.04652123076923077
-0.03129230769230769
-0.008761846153846153
0.01668923076923077
0.026702769230769228
0.04172307692307692
0.07927384615384615
0.11098338461538461
0.12516923076923075
0.09700615384615385
0.04401784615384615
0.014394461538461538
0.022947692307692308
0.05090215384615384
0.08073415384615384
0.10764553846153846
0.12016246153846154
0.13706030769230768
0.16626646153846153
0.16856123076923077
0.11911938461538461
0.03504738461538461
-0.031918153846153846
-0.05611753846153846
-0.03567323076923076
0.003755076923076923
0.040054153846153843
0.07259815384615384
0.10347323076923076
0.1353913846153846
0.14415323076923076
0.12642092307692307
0.06633969230769231
-0.015854769230769228
-0.058829538461538454
-0.05382276923076923
-0.022530461538461537
0.013351384615384614
0.03609046153846154
0.06154153846153846
0.09095630769230768
0.08845292307692308
0.06300184615384616
0.009804923076923077
-0.059872615384615385
-0.11348676923076922
-0.11995384615384615
-0.06946892307692307
-0.009387692307692307
0.03567323076923076
0.06446215384615385
0.09387692307692307
0.1097316923076923
0.08177723076923075
0.018983999999999997
-0.06675692307692307
-0.14185846153846154
-0.1792006153846154
-0.168144
-0.12767261538461538
-0.0717636923076923
-0.015020307692307692
0.02023569230769231
0.06008123076923077
0.07405846153846153
0.03775938461538462
-0.040262769230769234
-0.1207883076923077
-0.15625292307692307
-0.14540492307692307
-0.0828203076923077
-0.0070929230769230765
0.05590892307692308
0.08448923076923077
0.08490646153846154
0.0855323076923077
0.06425353846153846
0.02044430769230769
-0.044435076923076924
-0.09158215384615384
-0.08490646153846154
-0.04109723076923077
0.01814953846153846
0.06884307692307692
0.09950953846153845
0.11557292307692307
0.13101046153846155
0.1368516923076923
0.11098338461538461
0.03755076923076923
-0.05653476923076922
-0.119328
-0.11849353846153846
-0.06654830769230768
-0.01272553846153846
0.04318338461538461
0.0963803076923077
0.12579507692307693
0.13101046153846155
0.10117846153846152
0.032544
-0.04172307692307692
-0.08073415384615384
-0.06383630769230769
-0.0006258461538461538
0.056951999999999996
0.10493353846153847
0.14519630769230768
0.168144
0.1792006153846154
0.15938215384615384
0.11181784615384616
0.04318338461538461
-0.02232184615384615
-0.05090215384615384
-0.04902461538461538
-0.013142769230769229
0.03379569230769231
