0.10889723076923077
0.11911938461538461
0.07802215384615384
-0.010848
-0.08010830769230769
-0.09137353846153846
-0.05507446153846154
0.0025033846153846152
0.0771876923076923
0.12683815384615382
0.15208061538461537
0.19693292307692306
0.22467876923076924
0.2154996923076923
0.1289243076923077
0.03108369230769231
-0.021070153846153846
-0.032544
0.0035464615384615383
0.04819015384615385
0.10347323076923076
0.12496061538461539
0.1506203076923077
0.17544553846153846
0.1476996923076923
0.09992676923076924
0.03150092307692308
-0.011265230769230769
-0.0050067692307692304
0.040262769230769234
0.100344
0.13768615384615385
0.1543753846153846
0.1704387692307692
0.18337292307692307
0.1693956923076923
0.11473846153846154
0.03045784615384615
-0.044435076923076924
-0.08386338461538462
-0.06863446153846153
-0.017732307692307693
0.023782153846153845
0.048816000000000005
0.06070707692307692
0.07843938461538462
0.09053907692307692
0.07259815384615384
0.029414769230769227
-0.04819015384615385
-0.11056615384615384
-0.12642092307692307
-0.10514215384615383
-0.05277969230769231
-0.004589538461538461
0.03129230769230769
0.06529661538461538
0.08887015384615385
0.07134646153846153
0.012099692307692308
-0.07072061538461538
-0.12704676923076924
-0.14081538461538462
-0.12308307692307692
-0.06154153846153846
-0.0016689230769230767
0.04902461538461538
0.092208
0.1356
0.15416676923076922
0.11473846153846154
0.059872615384615385
-0.002712
-0.0446436923076923
-0.03483876923076923
0.013351384615384614
0.06195876923076923
0.09137353846153846
0.11306953846153844
0.1287156923076923
0.13351384615384615
0.10994030769230768
0.047772923076923074
-0.040262769230769234
-0.10681107692307691
-0.11703323076923078
-0.07468430769230769
-0.025033846153846153
0.008761846153846153
0.030875076923076922
0.05653476923076922
0.08866153846153846
0.07885661538461539
0.03421292307692308
-0.040679999999999994
-0.11098338461538461
-0.14832553846153845
-0.1449876923076923
-0.09137353846153846
-0.03838523076923077
0.0070929230769230765
0.04380923076923077
0.086784
0.09971815384615385
0.07113784615384615
0.026494153846153844
-0.03629907692307692
-0.0609156923076923
-0.059038153846153844
-0.030875076923076922
0.003963692307692307
0.019609846153846155
0.058829538461538454
0.10076123076923077
0.12350030769230769
0.10681107692307691
0.047772923076923074
-0.02357353846153846
-0.0855323076923077
-0.0988836923076923
-0.06946892307692307
-0.027745846153846152
0.02023569230769231
0.051319384615384614
0.07885661538461539
0.10159569230769232
0.09116492307692307
0.05507446153846154
-0.02211323076923077
-0.10263876923076923
-0.13914646153846155
-0.12642092307692307
-0.09158215384615384
-0.055491692307692304
-0.005215384615384615
0.03984553846153846
0.07489292307692308
0.08720123076923077
0.07572738461538461
0.031918153846153846
-0.03400430769230769
-0.05382276923076923
-0.029623384615384614
0.01710646153846154
0.05528307692307692
0.06133292307692308
0.058829538461538454
0.05590892307692308
0.07635323076923077
0.07781353846153846
0.04214030769230769
-0.0018775384615384615
-0.051319384615384614
-0.05674338461538461
-0.034630153846153845
-0.0012516923076923076
0.029206153846153847
0.02586830769230769
0.04526953846153846
0.07072061538461538
0.09137353846153846
0.0855323076923077
0.03629907692307692
-0.008344615384615384
-0.05862092307692307
-0.05674338461538461
-0.025033846153846153
-0.014185846153846153
0.0
0.006884307692307692
0.04380923076923077
0.08177723076923075
0.09554584615384615
0.0798996923076923
0.014394461538461538
-0.035464615384615386
-0.059038153846153844
-0.05507446153846154
-0.041514461538461535
-0.046104
-0.045060923076923075
-0.04401784615384615
-0.014185846153846153
0.03775938461538462
0.04672984615384615
0.005841230769230769
-0.04965046153846154
-0.07885661538461539
-0.07677046153846154
-0.053405538461538456
-0.02044430769230769
-0.016272
-0.01272553846153846
0.003755076923076923
0.027328615384615382
0.048816000000000005
0.018358153846153843
-0.023782153846153845
-0.05194523076923077
-0.052153846153846155
-0.016063384615384615
0.010848
0.031709538461538456
0.041514461538461535
0.06070707692307692
0.09325107692307691
0.1178676923076923
0.11703323076923078
0.05653476923076922
0.0014603076923076922
-0.03129230769230769
-0.03963692307692308
-0.02232184615384615
-0.03504738461538461
-0.03504738461538461
-0.009387692307692307
0.04109723076923077
0.1136953846153846
0.13601723076923075
0.10055261538461538
0.042348923076923076
-0.020652923076923076
-0.04714707692307692
-0.040054153846153843
-0.04276615384615385
-0.04526953846153846
-0.04714707692307692
-0.04318338461538461
-0.0025033846153846152
0.035464615384615386
0.026494153846153844
-0.011473846153846154
-0.053614153846153846
-0.07510153846153846
-0.07280676923076923
-0.05611753846153846
-0.03880246153846154
-0.03713353846153846
-0.019609846153846155
0.017523692307692306
0.055491692307692304
0.07802215384615384
0.03671630769230769
-0.02315630769230769
