0.09471138461538461
0.03859384615384615
-0.011265230769230769
-0.025033846153846153
-0.02482523076923077
-0.017732307692307693
-0.017732307692307693
0.007510153846153846
0.06049846153846154
0.10848000000000001
0.14206707692307693
0.11473846153846154
0.056326153846153845
-0.017523692307692306
-0.05757784615384615
-0.03379569230769231
-0.015854769230769228
0.013351384615384614
0.028163076923076923
0.04839876923076923
0.09283384615384616
0.11557292307692307
0.09763200000000001
0.027120000000000002
-0.047772923076923074
-0.08699261538461538
-0.0934596923076923
-0.08073415384615384
-0.06195876923076923
-0.05653476923076922
-0.035255999999999996
0.01668923076923077
0.07426707692307692
0.10952307692307692
0.07426707692307692
0.009804923076923077
-0.03921969230769231
-0.078648
-0.08198584615384615
-0.07489292307692308
-0.07843938461538462
-0.07134646153846153
-0.061124307692307686
-0.030040615384615384
-0.0012516923076923076
-0.006049846153846154
-0.03504738461538461
-0.08344615384615384
-0.10806276923076923
-0.10597661538461538
-0.09325107692307691
-0.06738276923076922
-0.03421292307692308
0.011056615384615385
0.05716061538461538
0.09429415384615383
0.09992676923076924
0.06362769230769232
-0.008970461538461538
-0.07280676923076923
-0.08302892307692307
-0.07343261538461537
-0.049233230769230765
-0.012308307692307691
0.026702769230769228
0.07697907692307693
0.130176
0.16689230769230767
0.16584923076923075
0.13059323076923077
0.08219446153846154
0.050067692307692306
0.051319384615384614
0.051528
0.044435076923076924
0.03233538461538461
0.024408000000000003
0.06404492307692307
0.10994030769230768
0.11578153846153846
0.07092923076923077
0.015020307692307692
-0.011056615384615385
-0.013142769230769229
0.01043076923076923
0.01272553846153846
0.017315076923076923
0.050067692307692306
0.08699261538461538
0.1287156923076923
0.132888
0.10389046153846154
0.046104
-0.005841230769230769
-0.02586830769230769
-0.03024923076923077
-0.005215384615384615
0.0029206153846153843
0.02858030769230769
0.07843938461538462
0.11473846153846154
0.15145476923076923
0.13205353846153844
0.07802215384615384
0.023364923076923075
-0.024199384615384616
-0.013560000000000001
0.006467076923076923
0.007301538461538462
-0.005215384615384615
-0.013351384615384614
0.01272553846153846
0.040054153846153843
0.05862092307692307
0.04172307692307692
0.003129230769230769
-0.02273907692307692
-0.04172307692307692
-0.03045784615384615
-0.034630153846153845
-0.054657230769230764
-0.06926030769230769
-0.07635323076923077
-0.03713353846153846
0.0012516923076923076
0.037342153846153844
0.03504738461538461
-0.007927384615384614
-0.008344615384615384
-0.005841230769230769
0.002712
-0.017523692307692306
-0.061124307692307686
-0.05736923076923077
-0.04819015384615385
-0.02023569230769231
-0.021487384615384613
-0.05090215384615384
-0.06654830769230768
-0.08010830769230769
-0.03984553846153846
0.01043076923076923
0.045895384615384616
0.040262769230769234
-0.008136
-0.019609846153846155
-0.03400430769230769
-0.019192615384615384
0.0035464615384615383
-0.004589538461538461
0.017315076923076923
0.022947692307692308
0.05653476923076922
0.06654830769230768
0.022947692307692308
0.0035464615384615383
-0.03150092307692308
-0.017523692307692306
0.026076923076923077
0.07072061538461538
0.100344
0.07593599999999999
0.08824430769230769
0.111192
0.12683815384615382
0.127464
0.08574092307692306
0.042348923076923076
-0.0043809230769230765
-0.0014603076923076922
0.024199384615384616
0.03233538461538461
0.03358707692307692
0.021278769230769233
0.05590892307692308
0.08073415384615384
0.07614461538461538
0.03421292307692308
-0.04631261538461538
-0.08699261538461538
-0.12308307692307692
-0.116616
-0.08636676923076922
-0.07051199999999999
-0.03400430769230769
-0.003755076923076923
0.040262769230769234
0.04965046153846154
0.0050067692307692304
-0.05570030769230769
-0.12537784615384615
-0.14665661538461539
-0.13747753846153846
-0.09053907692307692
-0.02482523076923077
0.004798153846153846
0.04088861538461538
0.06654830769230768
0.09304246153846155
0.08949599999999999
0.020652923076923076
-0.040262769230769234
-0.07802215384615384
-0.06154153846153846
-0.01668923076923077
0.034630153846153845
0.09283384615384616
0.0988836923076923
0.10347323076923076
0.09679753846153846
0.06842584615384616
0.02753723076923077
-0.05236246153846154
-0.103056
-0.10910584615384614
-0.06613107692307692
-0.008970461538461538
0.04756430769230769
0.119328
0.1666836923076923
0.20778092307692309
0.19630707692307692
0.13309661538461537
0.042974769230769226
-0.05277969230769231
-0.09387692307692307
-0.09909230769230769
-0.03775938461538462
0.05570030769230769
0.1314276923076923
0.19839323076923077
0.2157083076923077
0.21988061538461537
0.1883796923076923
0.1070196923076923
0.026911384615384615
-0.053614153846153846
-0.065088
-0.038176615384615385
0.02273907692307692
0.10389046153846154
0.13852061538461538
0.17481969230769231
0.17231630769230769
