-0.045060923076923075
0.006675692307692307
0.03984553846153846
0.058829538461538454
0.073224
0.09053907692307692
0.12725538461538463
0.12767261538461538
0.078648
0.0014603076923076922
-0.065088
-0.08073415384615384
-0.05528307692307692
-0.017940923076923077
-0.0006258461538461538
0.002086153846153846
0.006049846153846154
0.03045784615384615
0.05570030769230769
0.04047138461538462
-0.016272
-0.08699261538461538
-0.11724184615384614
-0.09533723076923077
-0.05194523076923077
-0.021070153846153846
-0.010013538461538461
0.003129230769230769
0.029414769230769227
0.06800861538461538
0.08010830769230769
0.05069353846153846
-0.006467076923076923
-0.055491692307692304
-0.061750153846153844
-0.03629907692307692
0.008761846153846153
0.03483876923076923
0.06821723076923077
0.11557292307692307
0.15896492307692306
0.20486030769230767
0.1842073846153846
0.11953661538461538
0.042557538461538466
-0.004172307692307692
0.008136
0.02315630769230769
0.04902461538461538
0.06613107692307692
0.07635323076923077
0.10681107692307691
0.14018953846153845
0.1504116923076923
0.10576799999999999
0.042557538461538466
-0.0002086153846153846
-0.008136
0.032544
0.06884307692307692
0.07238953846153846
0.06425353846153846
0.06383630769230769
0.08699261538461538
0.09325107692307691
0.06341907692307691
0.016897846153846156
-0.03150092307692308
-0.051528
-0.021696
0.02315630769230769
0.05716061538461538
0.07426707692307692
0.08156861538461539
0.100344
0.09867507692307692
0.07280676923076923
0.009596307692307692
-0.06592246153846154
-0.08636676923076922
-0.06404492307692307
-0.02357353846153846
-0.006675692307692307
-0.003755076923076923
-0.003755076923076923
0.005632615384615384
0.04401784615384615
0.055491692307692304
0.04693846153846153
-0.005841230769230769
-0.06633969230769231
-0.054657230769230764
-0.04088861538461538
-0.031918153846153846
-0.03921969230769231
-0.05090215384615384
-0.04860738461538461
-0.05674338461538461
-0.03692492307692308
-0.03880246153846154
-0.07927384615384615
-0.11160923076923077
-0.12433476923076923
-0.08761846153846153
-0.06070707692307692
-0.05611753846153846
-0.050067692307692306
-0.06446215384615385
-0.015646153846153844
0.034630153846153845
0.028788923076923077
-0.0029206153846153843
-0.08657538461538461
-0.14144123076923076
-0.15833907692307692
-0.14561353846153846
-0.11807630769230769
-0.11411261538461538
-0.0974233846153846
-0.06529661538461538
-0.005841230769230769
0.038176615384615385
0.03629907692307692
-0.005841230769230769
-0.06967753846153846
-0.09053907692307692
-0.07092923076923077
-0.02795446153846154
-0.007510153846153846
-0.018358153846153843
-0.012516923076923077
0.007301538461538462
0.04547815384615384
0.07614461538461538
0.07051199999999999
0.05674338461538461
0.05319692307692307
0.07510153846153846
0.103056
0.10055261538461538
0.08094276923076923
0.05111076923076923
0.052153846153846155
0.09429415384615383
0.12496061538461539
0.13038461538461538
0.09596307692307693
0.052153846153846155
0.026702769230769228
0.01710646153846154
0.046104
0.06195876923076923
0.056951999999999996
0.08094276923076923
0.11849353846153846
0.15166338461538462
0.14957723076923077
0.11640738461538462
0.07364123076923076
0.03713353846153846
0.029623384615384614
0.045895384615384616
0.05757784615384615
0.04965046153846154
0.06675692307692307
0.10180430769230768
0.13789476923076924
0.1612596923076923
0.1397723076923077
0.10076123076923077
0.06154153846153846
0.05653476923076922
0.086784
0.10722830769230769
0.10409907692307692
0.07259815384615384
0.05069353846153846
0.05507446153846154
0.06028984615384615
0.059664
0.04860738461538461
0.03921969230769231
0.0446436923076923
0.061124307692307686
0.07030338461538461
0.05757784615384615
0.017940923076923077
-0.010013538461538461
-0.006884307692307692
0.018358153846153843
0.042974769230769226
0.03755076923076923
0.029414769230769227
0.02273907692307692
0.01981846153846154
0.016063384615384615
0.0014603076923076922
-0.03150092307692308
-0.06321046153846153
-0.04422646153846154
-0.007510153846153846
0.016897846153846156
0.017523692307692306
-0.013560000000000001
-0.037967999999999995
-0.03609046153846154
-0.0033378461538461535
0.028788923076923077
0.010013538461538461
-0.03775938461538462
-0.07948246153846153
-0.09033046153846153
-0.07364123076923076
-0.051319384615384614
-0.03567323076923076
-0.038176615384615385
-0.03233538461538461
-0.008970461538461538
0.013560000000000001
0.006049846153846154
-0.04652123076923077
-0.11286092307692308
-0.1656406153846154
-0.17648861538461538
-0.15187199999999998
-0.12683815384615382
-0.11390399999999999
-0.09408553846153846
-0.05194523076923077
-0.035255999999999996
-0.04380923076923077
-0.08344615384615384
-0.14164984615384615
-0.17231630769230769
-0.18066092307692305
-0.12516923076923075
-0.054240000000000003
-0.0025033846153846152
0.049233230769230765
0.07802215384615384
0.0974233846153846
0.09241661538461539
0.04860738461538461
-0.024408000000000003
