-0.0855323076923077
-0.04756430769230769
-0.0006258461538461538
0.051528
0.11223507692307692
0.15270646153846154
0.13893784615384613
0.07843938461538462
-0.0077187692307692304
-0.053405538461538456
-0.04214030769230769
-0.00855323076923077
0.03692492307692308
0.0717636923076923
0.10493353846153847
0.14185846153846154
0.17419384615384614
0.18212123076923076
0.12955015384615384
0.04985907692307692
-0.0029206153846153843
-0.023990769230769232
-0.012934153846153845
0.015646153846153844
0.04172307692307692
0.07238953846153846
0.111192
0.16230276923076925
0.18775384615384613
0.15395815384615386
0.06654830769230768
-0.037342153846153844
-0.10430769230769231
-0.119328
-0.092208
-0.07426707692307692
-0.061124307692307686
-0.03483876923076923
-0.01668923076923077
0.008970461538461538
-0.0043809230769230765
-0.05611753846153846
-0.11286092307692308
-0.1691870769230769
-0.16021661538461537
-0.12016246153846154
-0.09053907692307692
-0.05820369230769231
-0.030875076923076922
0.006675692307692307
0.0446436923076923
0.07092923076923077
0.06425353846153846
0.005424
-0.07301538461538462
-0.12934153846153845
-0.1341396923076923
-0.1097316923076923
-0.08344615384615384
-0.05069353846153846
-0.010013538461538461
0.061124307692307686
0.12996738461538462
0.15541846153846153
0.119328
0.03629907692307692
-0.02586830769230769
-0.06613107692307692
-0.07593599999999999
-0.06842584615384616
-0.06028984615384615
-0.020027076923076922
0.03108369230769231
0.09012184615384615
0.12808984615384614
0.10868861538461538
0.04839876923076923
-0.03692492307692308
-0.08365476923076923
-0.09429415384615383
-0.0936683076923077
-0.06487938461538462
-0.04526953846153846
-0.0077187692307692304
0.05048492307692308
0.09658892307692307
0.11202646153846153
0.07572738461538461
0.029623384615384614
-0.015437538461538461
-0.03212676923076923
-0.025659692307692307
-0.02899753846153846
-0.031709538461538456
-0.02232184615384615
0.021904615384615383
0.06654830769230768
0.0897046153846154
0.07051199999999999
0.012308307692307691
-0.038176615384615385
-0.058829538461538454
-0.0448523076923077
-0.03129230769230769
-0.01814953846153846
0.015854769230769228
0.058412307692307694
0.11432123076923076
0.15646153846153846
0.14290153846153844
0.09867507692307692
0.03483876923076923
-0.01814953846153846
-0.028371692307692306
-0.029832
-0.027745846153846152
-0.021487384615384613
0.0070929230769230765
0.06195876923076923
0.11640738461538462
0.14269292307692305
0.11202646153846153
0.05194523076923077
-0.005424
-0.019609846153846155
-0.011473846153846154
-0.0077187692307692304
-0.010848
-0.025033846153846153
-0.0006258461538461538
0.030875076923076922
0.042557538461538466
0.028788923076923077
-0.01668923076923077
-0.0609156923076923
-0.07948246153846153
-0.06195876923076923
-0.03567323076923076
-0.016272
0.0
0.02795446153846154
0.07155507692307693
0.1045163076923077
0.10055261538461538
0.04902461538461538
-0.017940923076923077
-0.05507446153846154
-0.06154153846153846
-0.04276615384615385
-0.00855323076923077
0.004172307692307692
0.02023569230769231
0.0609156923076923
0.10722830769230769
0.13810338461538463
0.11348676923076922
0.05298830769230769
0.0016689230769230767
-0.014185846153846153
0.006884307692307692
0.022530461538461537
0.03275261538461539
0.032544
0.042974769230769226
0.08135999999999999
0.11181784615384616
0.12850707692307692
0.09512861538461538
0.03942830769230769
0.002086153846153846
-0.01940123076923077
-0.01272553846153846
-0.006258461538461538
-0.004589538461538461
0.019192615384615384
0.054657230769230764
0.0963803076923077
0.111192
0.07927384615384615
0.02795446153846154
-0.03129230769230769
-0.05444861538461539
-0.03942830769230769
-0.014185846153846153
0.0022947692307692304
0.009179076923076922
0.040679999999999994
0.08219446153846154
0.10931446153846153
0.09137353846153846
0.041514461538461535
-0.0012516923076923076
-0.026702769230769228
-0.01272553846153846
0.004798153846153846
0.01981846153846154
0.041514461538461535
0.04902461538461538
0.07531015384615385
0.09992676923076924
0.09909230769230769
0.06946892307692307
0.0043809230769230765
-0.04172307692307692
-0.05924676923076923
-0.05507446153846154
-0.03963692307692308
-0.042557538461538466
-0.03337846153846154
-0.016480615384615385
0.01043076923076923
0.04714707692307692
0.05027630769230769
0.02899753846153846
0.0008344615384615384
0.002086153846153846
0.02545107692307692
0.030040615384615384
0.028163076923076923
0.009804923076923077
-0.002712
0.003755076923076923
-0.0008344615384615384
-0.011056615384615385
-0.03609046153846154
-0.06049846153846154
-0.05048492307692308
-0.02586830769230769
0.0016689230769230767
0.01710646153846154
0.019609846153846155
0.03442153846153846
0.06049846153846154
0.09971815384615385
0.10868861538461538
0.06049846153846154
-0.003963692307692307
-0.047772923076923074
-0.05194523076923077
-0.029623384615384614
-0.009804923076923077
-0.01272553846153846
-0.023364923076923075
-0.02753723076923077
