-0.03921969230769231
-0.04568676923076923
-0.01856676923076923
0.015437538461538461
0.024199384615384616
0.04318338461538461
0.09095630769230768
0.12996738461538462
0.1287156923076923
0.08824430769230769
0.043600615384615383
0.02273907692307692
0.03942830769230769
0.09095630769230768
0.12704676923076924
0.12558646153846154
0.13226215384615383
0.1424843076923077
0.15562707692307692
0.14832553846153845
0.0855323076923077
0.027120000000000002
-0.023990769230769232
-0.03921969230769231
-0.0070929230769230765
0.02211323076923077
0.058412307692307694
0.07614461538461538
0.09283384615384616
0.12996738461538462
0.13226215384615383
0.09429415384615383
0.0448523076923077
0.0012516923076923076
-0.013768615384615384
-0.006049846153846154
0.021278769230769233
0.04526953846153846
0.026911384615384615
0.030040615384615384
0.0448523076923077
0.04401784615384615
0.03358707692307692
-0.010013538461538461
-0.03421292307692308
-0.040679999999999994
-0.008970461538461538
0.0448523076923077
0.073224
0.07030338461538461
0.037967999999999995
0.03984553846153846
0.051319384615384614
0.05027630769230769
0.045895384615384616
0.013351384615384614
-0.006258461538461538
0.0006258461538461538
0.005215384615384615
0.01710646153846154
-0.006884307692307692
-0.04985907692307692
-0.05924676923076923
-0.059038153846153844
-0.02357353846153846
-0.006675692307692307
-0.01814953846153846
-0.02357353846153846
-0.026494153846153844
0.0006258461538461538
0.004798153846153846
-0.003755076923076923
-0.03296123076923077
-0.06279323076923077
-0.04756430769230769
-0.018358153846153843
0.004589538461538461
-0.002086153846153846
-0.009179076923076922
-0.006049846153846154
0.00855323076923077
0.02273907692307692
0.011265230769230769
-0.03421292307692308
-0.09095630769230768
-0.130176
-0.12266584615384615
-0.09304246153846155
-0.08198584615384615
-0.04380923076923077
-0.01043076923076923
0.026494153846153844
0.05611753846153846
0.05069353846153846
0.012934153846153845
-0.0678
-0.11891076923076922
-0.13247076923076923
-0.10952307692307692
-0.06884307692307692
-0.03692492307692308
-0.006258461538461538
0.026494153846153844
0.06946892307692307
0.10222153846153846
0.09283384615384616
0.037342153846153844
-0.023782153846153845
-0.06362769230769232
-0.06425353846153846
-0.03838523076923077
-0.003755076923076923
0.03609046153846154
0.0744756923076923
0.1097316923076923
0.12224861538461537
0.11870215384615385
0.08761846153846153
0.03212676923076923
-0.0033378461538461535
-0.009179076923076922
0.011682461538461537
0.03921969230769231
0.06341907692307691
0.08824430769230769
0.1097316923076923
0.12975876923076923
0.13455692307692307
0.08761846153846153
-0.007927384615384614
-0.09450276923076922
-0.10952307692307692
-0.06633969230769231
-0.004798153846153846
0.07218092307692307
0.12245723076923076
0.14436184615384615
0.14916
0.14728246153846153
0.11828492307692307
0.03609046153846154
-0.04109723076923077
-0.0880356923076923
-0.06759138461538462
-0.003963692307692307
0.05173661538461538
0.10389046153846154
0.1314276923076923
0.14957723076923077
0.14916
0.11494707692307692
0.048816000000000005
-0.04714707692307692
-0.11974523076923077
-0.1356
-0.092208
-0.03379569230769231
0.006258461538461538
0.04088861538461538
0.06821723076923077
0.09095630769230768
0.08866153846153846
0.03942830769230769
-0.051528
-0.14060676923076923
-0.1787833846153846
-0.16418030769230768
-0.10931446153846153
-0.05069353846153846
-0.004798153846153846
0.031918153846153846
0.04130584615384615
0.04526953846153846
0.02232184615384615
-0.05507446153846154
-0.12683815384615382
-0.17294215384615383
-0.1712732307692308
-0.12496061538461539
-0.06905169230769231
0.004589538461538461
0.05528307692307692
0.09012184615384615
0.11870215384615385
0.11473846153846154
0.07051199999999999
-0.02044430769230769
-0.0936683076923077
-0.13351384615384615
-0.1218313846153846
-0.06216738461538462
-0.002086153846153846
0.05382276923076923
0.078648
0.0936683076923077
0.0892873846153846
0.05090215384615384
-0.01043076923076923
-0.08094276923076923
-0.11286092307692308
-0.09575446153846154
-0.03337846153846154
0.034630153846153845
0.08240307692307691
0.1045163076923077
0.10597661538461538
0.1070196923076923
0.08949599999999999
0.05298830769230769
-0.009596307692307692
-0.06967753846153846
-0.073224
-0.03567323076923076
0.015854769230769228
0.06300184615384616
0.10201292307692307
0.12934153846153845
0.14102399999999998
0.13643446153846153
0.09158215384615384
0.02482523076923077
-0.03963692307692308
-0.08615815384615384
-0.08636676923076922
-0.05611753846153846
-0.021904615384615383
0.0070929230769230765
0.03275261538461539
0.07113784615384615
0.10117846153846152
0.09596307692307693
0.056951999999999996
-0.010013538461538461
-0.065088
-0.09596307692307693
-0.08761846153846153
-0.06571384615384615
-0.045060923076923075
-0.010013538461538461
0.02545107692307692
0.0771876923076923
0.09930092307692308
0.07677046153846154
0.019609846153846155
