0.011891076923076923
0.03108369230769231
0.06675692307692307
0.0717636923076923
0.0446436923076923
0.016897846153846156
-0.014811692307692307
-0.015437538461538461
-0.016897846153846156
-0.016480615384615385
-0.012516923076923077
-0.0008344615384615384
0.05090215384615384
0.09325107692307691
0.13184492307692308
0.13998092307692306
0.10263876923076923
0.06300184615384616
0.03421292307692308
0.03233538461538461
0.021278769230769233
0.0043809230769230765
0.002086153846153846
0.022530461538461537
0.058412307692307694
0.08574092307692306
0.09658892307692307
0.06946892307692307
0.03212676923076923
0.009387692307692307
0.011891076923076923
0.025033846153846153
0.02044430769230769
0.017940923076923077
0.03901107692307692
0.07739630769230768
0.11870215384615385
0.13810338461538463
0.11452984615384615
0.06383630769230769
-0.003129230769230769
-0.03650769230769231
-0.03066646153846154
-0.023782153846153845
-0.005215384615384615
0.013560000000000001
0.06133292307692308
0.12537784615384615
0.15187199999999998
0.1489513846153846
0.10994030769230768
0.052153846153846155
0.027120000000000002
0.021278769230769233
0.0029206153846153843
-0.021070153846153846
-0.04568676923076923
-0.056951999999999996
-0.03379569230769231
0.006675692307692307
0.018983999999999997
-0.003755076923076923
-0.049233230769230765
-0.08782707692307692
-0.11035753846153845
-0.12788123076923075
-0.14060676923076923
-0.15103753846153847
-0.14060676923076923
-0.11682461538461539
-0.05590892307692308
-0.0077187692307692304
-0.02545107692307692
-0.08386338461538462
-0.1635544615384615
-0.18066092307692305
-0.18232984615384615
-0.1802436923076923
-0.1356
-0.1136953846153846
-0.07802215384615384
-0.047772923076923074
-0.019192615384615384
-0.002086153846153846
-0.056951999999999996
-0.09804923076923076
-0.12037107692307693
-0.10430769230769231
-0.03984553846153846
-0.01668923076923077
-0.013142769230769229
-0.014603076923076923
-0.0012516923076923076
0.03024923076923077
0.03880246153846154
0.02273907692307692
-0.02545107692307692
-0.05236246153846154
-0.04693846153846153
-0.027328615384615382
-0.005841230769230769
-0.014811692307692307
-0.018358153846153843
-0.01043076923076923
0.024408000000000003
0.06946892307692307
0.08615815384615384
0.08991323076923076
0.06133292307692308
0.049233230769230765
0.07259815384615384
0.06821723076923077
0.058412307692307694
0.040262769230769234
0.035464615384615386
0.07489292307692308
0.12329169230769231
0.15938215384615384
0.12120553846153845
0.058412307692307694
0.040679999999999994
0.04944184615384615
0.07843938461538462
0.09930092307692308
0.11181784615384616
0.10639384615384614
0.10430769230769231
0.11724184615384614
0.11807630769230769
0.09909230769230769
0.06884307692307692
0.05236246153846154
0.051319384615384614
0.06675692307692307
0.07760492307692309
0.05048492307692308
-0.0002086153846153846
-0.027328615384615382
-0.015020307692307692
0.02545107692307692
0.061124307692307686
0.0609156923076923
0.035464615384615386
0.023990769230769232
0.03650769230769231
0.040054153846153843
0.03379569230769231
-0.016272
-0.07572738461538461
-0.08156861538461539
-0.051319384615384614
0.005841230769230769
0.04088861538461538
0.047772923076923074
0.03296123076923077
0.02023569230769231
0.026702769230769228
0.004589538461538461
-0.042557538461538466
-0.09408553846153846
-0.1218313846153846
-0.10243015384615384
-0.05757784615384615
-0.021070153846153846
-0.015228923076923076
-0.023990769230769232
-0.018358153846153843
-0.003755076923076923
0.0050067692307692304
-0.02586830769230769
-0.09533723076923077
-0.16021661538461537
-0.184416
-0.1462393846153846
-0.10201292307692307
-0.07197230769230768
-0.04714707692307692
-0.018775384615384614
0.033169846153846154
0.07364123076923076
0.07551876923076924
0.006675692307692307
-0.0897046153846154
-0.1395636923076923
-0.13747753846153846
-0.08949599999999999
-0.04214030769230769
-0.0070929230769230765
0.006049846153846154
0.008136
0.03024923076923077
0.02524246153846154
-0.006258461538461538
-0.06529661538461538
-0.11411261538461538
-0.10889723076923077
-0.07405846153846153
-0.007301538461538462
0.03692492307692308
0.051528
0.06404492307692307
0.07218092307692307
0.08594953846153845
0.04714707692307692
-0.031918153846153846
-0.11640738461538462
-0.17481969230769231
-0.14665661538461539
-0.08699261538461538
-0.011265230769230769
0.047772923076923074
0.078648
0.1218313846153846
0.13226215384615383
0.12558646153846154
0.06571384615384615
-0.03045784615384615
-0.08845292307692308
-0.11849353846153846
-0.07551876923076924
-0.015646153846153844
0.03713353846153846
0.09074769230769231
0.11327815384615383
0.15562707692307692
0.1792006153846154
0.16751815384615384
0.11181784615384616
0.021070153846153846
-0.03504738461538461
-0.05528307692307692
-0.022947692307692308
0.01814953846153846
0.029414769230769227
0.04860738461538461
0.0826116923076923
0.12850707692307692
0.1287156923076923
0.08323753846153846
0.03629907692307692
-0.011265230769230769
-0.009596307692307692
0.03567323076923076
0.0961716923076923
