0.17565415384615385
0.1881710769230769
0.15541846153846153
0.08010830769230769
-0.011265230769230769
-0.061124307692307686
-0.06362769230769232
-0.03275261538461539
0.010639384615384617
0.059038153846153844
0.1045163076923077
0.12266584615384615
0.13455692307692307
0.12913292307692306
0.078648
-0.0004172307692307692
-0.07238953846153846
-0.10535076923076922
-0.08511507692307693
-0.03233538461538461
0.029623384615384614
0.07885661538461539
0.09721476923076922
0.09450276923076922
0.059038153846153844
-0.012099692307692308
-0.10409907692307692
-0.20423446153846153
-0.25951753846153847
-0.23531815384615382
-0.15124615384615384
-0.046104
0.04130584615384615
0.09700615384615385
0.12037107692307693
0.10514215384615383
0.04756430769230769
-0.04193169230769231
-0.13101046153846155
-0.1867107692307692
-0.18754523076923074
-0.14164984615384615
-0.06800861538461538
-0.010222153846153844
0.021070153846153846
0.05069353846153846
0.06529661538461538
0.07072061538461538
0.035464615384615386
-0.03692492307692308
-0.08907876923076924
-0.10743692307692307
-0.08010830769230769
-0.02482523076923077
0.023990769230769232
0.065088
0.092208
0.10827138461538462
0.10931446153846153
0.08240307692307691
0.03379569230769231
-0.031709538461538456
-0.07489292307692308
-0.07092923076923077
-0.017523692307692306
0.04526953846153846
0.09283384615384616
0.14728246153846153
0.192552
0.23093723076923076
0.22634769230769228
0.16230276923076925
0.06821723076923077
-0.022947692307692308
-0.05444861538461539
-0.03901107692307692
-0.002712
0.04214030769230769
0.07510153846153846
0.09784061538461537
0.1205796923076923
0.12099692307692309
0.07885661538461539
0.007301538461538462
-0.07238953846153846
-0.0974233846153846
-0.06884307692307692
-0.026076923076923077
0.004589538461538461
0.014185846153846153
0.014811692307692307
0.014394461538461538
0.03692492307692308
0.042348923076923076
0.015854769230769228
-0.03713353846153846
-0.09387692307692307
-0.10889723076923077
-0.10055261538461538
-0.08428061538461538
-0.06654830769230768
-0.03379569230769231
0.009804923076923077
0.04756430769230769
0.07134646153846153
0.06028984615384615
0.009387692307692307
-0.055491692307692304
-0.08761846153846153
-0.07092923076923077
-0.04214030769230769
-0.01668923076923077
0.0022947692307692304
-0.0014603076923076922
-0.002712
-0.013560000000000001
-0.05924676923076923
-0.12120553846153845
-0.1802436923076923
-0.2075723076923077
-0.18983999999999998
-0.1353913846153846
-0.07885661538461539
-0.04422646153846154
-0.018775384615384614
0.009179076923076922
0.046104
0.06633969230769231
0.0446436923076923
-0.017940923076923077
-0.0826116923076923
-0.10159569230769232
-0.07948246153846153
-0.04819015384615385
-0.03609046153846154
-0.022530461538461537
0.017315076923076923
0.08031692307692308
0.1397723076923077
0.16188553846153847
0.1422756923076923
0.09387692307692307
0.052153846153846155
0.04652123076923077
0.06362769230769232
0.07364123076923076
0.08991323076923076
0.11494707692307692
0.15166338461538462
0.19338646153846153
0.19651569230769228
0.15124615384615384
0.07030338461538461
-0.0006258461538461538
-0.021904615384615383
-0.012099692307692308
0.0077187692307692304
0.018983999999999997
0.03066646153846154
0.05528307692307692
0.07572738461538461
0.0936683076923077
0.0717636923076923
0.01981846153846154
-0.024616615384615383
-0.05027630769230769
-0.03024923076923077
-0.0025033846153846152
0.007510153846153846
-0.003963692307692307
-0.013142769230769229
0.005215384615384615
0.026494153846153844
0.046104
0.032544
-0.02044430769230769
-0.06946892307692307
-0.08365476923076923
-0.059872615384615385
-0.04860738461538461
-0.04547815384615384
-0.02795446153846154
0.0022947692307692304
0.052153846153846155
0.07405846153846153
0.052571076923076915
-0.004589538461538461
-0.07781353846153846
-0.10263876923076923
-0.0936683076923077
-0.07405846153846153
-0.07113784615384615
-0.08010830769230769
-0.05820369230769231
-0.029414769230769227
0.027745846153846152
0.05528307692307692
0.021696
-0.016063384615384615
-0.05674338461538461
-0.06279323076923077
-0.04276615384615385
-0.016272
0.0
0.0018775384615384615
0.03400430769230769
0.07635323076923077
0.10555938461538462
0.09658892307692307
0.05736923076923077
0.03775938461538462
0.027328615384615382
0.040262769230769234
0.059872615384615385
0.07134646153846153
0.09533723076923077
0.10994030769230768
0.14540492307692307
0.17315076923076922
0.1635544615384615
0.10827138461538462
0.015020307692307692
-0.01940123076923077
-0.016063384615384615
0.003129230769230769
0.028163076923076923
0.049233230769230765
0.10889723076923077
0.15667015384615385
0.19317784615384614
0.20986707692307693
0.1656406153846154
0.09012184615384615
0.032544
0.02023569230769231
0.017732307692307693
0.015228923076923076
0.03024923076923077
0.05403138461538461
0.08887015384615385
0.12350030769230769
0.14749107692307692
0.13935507692307691
0.07405846153846153
