-0.11077476923076923
-0.15270646153846154
-0.13643446153846153
-0.09992676923076924
-0.04193169230769231
0.012308307692307691
0.06404492307692307
0.11682461538461539
0.14916
0.12934153846153845
0.05507446153846154
-0.023990769230769232
-0.07697907692307693
-0.06800861538461538
-0.02795446153846154
0.037967999999999995
0.10848000000000001
0.14331876923076922
0.17398523076923075
0.19463815384615382
0.17982646153846152
0.09596307692307693
-0.007927384615384614
-0.0798996923076923
-0.1097316923076923
-0.06258461538461538
0.019609846153846155
0.10848000000000001
0.1785747692307692
0.22113230769230768
0.2561796923076923
0.23531815384615382
0.16793538461538463
0.05945538461538461
-0.05528307692307692
-0.11056615384615384
-0.11578153846153846
-0.06946892307692307
-0.026702769230769228
0.011473846153846154
0.07927384615384615
0.12433476923076923
0.1506203076923077
0.14123261538461537
0.07614461538461538
-0.013142769230769229
-0.0855323076923077
-0.08469784615384615
-0.04047138461538462
0.0012516923076923076
0.04130584615384615
0.06863446153846153
0.09074769230769231
0.10430769230769231
0.09554584615384615
0.04756430769230769
-0.04568676923076923
-0.12204
-0.14665661538461539
-0.12600369230769232
-0.06654830769230768
0.011473846153846154
0.078648
0.119328
0.14999446153846155
0.15416676923076922
0.1136953846153846
0.011265230769230769
-0.10222153846153846
-0.15374953846153847
-0.14603076923076924
-0.07802215384615384
-0.01272553846153846
0.016272
0.019192615384615384
0.014603076923076923
0.031918153846153846
0.03650769230769231
0.008970461538461538
-0.052153846153846155
-0.1178676923076923
-0.14457046153846154
-0.12850707692307692
-0.07969107692307692
-0.029414769230769227
0.007927384615384614
0.04547815384615384
0.09095630769230768
0.13351384615384615
0.12704676923076924
0.06321046153846153
-0.015646153846153844
-0.06675692307692307
-0.06654830769230768
-0.041514461538461535
0.011682461538461537
0.06905169230769231
0.09846646153846153
0.1289243076923077
0.15124615384615384
0.1558356923076923
0.1207883076923077
0.06341907692307691
0.033169846153846154
0.023364923076923075
0.03859384615384615
0.056951999999999996
0.06863446153846153
0.07009476923076922
0.06696553846153847
0.09012184615384615
0.09137353846153846
0.07697907692307693
0.04109723076923077
-0.017315076923076923
-0.04109723076923077
-0.037967999999999995
0.004589538461538461
0.053405538461538456
0.06863446153846153
0.07384984615384615
0.08490646153846154
0.07906523076923076
0.03713353846153846
-0.010639384615384617
-0.06717415384615384
-0.11014892307692307
-0.10138707692307691
-0.05319692307692307
-0.011265230769230769
0.0
0.009387692307692307
0.037967999999999995
0.07510153846153846
0.09158215384615384
0.08073415384615384
0.04088861538461538
0.009387692307692307
0.013768615384615384
0.02858030769230769
0.04109723076923077
0.04276615384615385
0.053614153846153846
0.0717636923076923
0.0892873846153846
0.10347323076923076
0.09137353846153846
0.05090215384615384
0.0022947692307692304
-0.013768615384615384
0.006675692307692307
0.051528
0.08636676923076922
0.09116492307692307
0.08344615384615384
0.07155507692307693
0.07697907692307693
0.07197230769230768
0.037967999999999995
0.0012516923076923076
-0.030875076923076922
-0.03233538461538461
0.0025033846153846152
0.027745846153846152
0.03421292307692308
0.041514461538461535
0.04819015384615385
0.06446215384615385
0.07364123076923076
0.04860738461538461
-0.0016689230769230767
-0.05069353846153846
-0.05799507692307692
-0.03108369230769231
-0.005424
0.005632615384615384
0.0
0.0035464615384615383
0.020652923076923076
0.06049846153846154
0.09825784615384614
0.08636676923076922
0.04526953846153846
0.009596307692307692
-0.0008344615384615384
0.009804923076923077
0.024199384615384616
0.022947692307692308
0.02545107692307692
0.050067692307692306
0.08866153846153846
0.12913292307692306
0.12224861538461537
0.05945538461538461
-0.002086153846153846
-0.04088861538461538
-0.037342153846153844
-0.007510153846153846
0.0
0.014603076923076923
0.033169846153846154
0.06216738461538462
0.09846646153846153
0.09158215384615384
0.055491692307692304
0.011891076923076923
-0.014811692307692307
-0.009387692307692307
0.010222153846153844
0.011265230769230769
-0.012516923076923077
-0.031918153846153846
-0.027120000000000002
0.003755076923076923
0.040054153846153843
0.0448523076923077
0.012099692307692308
-0.020652923076923076
-0.043392
-0.05799507692307692
-0.07197230769230768
-0.09804923076923076
-0.119328
-0.12016246153846154
-0.07593599999999999
-0.013560000000000001
0.017315076923076923
0.010848
-0.016063384615384615
-0.027745846153846152
-0.027120000000000002
-0.031709538461538456
-0.048816000000000005
-0.06696553846153847
-0.06863446153846153
-0.04109723076923077
0.015854769230769228
0.055491692307692304
0.049233230769230765
0.008136
-0.04276615384615385
-0.062376
-0.04130584615384615
-0.013142769230769229
