-0.02211323076923077
-0.018983999999999997
-0.01043076923076923
-0.006884307692307692
0.010639384615384617
0.04714707692307692
0.08782707692307692
0.09575446153846154
0.05090215384615384
-0.019609846153846155
-0.07593599999999999
-0.09179076923076923
-0.06717415384615384
-0.03024923076923077
-0.006884307692307692
0.01940123076923077
0.06279323076923077
0.10597661538461538
0.1356
0.12370892307692308
0.06446215384615385
0.004589538461538461
-0.013560000000000001
-0.011265230769230769
-0.011473846153846154
-0.021696
-0.02753723076923077
-0.0008344615384615384
0.03901107692307692
0.08490646153846154
0.11578153846153846
0.09554584615384615
0.05090215384615384
0.006467076923076923
-0.011265230769230769
-0.005841230769230769
-0.022530461538461537
-0.02753723076923077
-0.018358153846153843
0.022947692307692308
0.08615815384615384
0.12120553846153845
0.11599015384615384
0.045895384615384616
-0.021070153846153846
-0.05716061538461538
-0.06487938461538462
-0.04547815384615384
-0.04109723076923077
-0.025659692307692307
0.005841230769230769
0.05069353846153846
0.0974233846153846
0.08469784615384615
0.034630153846153845
-0.02211323076923077
-0.04839876923076923
-0.03379569230769231
-0.026285538461538457
-0.0043809230769230765
0.008344615384615384
0.017732307692307693
0.05444861538461539
0.08574092307692306
0.10389046153846154
0.08010830769230769
0.026076923076923077
-0.0025033846153846152
0.005215384615384615
0.03296123076923077
0.04902461538461538
0.051528
0.061750153846153844
0.07259815384615384
0.10764553846153846
0.1353913846153846
0.12621230769230768
0.08636676923076922
0.020652923076923076
-0.008136
-0.016480615384615385
-0.014811692307692307
-0.025659692307692307
-0.050067692307692306
-0.037342153846153844
-0.007510153846153846
0.04547815384615384
0.07218092307692307
0.056951999999999996
0.027745846153846152
-0.012099692307692308
-0.009804923076923077
0.0022947692307692304
0.0004172307692307692
-0.006675692307692307
-0.009179076923076922
0.017523692307692306
0.04652123076923077
0.07802215384615384
0.06300184615384616
-0.003963692307692307
-0.059038153846153844
-0.08907876923076924
-0.06383630769230769
-0.028163076923076923
-0.010013538461538461
0.0014603076923076922
0.0006258461538461538
0.029832
0.06049846153846154
0.0678
0.037342153846153844
-0.014603076923076923
-0.03400430769230769
-0.035255999999999996
-0.01856676923076923
-0.017940923076923077
-0.043392
-0.06467076923076923
-0.065088
-0.028371692307692306
0.008136
0.017315076923076923
0.013768615384615384
0.003755076923076923
0.012099692307692308
0.03483876923076923
0.037967999999999995
0.017940923076923077
-0.03024923076923077
-0.050067692307692306
-0.03442153846153846
-0.012099692307692308
0.006258461538461538
-0.006049846153846154
-0.012308307692307691
0.0002086153846153846
0.034630153846153845
0.0717636923076923
0.07781353846153846
0.05444861538461539
0.02545107692307692
0.02023569230769231
0.029414769230769227
0.04526953846153846
0.03504738461538461
0.0
-0.010848
0.010222153846153844
0.04172307692307692
0.06946892307692307
0.07009476923076922
0.04631261538461538
0.045060923076923075
0.06675692307692307
0.10493353846153847
0.13372246153846154
0.12829846153846153
0.12120553846153845
0.11891076923076922
0.12496061538461539
0.12704676923076924
0.09554584615384615
0.042348923076923076
0.012099692307692308
0.014811692307692307
0.03609046153846154
0.06216738461538462
0.06592246153846154
0.059872615384615385
0.059038153846153844
0.05528307692307692
0.05382276923076923
0.023364923076923075
-0.029206153846153847
-0.06988615384615385
-0.09596307692307693
-0.08115138461538463
-0.05653476923076922
-0.031918153846153846
-0.01981846153846154
-0.023364923076923075
-0.0012516923076923076
0.02357353846153846
0.04839876923076923
0.024408000000000003
-0.05528307692307692
-0.13038461538461538
-0.17023015384615386
-0.15792184615384616
-0.1314276923076923
-0.09971815384615385
-0.05757784615384615
-0.01856676923076923
0.024408000000000003
0.04568676923076923
0.015646153846153844
-0.04819015384615385
-0.11202646153846153
-0.138312
-0.12412615384615384
-0.08574092307692306
-0.04214030769230769
-0.019609846153846155
-0.004589538461538461
-0.0043809230769230765
-0.015020307692307692
-0.03400430769230769
-0.08219446153846154
-0.13351384615384615
-0.16063384615384615
-0.13226215384615383
-0.078648
-0.03212676923076923
0.005424
0.02545107692307692
0.06049846153846154
0.07969107692307692
0.07259815384615384
0.038176615384615385
-0.029832
-0.07489292307692308
-0.09909230769230769
-0.08115138461538463
-0.028163076923076923
0.017940923076923077
0.07009476923076922
0.10263876923076923
0.13226215384615383
0.15646153846153846
0.13309661538461537
0.06467076923076923
-0.023364923076923075
-0.06863446153846153
-0.058829538461538454
-0.026285538461538457
0.010639384615384617
0.05528307692307692
0.10138707692307691
0.13309661538461537
0.14081538461538462
0.10472492307692308
0.03483876923076923
-0.04380923076923077
