0.07823076923076923
0.012308307692307691
-0.07238953846153846
-0.14185846153846154
-0.1639716923076923
-0.13998092307692306
-0.09053907692307692
-0.025659692307692307
0.03337846153846154
0.07677046153846154
0.09158215384615384
0.0744756923076923
0.00855323076923077
-0.08594953846153845
-0.14978584615384616
-0.1779489230769231
-0.1504116923076923
-0.0853236923076923
-0.016480615384615385
0.04631261538461538
0.08907876923076924
0.13893784615384613
0.15833907692307692
0.12350030769230769
0.05090215384615384
-0.042557538461538466
-0.10076123076923077
-0.11411261538461538
-0.08240307692307691
-0.014394461538461538
0.058829538461538454
0.13330523076923076
0.1802436923076923
0.20632061538461538
0.19860184615384616
0.12934153846153845
0.03838523076923077
-0.06550523076923077
-0.11223507692307692
-0.09658892307692307
-0.06529661538461538
-0.012934153846153845
0.04172307692307692
0.10326461538461539
0.1422756923076923
0.14311015384615386
0.08323753846153846
-0.02795446153846154
-0.12162276923076921
-0.17273353846153844
-0.1476996923076923
-0.07280676923076923
0.012934153846153845
0.09179076923076923
0.12558646153846154
0.14144123076923076
0.13351384615384615
0.07218092307692307
-0.021070153846153846
-0.12037107692307693
-0.17982646153846152
-0.1860849230769231
-0.1506203076923077
-0.08094276923076923
-0.02273907692307692
0.01981846153846154
0.05611753846153846
0.08094276923076923
0.08219446153846154
0.02357353846153846
-0.054240000000000003
-0.12537784615384615
-0.1733593846153846
-0.1792006153846154
-0.1710646153846154
-0.14999446153846155
-0.11619876923076923
-0.05528307692307692
0.002086153846153846
0.035464615384615386
0.054240000000000003
0.024408000000000003
-0.032544
-0.09095630769230768
-0.10347323076923076
-0.05736923076923077
-0.01043076923076923
0.04193169230769231
0.09846646153846153
0.15187199999999998
0.17440246153846153
0.15541846153846153
0.09763200000000001
0.0022947692307692304
-0.05716061538461538
-0.07238953846153846
-0.051528
-0.008344615384615384
0.022947692307692308
0.06759138461538462
0.11432123076923076
0.14749107692307692
0.1666836923076923
0.1449876923076923
0.0853236923076923
0.012308307692307691
-0.03108369230769231
-0.028163076923076923
-0.012308307692307691
0.003963692307692307
0.016897846153846156
0.04047138461538462
0.07218092307692307
0.09429415384615383
0.09408553846153846
0.05236246153846154
0.0008344615384615384
-0.047772923076923074
-0.05507446153846154
-0.018358153846153843
0.0002086153846153846
0.028163076923076923
0.06321046153846153
0.11327815384615383
0.15187199999999998
0.16084246153846155
0.15354092307692307
0.07551876923076924
0.0006258461538461538
-0.05173661538461538
-0.08198584615384615
-0.059872615384615385
-0.04047138461538462
-0.021696
-0.004589538461538461
0.045895384615384616
0.08323753846153846
0.06592246153846154
0.031709538461538456
-0.040262769230769234
-0.08636676923076922
-0.10117846153846152
-0.09053907692307692
-0.06571384615384615
-0.06884307692307692
-0.052571076923076915
-0.034630153846153845
-0.009596307692307692
0.01043076923076923
-0.012099692307692308
-0.04547815384615384
-0.09387692307692307
-0.1136953846153846
-0.09658892307692307
-0.07677046153846154
-0.058412307692307694
-0.049233230769230765
-0.014185846153846153
0.02315630769230769
0.03421292307692308
0.03066646153846154
-0.006884307692307692
-0.06216738461538462
-0.10389046153846154
-0.10994030769230768
-0.08824430769230769
-0.06821723076923077
-0.05090215384615384
-0.04109723076923077
-0.005215384615384615
0.03567323076923076
0.03629907692307692
0.026702769230769228
-0.009804923076923077
-0.04526953846153846
-0.05319692307692307
-0.04693846153846153
-0.03400430769230769
-0.03421292307692308
-0.010013538461538461
0.027745846153846152
0.08094276923076923
0.12955015384615384
0.12350030769230769
0.0988836923076923
0.055491692307692304
0.03212676923076923
0.040054153846153843
0.06195876923076923
0.07238953846153846
0.04756430769230769
0.053614153846153846
0.08156861538461539
0.1314276923076923
0.1639716923076923
0.14582215384615385
0.12037107692307693
0.07656184615384615
0.06863446153846153
0.07051199999999999
0.05757784615384615
0.042348923076923076
0.016480615384615385
0.04985907692307692
0.08720123076923077
0.09825784615384614
0.0974233846153846
0.042974769230769226
0.0006258461538461538
-0.009387692307692307
-0.003755076923076923
0.014394461538461538
0.018358153846153843
0.027328615384615382
0.03129230769230769
0.058412307692307694
0.09283384615384616
0.0855323076923077
0.04526953846153846
-0.023782153846153845
-0.047772923076923074
-0.05611753846153846
-0.05799507692307692
-0.04902461538461538
-0.06321046153846153
-0.03671630769230769
-0.008136
0.03421292307692308
0.06884307692307692
0.048816000000000005
0.00855323076923077
-0.05507446153846154
-0.07927384615384615
-0.07384984615384615
-0.06675692307692307
-0.05236246153846154
-0.03379569230769231
0.006049846153846154
0.04714707692307692
0.09554584615384615
0.111192
0.06300184615384616
-0.0016689230769230767
