-0.0448523076923077
-0.010222153846153844
0.03838523076923077
0.09429415384615383
0.14018953846153845
0.11557292307692307
0.06613107692307692
0.007301538461538462
-0.024408000000000003
-0.0029206153846153843
0.004172307692307692
0.010013538461538461
0.0043809230769230765
0.006675692307692307
0.042974769230769226
0.07426707692307692
0.07531015384615385
0.029206153846153847
-0.03358707692307692
-0.05757784615384615
-0.029623384615384614
0.006884307692307692
0.03337846153846154
0.046104
0.04714707692307692
0.05778646153846154
0.07739630769230768
0.08991323076923076
0.06633969230769231
0.015646153846153844
-0.02482523076923077
-0.031918153846153846
0.0004172307692307692
0.051528
0.07614461538461538
0.08699261538461538
0.09971815384615385
0.11703323076923078
0.14081538461538462
0.11557292307692307
0.06362769230769232
0.0070929230769230765
-0.03775938461538462
-0.03045784615384615
-0.0014603076923076922
0.01940123076923077
0.017315076923076923
0.017315076923076923
0.042974769230769226
0.08031692307692308
0.10430769230769231
0.08386338461538462
0.037967999999999995
-0.013351384615384614
-0.045060923076923075
-0.042974769230769226
-0.044435076923076924
-0.04526953846153846
-0.037342153846153844
-0.014185846153846153
0.03024923076923077
0.06592246153846154
0.08469784615384615
0.06633969230769231
0.02273907692307692
0.0002086153846153846
-0.006467076923076923
0.011056615384615385
0.03692492307692308
0.03963692307692308
0.04819015384615385
0.06404492307692307
0.08115138461538463
0.07593599999999999
0.045895384615384616
0.019192615384615384
0.011891076923076923
0.03609046153846154
0.0771876923076923
0.11140061538461538
0.09846646153846153
0.06738276923076922
0.04088861538461538
0.027120000000000002
0.02232184615384615
0.0008344615384615384
-0.017940923076923077
-0.03108369230769231
-0.024199384615384616
-0.00855323076923077
0.007510153846153846
0.002086153846153846
-0.024199384615384616
-0.03024923076923077
-0.02044430769230769
0.016480615384615385
0.03045784615384615
0.015228923076923076
0.004172307692307692
-0.00855323076923077
0.008970461538461538
0.022947692307692308
0.014603076923076923
0.007301538461538462
-0.008136
-0.007927384615384614
0.013560000000000001
0.03400430769230769
0.04318338461538461
0.04318338461538461
0.05236246153846154
0.07468430769230769
0.10660246153846153
0.12099692307692309
0.09533723076923077
0.05298830769230769
0.01856676923076923
0.02545107692307692
0.047772923076923074
0.06258461538461538
0.08219446153846154
0.08949599999999999
0.11828492307692307
0.16334584615384617
0.1785747692307692
0.15792184615384616
0.09304246153846155
0.03880246153846154
0.025033846153846153
0.032544
0.06592246153846154
0.08824430769230769
0.09512861538461538
0.09283384615384616
0.08574092307692306
0.078648
0.05382276923076923
0.02273907692307692
-0.0077187692307692304
-0.013351384615384614
0.0050067692307692304
0.02524246153846154
0.040054153846153843
0.027745846153846152
0.01710646153846154
0.013351384615384614
0.011056615384615385
0.005841230769230769
-0.025659692307692307
-0.06884307692307692
-0.11953661538461538
-0.1353913846153846
-0.11202646153846153
-0.08094276923076923
-0.043600615384615383
-0.01814953846153846
0.018358153846153843
0.058829538461538454
0.07843938461538462
0.06258461538461538
-0.007927384615384614
-0.08615815384615384
-0.12162276923076921
-0.10681107692307691
-0.059872615384615385
-0.003963692307692307
0.04672984615384615
0.06842584615384616
0.07948246153846153
0.08636676923076922
0.05111076923076923
-0.011891076923076923
-0.06863446153846153
-0.0974233846153846
-0.08949599999999999
-0.05277969230769231
0.005215384615384615
0.05611753846153846
0.09033046153846153
0.12037107692307693
0.15208061538461537
0.14811692307692306
0.07927384615384615
-0.005215384615384615
-0.06967753846153846
-0.08094276923076923
-0.04714707692307692
-0.0043809230769230765
0.052153846153846155
0.09304246153846155
0.13038461538461538
0.15082892307692305
0.1476996923076923
0.12996738461538462
0.06800861538461538
-0.0016689230769230767
-0.06049846153846154
-0.06905169230769231
-0.03275261538461539
0.004589538461538461
0.03984553846153846
0.07238953846153846
0.11745046153846153
0.1462393846153846
0.13852061538461538
0.0826116923076923
-0.006049846153846154
-0.07656184615384615
-0.09700615384615385
-0.05298830769230769
0.009804923076923077
0.06362769230769232
0.0974233846153846
0.10764553846153846
0.11098338461538461
0.08907876923076924
0.03629907692307692
-0.04214030769230769
-0.10535076923076922
-0.12037107692307693
-0.10076123076923077
-0.049233230769230765
0.004589538461538461
0.027120000000000002
0.02753723076923077
0.02899753846153846
0.04214030769230769
0.035464615384615386
-0.006884307692307692
-0.0771876923076923
-0.15354092307692307
-0.1785747692307692
-0.16876984615384616
-0.15604430769230768
-0.138312
-0.10868861538461538
-0.05319692307692307
-0.0029206153846153843
0.026702769230769228
0.01668923076923077
-0.03650769230769231
-0.09721476923076922
-0.14206707692307693
-0.13622584615384614
