0.04756430769230769
0.07802215384615384
0.09491999999999999
0.07927384615384615
0.007510153846153846
-0.0678
-0.11098338461538461
-0.10639384615384614
-0.08615815384615384
-0.0828203076923077
-0.06675692307692307
-0.03609046153846154
0.009804923076923077
0.05528307692307692
0.08135999999999999
0.059038153846153844
-0.01043076923076923
-0.06487938461538462
-0.07760492307692309
-0.05048492307692308
-0.040054153846153843
-0.0448523076923077
-0.026702769230769228
-0.0029206153846153843
0.040679999999999994
0.06800861538461538
0.05277969230769231
0.01668923076923077
-0.03337846153846154
-0.03650769230769231
-0.0050067692307692304
0.02044430769230769
0.054240000000000003
0.06216738461538462
0.06279323076923077
0.07969107692307692
0.09325107692307691
0.09158215384615384
0.03692492307692308
-0.03275261538461539
-0.06759138461538462
-0.059872615384615385
-0.03129230769230769
-0.00855323076923077
0.007301538461538462
0.003129230769230769
0.01397723076923077
0.042974769230769226
0.06800861538461538
0.05277969230769231
0.0
-0.05048492307692308
-0.07364123076923076
-0.05403138461538461
-0.03567323076923076
-0.02899753846153846
-0.021278769230769233
-0.0077187692307692304
0.021904615384615383
0.05757784615384615
0.05799507692307692
0.02273907692307692
-0.021904615384615383
-0.06800861538461538
-0.06070707692307692
-0.03066646153846154
-0.015020307692307692
0.007510153846153846
0.009596307692307692
0.025033846153846153
0.053614153846153846
0.05611753846153846
0.040679999999999994
0.004589538461538461
-0.026702769230769228
-0.03880246153846154
-0.03442153846153846
-0.04318338461538461
-0.06300184615384616
-0.07906523076923076
-0.07802215384615384
-0.031918153846153846
0.006675692307692307
0.018983999999999997
-0.0002086153846153846
-0.040054153846153843
-0.052153846153846155
-0.06905169230769231
-0.07238953846153846
-0.0678
-0.08887015384615385
-0.06863446153846153
-0.022947692307692308
0.027745846153846152
0.05611753846153846
0.026076923076923077
-0.004798153846153846
-0.016480615384615385
-0.001043076923076923
0.009596307692307692
0.016063384615384615
0.03358707692307692
0.03692492307692308
0.04276615384615385
0.03483876923076923
0.01668923076923077
-0.012099692307692308
-0.04422646153846154
-0.07092923076923077
-0.0853236923076923
-0.06133292307692308
-0.04109723076923077
-0.022947692307692308
-0.017315076923076923
-0.018358153846153843
0.031709538461538456
0.07092923076923077
0.0717636923076923
0.03483876923076923
-0.020652923076923076
-0.03066646153846154
-0.024408000000000003
-0.013351384615384614
-0.029623384615384614
-0.06216738461538462
-0.06216738461538462
-0.05194523076923077
0.0043809230769230765
0.03150092307692308
0.008136
-0.0008344615384615384
-0.011265230769230769
0.02273907692307692
0.059664
0.07259815384615384
0.06195876923076923
0.021696
0.021904615384615383
0.04214030769230769
0.07614461538461538
0.08866153846153846
0.04172307692307692
0.006884307692307692
-0.010639384615384617
0.016480615384615385
0.05716061538461538
0.05674338461538461
0.04756430769230769
0.02357353846153846
0.02858030769230769
0.05111076923076923
0.06216738461538462
0.059872615384615385
0.026702769230769228
0.033169846153846154
0.05611753846153846
0.0853236923076923
0.11703323076923078
0.09241661538461539
0.05069353846153846
0.016063384615384615
0.03379569230769231
0.08031692307692308
0.09304246153846155
0.073224
0.042557538461538466
0.053614153846153846
0.06821723076923077
0.08845292307692308
0.092208
0.04902461538461538
0.024616615384615383
0.002712
0.018358153846153843
0.040054153846153843
0.027745846153846152
0.02482523076923077
0.005424
0.02023569230769231
0.047772923076923074
0.05444861538461539
0.046104
-0.012516923076923077
-0.048816000000000005
-0.04631261538461538
-0.03337846153846154
-0.0006258461538461538
0.02482523076923077
0.040262769230769234
0.028163076923076923
0.021278769230769233
0.027120000000000002
-0.005841230769230769
-0.05486584615384615
-0.10430769230769231
-0.10326461538461539
-0.07259815384615384
-0.04047138461538462
0.01043076923076923
0.0446436923076923
0.07823076923076923
0.09429415384615383
0.11056615384615384
0.08907876923076924
0.014811692307692307
-0.04944184615384615
-0.12767261538461538
-0.14477907692307693
-0.12683815384615382
-0.1205796923076923
-0.09575446153846154
-0.08386338461538462
-0.03609046153846154
0.010848
0.023364923076923075
0.01272553846153846
-0.05736923076923077
-0.09533723076923077
-0.11223507692307692
-0.10409907692307692
-0.061124307692307686
-0.053614153846153846
0.0029206153846153843
0.03921969230769231
0.05653476923076922
0.06759138461538462
0.018358153846153843
-0.01043076923076923
-0.0744756923076923
-0.103056
-0.065088
-0.021070153846153846
0.05382276923076923
0.09533723076923077
0.14749107692307692
0.19547261538461536
0.19839323076923077
0.18629353846153843
0.10597661538461538
0.01856676923076923
-0.04631261538461538
-0.06988615384615385
-0.027745846153846152
0.017940923076923077
