-0.053405538461538456
-0.07197230769230768
-0.06863446153846153
-0.035464615384615386
-0.005841230769230769
-0.0008344615384615384
-0.015854769230769228
-0.03150092307692308
-0.011891076923076923
0.03150092307692308
0.06049846153846154
0.05716061538461538
0.03275261538461539
0.029623384615384614
0.037342153846153844
0.025033846153846153
0.011265230769230769
-0.03275261538461539
-0.08991323076923076
-0.1097316923076923
-0.09408553846153846
-0.04860738461538461
-0.01043076923076923
-0.0008344615384615384
0.015646153846153844
0.044435076923076924
0.06133292307692308
0.04839876923076923
-0.015020307692307692
-0.08323753846153846
-0.11411261538461538
-0.09325107692307691
-0.03609046153846154
0.03483876923076923
0.0853236923076923
0.08761846153846153
0.09491999999999999
0.10514215384615383
0.0988836923076923
0.06195876923076923
0.0035464615384615383
-0.03963692307692308
-0.05736923076923077
-0.025033846153846153
0.025659692307692307
0.06195876923076923
0.06842584615384616
0.06467076923076923
0.086784
0.0934596923076923
0.06800861538461538
0.017315076923076923
-0.04672984615384615
-0.07969107692307692
-0.06362769230769232
-0.02357353846153846
0.016063384615384615
0.043600615384615383
0.051528
0.042348923076923076
0.03650769230769231
0.028788923076923077
-0.024616615384615383
-0.10201292307692307
-0.15354092307692307
-0.14477907692307693
-0.07656184615384615
-0.0008344615384615384
0.061750153846153844
0.09909230769230769
0.12788123076923075
0.15792184615384616
0.16084246153846155
0.1207883076923077
0.023990769230769232
-0.07885661538461539
-0.11557292307692307
-0.0880356923076923
-0.029206153846153847
0.043600615384615383
0.09763200000000001
0.12579507692307693
0.15103753846153847
0.1597993846153846
0.13309661538461537
0.07948246153846153
0.006675692307692307
-0.06133292307692308
-0.06592246153846154
-0.015020307692307692
0.04214030769230769
0.0934596923076923
0.10514215384615383
0.1151556923076923
0.13852061538461538
0.11974523076923077
0.08574092307692306
0.01814953846153846
-0.06133292307692308
-0.09387692307692307
-0.06905169230769231
-0.004172307692307692
0.06341907692307691
0.1287156923076923
0.1704387692307692
0.19004861538461537
0.18337292307692307
0.143736
0.06592246153846154
-0.027328615384615382
-0.08115138461538463
-0.08636676923076922
-0.037967999999999995
0.024616615384615383
0.06425353846153846
0.08720123076923077
0.1028473846153846
0.11432123076923076
0.09700615384615385
0.031918153846153846
-0.05528307692307692
-0.12683815384615382
-0.1489513846153846
-0.103056
-0.037967999999999995
0.0025033846153846152
0.02211323076923077
0.04819015384615385
0.06654830769230768
0.054657230769230764
0.019609846153846155
-0.049233230769230765
-0.12266584615384615
-0.16793538461538463
-0.14477907692307693
-0.08344615384615384
-0.03024923076923077
0.03108369230769231
0.07948246153846153
0.124752
0.13852061538461538
0.10618523076923077
0.04047138461538462
-0.06446215384615385
-0.1151556923076923
-0.10347323076923076
-0.06154153846153846
-0.007301538461538462
0.021904615384615383
0.05277969230769231
0.07510153846153846
0.103056
0.09700615384615385
0.03713353846153846
-0.03108369230769231
-0.10222153846153846
-0.12454338461538461
-0.10055261538461538
-0.04547815384615384
0.0025033846153846152
0.026911384615384615
0.044435076923076924
0.05716061538461538
0.07843938461538462
0.06133292307692308
0.016480615384615385
-0.023364923076923075
-0.04652123076923077
-0.03024923076923077
0.005215384615384615
0.03942830769230769
0.06550523076923077
0.07197230769230768
0.100344
0.14957723076923077
0.16856123076923077
0.14582215384615385
0.07927384615384615
0.005424
-0.017523692307692306
0.003963692307692307
0.029414769230769227
0.04735569230769231
0.05674338461538461
0.08240307692307691
0.10681107692307691
0.10618523076923077
0.08699261538461538
0.03504738461538461
-0.019192615384615384
-0.05611753846153846
-0.06863446153846153
-0.05277969230769231
-0.038176615384615385
-0.028163076923076923
0.0077187692307692304
0.051319384615384614
0.07781353846153846
0.09095630769230768
0.05173661538461538
-0.02273907692307692
-0.07218092307692307
-0.09304246153846155
-0.0744756923076923
-0.03921969230769231
-0.022947692307692308
-0.006675692307692307
0.009179076923076922
0.040054153846153843
0.07092923076923077
0.05757784615384615
0.009179076923076922
-0.06154153846153846
-0.11432123076923076
-0.12725538461538463
-0.10743692307692307
-0.07969107692307692
-0.06154153846153846
-0.02482523076923077
0.02357353846153846
0.06279323076923077
0.07364123076923076
0.04714707692307692
-0.005424
-0.06028984615384615
-0.06696553846153847
-0.043600615384615383
-0.02858030769230769
-0.023782153846153845
-0.018983999999999997
0.03066646153846154
0.08615815384615384
0.11181784615384616
0.116616
0.059038153846153844
-0.008344615384615384
-0.03296123076923077
-0.035255999999999996
-0.01043076923076923
0.013142769230769229
0.04693846153846153
0.10117846153846152
0.1422756923076923
0.17711446153846155
