-0.12537784615384615
-0.16626646153846153
-0.16042523076923076
-0.10243015384615384
-0.031918153846153846
0.03275261538461539
0.07948246153846153
0.1314276923076923
0.1502030769230769
0.09930092307692308
0.029206153846153847
-0.04318338461538461
-0.086784
-0.09325107692307691
-0.06717415384615384
-0.007510153846153846
0.03400430769230769
0.06216738461538462
0.08720123076923077
0.09304246153846155
0.08386338461538462
0.032544
-0.03567323076923076
-0.08031692307692308
-0.08156861538461539
-0.03775938461538462
0.025033846153846153
0.10117846153846152
0.1635544615384615
0.21174461538461536
0.2292683076923077
0.20360861538461536
0.14457046153846154
0.053614153846153846
-0.02545107692307692
-0.06759138461538462
-0.051319384615384614
0.009596307692307692
0.08094276923076923
0.15479261538461536
0.20548615384615385
0.2453316923076923
0.24574892307692306
0.1783661538461538
0.0828203076923077
-0.023364923076923075
-0.09179076923076923
-0.10994030769230768
-0.08344615384615384
-0.015228923076923076
0.04318338461538461
0.08866153846153846
0.11807630769230769
0.124752
0.0936683076923077
-0.0002086153846153846
-0.09846646153846153
-0.1777403076923077
-0.21633415384615384
-0.1706473846153846
-0.09971815384615385
-0.009179076923076922
0.06404492307692307
0.1070196923076923
0.14749107692307692
0.1314276923076923
0.08156861538461539
-0.012934153846153845
-0.11056615384615384
-0.15354092307692307
-0.15520984615384617
-0.11473846153846154
-0.06133292307692308
-0.014603076923076923
0.02273907692307692
0.06258461538461538
0.08991323076923076
0.0855323076923077
0.03859384615384615
-0.04193169230769231
-0.10889723076923077
-0.12621230769230768
-0.10910584615384614
-0.07259815384615384
-0.014394461538461538
0.03921969230769231
0.09074769230769231
0.11849353846153846
0.10117846153846152
0.048816000000000005
-0.04318338461538461
-0.13434830769230768
-0.17502830769230768
-0.15938215384615384
-0.09679753846153846
-0.017523692307692306
0.046104
0.10576799999999999
0.15500123076923078
0.17982646153846152
0.15833907692307692
0.08135999999999999
-0.008970461538461538
-0.09450276923076922
-0.11348676923076922
-0.08198584615384615
-0.05653476923076922
-0.01272553846153846
0.02753723076923077
0.07948246153846153
0.1289243076923077
0.1435273846153846
0.12808984615384614
0.06696553846153847
0.003963692307692307
-0.03963692307692308
-0.05236246153846154
-0.03024923076923077
-0.00855323076923077
0.026494153846153844
0.05611753846153846
0.07489292307692308
0.09825784615384614
0.08073415384615384
0.021696
-0.042557538461538466
-0.08198584615384615
-0.08094276923076923
-0.05027630769230769
-0.008136
0.015646153846153844
0.04130584615384615
0.07614461538461538
0.10806276923076923
0.12704676923076924
0.07906523076923076
0.00855323076923077
-0.05653476923076922
-0.09909230769230769
-0.08740984615384616
-0.06800861538461538
-0.029414769230769227
0.016063384615384615
0.05444861538461539
0.10639384615384614
0.124752
0.09533723076923077
0.029414769230769227
-0.059664
-0.10368184615384615
-0.10201292307692307
-0.092208
-0.08198584615384615
-0.06759138461538462
-0.03671630769230769
0.0
0.041514461538461535
0.065088
0.054240000000000003
0.010222153846153844
-0.042557538461538466
-0.05716061538461538
-0.04860738461538461
-0.031918153846153846
-0.0070929230769230765
0.007510153846153846
0.042557538461538466
0.09304246153846155
0.11745046153846153
0.1151556923076923
0.07238953846153846
0.011891076923076923
-0.027745846153846152
-0.03400430769230769
-0.023990769230769232
-0.010013538461538461
0.005215384615384615
0.02211323076923077
0.05945538461538461
0.09158215384615384
0.0853236923076923
0.03921969230769231
-0.013560000000000001
-0.042348923076923076
-0.0448523076923077
-0.025659692307692307
-0.0012516923076923076
0.0012516923076923076
-0.0022947692307692304
0.021904615384615383
0.06279323076923077
0.09512861538461538
0.08469784615384615
0.040262769230769234
0.001043076923076923
-0.021696
-0.015228923076923076
0.0035464615384615383
0.011473846153846154
0.030040615384615384
0.07384984615384615
0.12308307692307692
0.16042523076923076
0.16105107692307694
0.11327815384615383
0.037967999999999995
-0.012934153846153845
-0.02232184615384615
-0.02023569230769231
-0.012516923076923077
-0.013142769230769229
0.0012516923076923076
0.046104
0.09158215384615384
0.11724184615384614
0.09158215384615384
0.02315630769230769
-0.03358707692307692
-0.059038153846153844
-0.04422646153846154
-0.02524246153846154
-0.02211323076923077
-0.005841230769230769
0.005841230769230769
0.04714707692307692
0.08490646153846154
0.0771876923076923
0.06070707692307692
0.021070153846153846
0.0050067692307692304
0.01397723076923077
0.028788923076923077
0.06070707692307692
0.052153846153846155
0.06529661538461538
0.10806276923076923
0.12725538461538463
0.13664307692307692
0.08720123076923077
0.034630153846153845
-0.009179076923076922
-0.05173661538461538
-0.03609046153846154
-0.03775938461538462
