0.01940123076923077
0.05799507692307692
0.09491999999999999
0.11432123076923076
0.13768615384615385
0.11807630769230769
0.04860738461538461
-0.03421292307692308
-0.08761846153846153
-0.08177723076923075
-0.04819015384615385
-0.003963692307692307
0.040054153846153843
0.07113784615384615
0.09033046153846153
0.092208
0.05757784615384615
-0.01668923076923077
-0.10222153846153846
-0.17315076923076922
-0.19296923076923078
-0.15228923076923076
-0.0974233846153846
-0.05277969230769231
-0.023364923076923075
0.010222153846153844
0.052153846153846155
0.07843938461538462
0.07238953846153846
0.011265230769230769
-0.04985907692307692
-0.07092923076923077
-0.06154153846153846
-0.03963692307692308
-0.035464615384615386
-0.027328615384615382
-0.02211323076923077
0.004798153846153846
0.051319384615384614
0.07614461538461538
0.08302892307692307
0.041514461538461535
0.009179076923076922
0.018983999999999997
0.04276615384615385
0.06675692307692307
0.06362769230769232
0.07092923076923077
0.0798996923076923
0.09596307692307693
0.1136953846153846
0.08448923076923077
0.04193169230769231
0.0022947692307692304
-0.005215384615384615
0.021487384615384613
0.041514461538461535
0.055491692307692304
0.06300184615384616
0.08240307692307691
0.10681107692307691
0.12579507692307693
0.119328
0.07405846153846153
0.027328615384615382
-0.0016689230769230767
0.01668923076923077
0.054240000000000003
0.056951999999999996
0.04526953846153846
0.03567323076923076
0.037967999999999995
0.06717415384615384
0.10117846153846152
0.10576799999999999
0.06571384615384615
0.015646153846153844
-0.0016689230769230767
0.005841230769230769
0.017315076923076923
0.016897846153846156
0.031709538461538456
0.059038153846153844
0.10055261538461538
0.14311015384615386
0.12850707692307692
0.07364123076923076
0.0018775384615384615
-0.040679999999999994
-0.03233538461538461
0.003755076923076923
0.026494153846153844
0.015020307692307692
0.02023569230769231
0.040054153846153843
0.08386338461538462
0.10076123076923077
0.05945538461538461
0.003755076923076923
-0.05486584615384615
-0.059872615384615385
-0.029414769230769227
0.003963692307692307
0.010848
0.0002086153846153846
0.019609846153846155
0.05277969230769231
0.0934596923076923
0.08177723076923075
0.03150092307692308
-0.026702769230769228
-0.08344615384615384
-0.0880356923076923
-0.07927384615384615
-0.05528307692307692
-0.02795446153846154
-0.008970461538461538
0.041514461538461535
0.09721476923076922
0.11891076923076922
0.06905169230769231
-0.02273907692307692
-0.08824430769230769
-0.11807630769230769
-0.11265230769230769
-0.09658892307692307
-0.07927384615384615
-0.05382276923076923
-0.03108369230769231
0.021070153846153846
0.07510153846153846
0.07364123076923076
0.02044430769230769
-0.04172307692307692
-0.061124307692307686
-0.06049846153846154
-0.029832
0.015854769230769228
0.02545107692307692
0.04172307692307692
0.06195876923076923
0.08344615384615384
0.08219446153846154
0.017940923076923077
-0.05048492307692308
-0.1028473846153846
-0.10889723076923077
-0.06571384615384615
-0.03129230769230769
-0.026285538461538457
-0.02545107692307692
0.004172307692307692
0.03358707692307692
0.04380923076923077
0.017940923076923077
-0.04631261538461538
-0.10430769230769231
-0.12037107692307693
-0.09804923076923076
-0.06362769230769232
-0.03442153846153846
-0.013142769230769229
0.006258461538461538
0.031709538461538456
0.042348923076923076
0.03233538461538461
-0.003963692307692307
-0.06154153846153846
-0.07489292307692308
-0.05799507692307692
-0.014185846153846153
0.014394461538461538
0.004589538461538461
0.021278769230769233
0.04944184615384615
0.08761846153846153
0.10576799999999999
0.09012184615384615
0.05111076923076923
0.0014603076923076922
-0.0077187692307692304
0.017523692307692306
0.046104
0.04714707692307692
0.021278769230769233
0.014603076923076923
0.016063384615384615
0.030875076923076922
0.03609046153846154
0.003755076923076923
-0.008136
-0.02273907692307692
-0.001043076923076923
0.04526953846153846
0.03755076923076923
0.02232184615384615
-0.012308307692307691
-0.020652923076923076
0.017315076923076923
0.037967999999999995
0.04985907692307692
0.03150092307692308
0.02232184615384615
0.03379569230769231
0.04547815384615384
0.06967753846153846
0.052153846153846155
0.025659692307692307
0.02315630769230769
0.034630153846153845
0.029623384615384614
0.003963692307692307
-0.0018775384615384615
-0.013560000000000001
-0.012308307692307691
-0.011265230769230769
-0.003129230769230769
0.010639384615384617
-0.025033846153846153
-0.052571076923076915
-0.03859384615384615
-0.0018775384615384615
0.026494153846153844
0.026285538461538457
0.015646153846153844
-0.0008344615384615384
-0.005841230769230769
-0.005215384615384615
-0.02753723076923077
-0.08031692307692308
-0.12808984615384614
-0.12642092307692307
-0.08615815384615384
-0.021696
0.023364923076923075
0.03296123076923077
0.03880246153846154
0.04631261538461538
0.06550523076923077
0.06633969230769231
0.025033846153846153
-0.023782153846153845
-0.06133292307692308
-0.07823076923076923
