-0.04819015384615385
-0.054657230769230764
-0.06446215384615385
-0.06633969230769231
-0.04193169230769231
-0.007927384615384614
0.021904615384615383
0.028788923076923077
0.009179076923076922
0.004798153846153846
0.014811692307692307
0.023364923076923075
0.0050067692307692304
-0.03567323076923076
-0.07051199999999999
-0.07280676923076923
-0.03984553846153846
-0.016063384615384615
-0.010639384615384617
-0.021904615384615383
-0.03671630769230769
-0.023364923076923075
0.014394461538461538
0.06446215384615385
0.07092923076923077
0.042557538461538466
0.03275261538461539
0.03379569230769231
0.04631261538461538
0.027745846153846152
-0.016480615384615385
-0.06592246153846154
-0.08887015384615385
-0.06487938461538462
-0.026076923076923077
0.021278769230769233
0.044435076923076924
0.06383630769230769
0.092208
0.12808984615384614
0.15270646153846154
0.12600369230769232
0.07614461538461538
0.03024923076923077
0.02044430769230769
0.03379569230769231
0.04568676923076923
0.05444861538461539
0.056326153846153845
0.07343261538461537
0.10827138461538462
0.14144123076923076
0.15166338461538462
0.124752
0.09053907692307692
0.07802215384615384
0.09074769230769231
0.11891076923076922
0.132888
0.12788123076923075
0.119328
0.12308307692307692
0.13935507692307691
0.13706030769230768
0.09387692307692307
0.028371692307692306
-0.026076923076923077
-0.04276615384615385
-0.006258461538461538
0.03400430769230769
0.05674338461538461
0.078648
0.08907876923076924
0.10493353846153847
0.09095630769230768
0.03755076923076923
-0.03379569230769231
-0.10660246153846153
-0.12955015384615384
-0.10493353846153847
-0.0446436923076923
0.0008344615384615384
-0.0016689230769230767
-0.0035464615384615383
-0.009596307692307692
-0.02023569230769231
-0.04839876923076923
-0.1136953846153846
-0.15833907692307692
-0.18253846153846154
-0.15562707692307692
-0.09179076923076923
-0.048816000000000005
-0.003129230769230769
0.02482523076923077
0.05945538461538461
0.08636676923076922
0.07280676923076923
0.03400430769230769
-0.05611753846153846
-0.13372246153846154
-0.16856123076923077
-0.17023015384615386
-0.12579507692307693
-0.06946892307692307
-0.007301538461538462
0.033169846153846154
0.07468430769230769
0.10430769230769231
0.07155507692307693
0.005841230769230769
-0.07656184615384615
-0.10743692307692307
-0.09095630769230768
-0.054657230769230764
0.017523692307692306
0.0678
0.1070196923076923
0.13476553846153844
0.14123261538461537
0.12621230769230768
0.05778646153846154
-0.009179076923076922
-0.05382276923076923
-0.04276615384615385
0.03045784615384615
0.100344
0.16271999999999998
0.18379015384615385
0.19964492307692308
0.21716861538461538
0.18253846153846154
0.11724184615384614
0.027120000000000002
-0.045895384615384616
-0.06717415384615384
-0.03942830769230769
0.020027076923076922
0.06341907692307691
0.08949599999999999
0.11286092307692308
0.14018953846153845
0.168144
0.1504116923076923
0.08490646153846154
0.00855323076923077
-0.0448523076923077
-0.04214030769230769
-0.008970461538461538
0.031918153846153846
0.07197230769230768
0.08824430769230769
0.11181784615384616
0.12642092307692307
0.10618523076923077
0.04819015384615385
-0.04380923076923077
-0.10931446153846153
-0.12558646153846154
-0.07781353846153846
-0.007510153846153846
0.04756430769230769
0.09429415384615383
0.11578153846153846
0.12767261538461538
0.11327815384615383
0.05736923076923077
-0.018358153846153843
-0.09325107692307691
-0.13643446153846153
-0.1218313846153846
-0.06946892307692307
-0.012308307692307691
0.02357353846153846
0.04088861538461538
0.07134646153846153
0.08866153846153846
0.06821723076923077
0.012516923076923077
-0.05069353846153846
-0.09408553846153846
-0.10493353846153847
-0.07802215384615384
-0.03775938461538462
0.007301538461538462
0.04756430769230769
0.09700615384615385
0.13893784615384613
0.14978584615384616
0.12683815384615382
0.06216738461538462
-0.008344615384615384
-0.04214030769230769
-0.022947692307692308
0.013560000000000001
0.04693846153846153
0.07969107692307692
0.119328
0.1639716923076923
0.18149538461538461
0.157296
0.09429415384615383
0.017315076923076923
-0.03358707692307692
-0.04631261538461538
-0.03588184615384615
-0.0002086153846153846
0.023782153846153845
0.03901107692307692
0.07510153846153846
0.092208
0.0897046153846154
0.04109723076923077
-0.018775384615384614
-0.05048492307692308
-0.06863446153846153
-0.037342153846153844
0.0025033846153846152
0.03421292307692308
0.04944184615384615
0.06154153846153846
0.09992676923076924
0.11974523076923077
0.10618523076923077
0.045060923076923075
-0.027120000000000002
-0.073224
-0.08782707692307692
-0.07343261538461537
-0.06216738461538462
-0.043600615384615383
-0.015020307692307692
0.03337846153846154
0.09012184615384615
0.09971815384615385
0.06362769230769232
-0.02023569230769231
-0.09471138461538461
-0.11619876923076923
-0.12558646153846154
-0.116616
-0.11306953846153844
-0.10243015384615384
-0.06946892307692307
