-0.010013538461538461
0.025033846153846153
0.05528307692307692
0.0609156923076923
0.030875076923076922
0.005215384615384615
0.021696
0.044435076923076924
0.049233230769230765
0.03755076923076923
0.027745846153846152
0.027328615384615382
0.04985907692307692
0.08720123076923077
0.10889723076923077
0.09512861538461538
0.05862092307692307
0.04109723076923077
0.03650769230769231
0.03588184615384615
0.04693846153846153
0.03567323076923076
0.013142769230769229
0.014603076923076923
0.028163076923076923
0.03692492307692308
-0.0022947692307692304
-0.052153846153846155
-0.06717415384615384
-0.06550523076923077
-0.02545107692307692
0.02482523076923077
0.04714707692307692
0.040054153846153843
0.040262769230769234
0.06383630769230769
0.07489292307692308
0.059872615384615385
0.023990769230769232
-0.008344615384615384
-0.02524246153846154
-0.018358153846153843
0.016063384615384615
0.026285538461538457
0.02482523076923077
0.03692492307692308
0.05799507692307692
0.08574092307692306
0.08177723076923075
0.04568676923076923
-0.02899753846153846
-0.07238953846153846
-0.06362769230769232
-0.061124307692307686
-0.027120000000000002
-0.003755076923076923
0.0025033846153846152
0.019609846153846155
0.025033846153846153
0.03108369230769231
-0.007510153846153846
-0.0855323076923077
-0.1435273846153846
-0.16271999999999998
-0.14874276923076923
-0.11557292307692307
-0.05319692307692307
-0.016272
0.003129230769230769
0.030040615384615384
0.040262769230769234
0.032544
-0.03984553846153846
-0.11056615384615384
-0.1368516923076923
-0.11703323076923078
-0.06446215384615385
-0.03337846153846154
0.013768615384615384
0.04088861538461538
0.07092923076923077
0.09930092307692308
0.07551876923076924
0.03150092307692308
-0.046104
-0.10430769230769231
-0.1097316923076923
-0.07843938461538462
-0.021904615384615383
0.03212676923076923
0.084072
0.13643446153846153
0.1775316923076923
0.18212123076923076
0.12788123076923075
0.03233538461538461
-0.05194523076923077
-0.10514215384615383
-0.11473846153846154
-0.08156861538461539
-0.024199384615384616
0.03150092307692308
0.07218092307692307
0.12016246153846154
0.14686523076923075
0.13747753846153846
0.07489292307692308
-0.010848
-0.06926030769230769
-0.09533723076923077
-0.061750153846153844
-0.006675692307692307
0.05069353846153846
0.10952307692307692
0.157296
0.17961784615384613
0.165432
0.10472492307692308
-0.01668923076923077
-0.12516923076923075
-0.18191261538461537
-0.17544553846153846
-0.12308307692307692
-0.065088
0.0002086153846153846
0.042348923076923076
0.059038153846153844
0.06300184615384616
0.028371692307692306
-0.04422646153846154
-0.13330523076923076
-0.19442953846153843
-0.20339999999999997
-0.17732307692307692
-0.11953661538461538
-0.05736923076923077
0.007510153846153846
0.06487938461538462
0.09867507692307692
0.10597661538461538
0.04944184615384615
-0.040262769230769234
-0.11870215384615385
-0.15604430769230768
-0.1353913846153846
-0.09158215384615384
-0.03504738461538461
0.021904615384615383
0.07781353846153846
0.1397723076923077
0.15646153846153846
0.11265230769230769
0.03275261538461539
-0.059664
-0.12537784615384615
-0.13601723076923075
-0.10493353846153847
-0.04693846153846153
0.011682461538461537
0.06258461538461538
0.11974523076923077
0.14457046153846154
0.13455692307692307
0.09325107692307691
0.02023569230769231
-0.04318338461538461
-0.07781353846153846
-0.06592246153846154
-0.025033846153846153
0.011265230769230769
0.03775938461538462
0.055491692307692304
0.08386338461538462
0.08845292307692308
0.05486584615384615
0.0029206153846153843
-0.05236246153846154
-0.065088
-0.03108369230769231
0.018983999999999997
0.061124307692307686
0.08177723076923075
0.09053907692307692
0.11327815384615383
0.124752
0.10514215384615383
0.05236246153846154
-0.020652923076923076
-0.06467076923076923
-0.06654830769230768
-0.042348923076923076
-0.021487384615384613
-0.011682461538461537
0.0008344615384615384
0.028163076923076923
0.07155507692307693
0.09658892307692307
0.08344615384615384
0.03421292307692308
-0.028163076923076923
-0.05298830769230769
-0.03775938461538462
-0.009804923076923077
0.0029206153846153843
0.008970461538461538
0.037967999999999995
0.06404492307692307
0.08115138461538463
0.08323753846153846
0.05507446153846154
0.01272553846153846
-0.01981846153846154
-0.0012516923076923076
0.045895384615384616
0.07635323076923077
0.0897046153846154
0.08386338461538462
0.09158215384615384
0.1151556923076923
0.111192
0.08240307692307691
0.031918153846153846
-0.018775384615384614
-0.0448523076923077
-0.05382276923076923
-0.05757784615384615
-0.06654830769230768
-0.06571384615384615
-0.03984553846153846
0.010639384615384617
0.06028984615384615
0.07697907692307693
0.06404492307692307
0.03379569230769231
0.014394461538461538
0.017523692307692306
0.02795446153846154
0.040054153846153843
0.03942830769230769
0.04214030769230769
0.056326153846153845
0.07343261538461537
0.07572738461538461
0.03942830769230769
