-0.16584923076923075
-0.11599015384615384
-0.05799507692307692
-0.006675692307692307
0.03275261538461539
0.06675692307692307
0.0828203076923077
0.05674338461538461
-0.0050067692307692304
-0.08574092307692306
-0.1476996923076923
-0.16730953846153845
-0.13893784615384613
-0.06821723076923077
0.0033378461538461535
0.06279323076923077
0.12120553846153845
0.15833907692307692
0.157296
0.11223507692307692
0.035464615384615386
-0.03483876923076923
-0.07927384615384615
-0.06675692307692307
-0.007927384615384614
0.046104
0.09763200000000001
0.1356
0.1558356923076923
0.16042523076923076
0.13622584615384614
0.07426707692307692
-0.003129230769230769
-0.044435076923076924
-0.06008123076923077
-0.043600615384615383
-0.0035464615384615383
0.027120000000000002
0.05298830769230769
0.07051199999999999
0.0853236923076923
0.07405846153846153
0.03942830769230769
-0.005841230769230769
-0.053614153846153846
-0.07051199999999999
-0.04214030769230769
0.011891076923076923
0.04902461538461538
0.05820369230769231
0.07218092307692307
0.08761846153846153
0.06592246153846154
0.02211323076923077
-0.03755076923076923
-0.10430769230769231
-0.13768615384615385
-0.12537784615384615
-0.07280676923076923
-0.018983999999999997
0.006675692307692307
0.03504738461538461
0.06487938461538462
0.078648
0.08949599999999999
0.06633969230769231
0.014394461538461538
-0.04130584615384615
-0.07781353846153846
-0.07259815384615384
-0.05653476923076922
-0.01940123076923077
0.019609846153846155
0.05736923076923077
0.09387692307692307
0.09971815384615385
0.08240307692307691
0.03400430769230769
0.006884307692307692
0.0077187692307692304
0.017315076923076923
0.03129230769230769
0.04088861538461538
0.06195876923076923
0.06842584615384616
0.08761846153846153
0.1207883076923077
0.12683815384615382
0.0961716923076923
0.03775938461538462
-0.0022947692307692304
-0.020652923076923076
-0.014185846153846153
0.0008344615384615384
-0.002086153846153846
-0.0002086153846153846
0.015854769230769228
0.04714707692307692
0.05653476923076922
0.02211323076923077
-0.026702769230769228
-0.08177723076923075
-0.11223507692307692
-0.09930092307692308
-0.07051199999999999
-0.03024923076923077
-0.005841230769230769
0.03045784615384615
0.0855323076923077
0.11286092307692308
0.09950953846153845
0.024616615384615383
-0.04860738461538461
-0.09262523076923077
-0.10222153846153846
-0.06258461538461538
-0.03650769230769231
-0.018775384615384614
0.019609846153846155
0.06446215384615385
0.11306953846153844
0.13059323076923077
0.0974233846153846
0.035464615384615386
-0.03129230769230769
-0.06258461538461538
-0.058829538461538454
-0.04860738461538461
-0.03567323076923076
-0.03045784615384615
-0.013351384615384614
0.018358153846153843
0.028788923076923077
0.00855323076923077
-0.030875076923076922
-0.053614153846153846
-0.059872615384615385
-0.03942830769230769
-0.008344615384615384
-0.01043076923076923
-0.004798153846153846
0.01981846153846154
0.06133292307692308
0.11244369230769231
0.11494707692307692
0.07051199999999999
-0.001043076923076923
-0.06738276923076922
-0.08594953846153845
-0.07009476923076922
-0.028163076923076923
0.017315076923076923
0.06571384615384615
0.12308307692307692
0.17273353846153844
0.19338646153846153
0.14936861538461538
0.078648
0.009179076923076922
-0.03275261538461539
-0.02086153846153846
-0.002086153846153846
0.008761846153846153
0.03045784615384615
0.065088
0.11098338461538461
0.14519630769230768
0.1449876923076923
0.11181784615384616
0.056951999999999996
0.01668923076923077
0.008970461538461538
0.02023569230769231
0.015020307692307692
0.0002086153846153846
0.013768615384615384
0.05674338461538461
0.12099692307692309
0.1558356923076923
0.13393107692307693
0.08949599999999999
0.032544
0.0
0.0022947692307692304
-0.0050067692307692304
-0.011056615384615385
-0.009387692307692307
0.012934153846153845
0.06675692307692307
0.10743692307692307
0.10827138461538462
0.059664
-0.012099692307692308
-0.04526953846153846
-0.059038153846153844
-0.05674338461538461
-0.052153846153846155
-0.0717636923076923
-0.04965046153846154
-0.02044430769230769
0.016897846153846156
0.044435076923076924
-0.008970461538461538
-0.06738276923076922
-0.11014892307692307
-0.10952307692307692
-0.06633969230769231
-0.02524246153846154
0.010639384615384617
0.012308307692307691
0.03358707692307692
0.06842584615384616
0.09429415384615383
0.10430769230769231
0.04380923076923077
-0.015020307692307692
-0.05048492307692308
-0.05069353846153846
-0.023990769230769232
-0.02795446153846154
-0.010639384615384617
0.017940923076923077
0.07030338461538461
0.1395636923076923
0.16730953846153845
0.15416676923076922
0.07948246153846153
-0.0002086153846153846
-0.03379569230769231
-0.03880246153846154
-0.029414769230769227
-0.03713353846153846
-0.026285538461538457
0.012308307692307691
0.05570030769230769
0.09241661538461539
0.07197230769230768
0.031709538461538456
-0.013768615384615384
-0.03713353846153846
-0.03045784615384615
-0.03692492307692308
-0.02753723076923077
