0.10555938461538462
0.09116492307692307
0.08594953846153845
0.09033046153846153
0.084072
0.03379569230769231
-0.013560000000000001
-0.030040615384615384
-0.02023569230769231
0.0016689230769230767
0.011682461538461537
0.010639384615384617
0.0
0.007301538461538462
0.042974769230769226
0.052153846153846155
0.011473846153846154
-0.054657230769230764
-0.08448923076923077
-0.06362769230769232
-0.03671630769230769
-0.008970461538461538
-0.013142769230769229
-0.01272553846153846
0.014811692307692307
0.03650769230769231
0.04380923076923077
0.0070929230769230765
-0.04756430769230769
-0.10347323076923076
-0.13372246153846154
-0.11411261538461538
-0.08198584615384615
-0.06028984615384615
-0.05486584615384615
-0.047772923076923074
-0.025033846153846153
0.010013538461538461
0.031918153846153846
-0.003755076923076923
-0.08010830769230769
-0.13726892307692307
-0.1558356923076923
-0.13476553846153844
-0.11056615384615384
-0.11807630769230769
-0.12037107692307693
-0.10764553846153846
-0.07614461538461538
-0.03775938461538462
-0.024408000000000003
-0.03567323076923076
-0.059038153846153844
-0.05090215384615384
-0.0014603076923076922
0.04819015384615385
0.06425353846153846
0.056951999999999996
0.05444861538461539
0.06884307692307692
0.08594953846153845
0.08115138461538463
0.042557538461538466
-0.010013538461538461
-0.029623384615384614
-0.0004172307692307692
0.07113784615384615
0.12704676923076924
0.13226215384615383
0.12496061538461539
0.12037107692307693
0.124752
0.13518276923076925
0.11494707692307692
0.07405846153846153
0.043392
0.04276615384615385
0.08115138461538463
0.11306953846153844
0.11432123076923076
0.08469784615384615
0.062376
0.07009476923076922
0.09658892307692307
0.12308307692307692
0.12516923076923075
0.09846646153846153
0.053405538461538456
0.05111076923076923
0.07969107692307692
0.10076123076923077
0.0892873846153846
0.05069353846153846
0.053614153846153846
0.07405846153846153
0.08782707692307692
0.08490646153846154
0.05736923076923077
0.04401784615384615
0.040262769230769234
0.0446436923076923
0.04422646153846154
0.013560000000000001
-0.04193169230769231
-0.09387692307692307
-0.11327815384615383
-0.10222153846153846
-0.084072
-0.06946892307692307
-0.06279323076923077
-0.044435076923076924
-0.014394461538461538
0.006049846153846154
0.011473846153846154
-0.034630153846153845
-0.08448923076923077
-0.09471138461538461
-0.06946892307692307
-0.03337846153846154
-0.021696
-0.014811692307692307
-0.02273907692307692
-0.012934153846153845
0.007301538461538462
0.0012516923076923076
-0.021487384615384613
-0.04693846153846153
-0.05611753846153846
-0.05820369230769231
-0.04526953846153846
-0.017315076923076923
-0.0077187692307692304
-0.02357353846153846
-0.029206153846153847
-0.014811692307692307
0.0006258461538461538
-0.005632615384615384
-0.03483876923076923
-0.05653476923076922
-0.045895384615384616
-0.011891076923076923
0.019192615384615384
0.04109723076923077
0.03275261538461539
0.027328615384615382
0.04672984615384615
0.06383630769230769
0.07426707692307692
0.03379569230769231
-0.010848
-0.029623384615384614
-0.02795446153846154
0.02023569230769231
0.07969107692307692
0.13226215384615383
0.14311015384615386
0.15291507692307693
0.16418030769230768
0.1422756923076923
0.111192
0.04380923076923077
0.004589538461538461
-0.0016689230769230767
0.0008344615384615384
0.037967999999999995
0.073224
0.12016246153846154
0.1462393846153846
0.14561353846153846
0.14060676923076923
0.09471138461538461
0.026494153846153844
-0.046104
-0.08949599999999999
-0.0826116923076923
-0.0448523076923077
0.009596307692307692
0.04902461538461538
0.06154153846153846
0.06070707692307692
0.05277969230769231
0.041514461538461535
0.0006258461538461538
-0.054240000000000003
-0.08365476923076923
-0.07384984615384615
-0.035464615384615386
0.003129230769230769
0.04652123076923077
0.05173661538461538
0.04568676923076923
0.04568676923076923
0.015020307692307692
-0.016897846153846156
-0.07113784615384615
-0.11327815384615383
-0.12266584615384615
-0.10326461538461539
-0.03379569230769231
0.018358153846153843
0.05778646153846154
0.0771876923076923
0.07197230769230768
0.06028984615384615
-0.0022947692307692304
-0.06800861538461538
-0.12120553846153845
-0.14081538461538462
-0.10493353846153847
-0.04714707692307692
0.03629907692307692
0.09909230769230769
0.1435273846153846
0.1779489230769231
0.17711446153846155
0.14018953846153845
0.047981538461538464
-0.02795446153846154
-0.06946892307692307
-0.08094276923076923
-0.037967999999999995
0.018983999999999997
0.08323753846153846
0.12913292307692306
0.16334584615384617
0.18086953846153844
0.16105107692307694
0.12454338461538461
0.06633969230769231
0.019609846153846155
-0.006049846153846154
0.013351384615384614
0.07134646153846153
0.09158215384615384
0.09554584615384615
0.09554584615384615
0.09658892307692307
0.09179076923076923
0.058412307692307694
0.01814953846153846
-0.03567323076923076
-0.06863446153846153
-0.05862092307692307
-0.007510153846153846
