-0.143736
-0.10159569230769232
-0.02482523076923077
0.04756430769230769
0.09596307692307693
0.11181784615384616
0.116616
0.1070196923076923
0.06759138461538462
0.009804923076923077
-0.06133292307692308
-0.10952307692307692
-0.09450276923076922
-0.052153846153846155
-0.012099692307692308
0.02482523076923077
0.05048492307692308
0.08511507692307693
0.09241661538461539
0.06550523076923077
-0.0035464615384615383
-0.09137353846153846
-0.12975876923076923
-0.12537784615384615
-0.07405846153846153
-0.011682461538461537
0.03671630769230769
0.07510153846153846
0.09763200000000001
0.11244369230769231
0.10889723076923077
0.06592246153846154
-0.02044430769230769
-0.0936683076923077
-0.10848000000000001
-0.08115138461538463
-0.025033846153846153
0.037967999999999995
0.09283384615384616
0.1422756923076923
0.17169046153846151
0.17899199999999998
0.14164984615384615
0.05528307692307692
-0.025033846153846153
-0.08782707692307692
-0.11953661538461538
-0.10785415384615385
-0.07781353846153846
-0.03588184615384615
0.012099692307692308
0.05236246153846154
0.07364123076923076
0.07510153846153846
0.049233230769230765
0.0006258461538461538
-0.05590892307692308
-0.08594953846153845
-0.07843938461538462
-0.06195876923076923
-0.04693846153846153
-0.026702769230769228
0.01814953846153846
0.0446436923076923
0.05090215384615384
0.03775938461538462
-0.006049846153846154
-0.04672984615384615
-0.07948246153846153
-0.053614153846153846
-0.0014603076923076922
0.02357353846153846
0.046104
0.06654830769230768
0.09867507692307692
0.12204
0.10931446153846153
0.05069353846153846
-0.03859384615384615
-0.0897046153846154
-0.10493353846153847
-0.08949599999999999
-0.06467076923076923
-0.04860738461538461
-0.007301538461538462
0.03442153846153846
0.0828203076923077
0.11411261538461538
0.10868861538461538
0.06863446153846153
-0.0014603076923076922
-0.05048492307692308
-0.07113784615384615
-0.07030338461538461
-0.054657230769230764
-0.03629907692307692
-0.006049846153846154
0.028788923076923077
0.054657230769230764
0.06675692307692307
0.031918153846153846
-0.021904615384615383
-0.04860738461538461
-0.03880246153846154
-0.006258461538461538
0.01397723076923077
0.027328615384615382
0.03379569230769231
0.04902461538461538
0.06383630769230769
0.06654830769230768
0.04756430769230769
-0.015854769230769228
-0.05590892307692308
-0.04526953846153846
-0.008344615384615384
0.021278769230769233
0.016063384615384615
0.0014603076923076922
-0.0025033846153846152
0.02357353846153846
0.06028984615384615
0.06946892307692307
0.03421292307692308
-0.03129230769230769
-0.06592246153846154
-0.07218092307692307
-0.054240000000000003
-0.03650769230769231
-0.030875076923076922
0.0077187692307692304
0.04860738461538461
0.08115138461538463
0.10013538461538461
0.07969107692307692
0.027328615384615382
-0.029414769230769227
-0.03838523076923077
-0.011056615384615385
0.014394461538461538
0.027328615384615382
0.03045784615384615
0.04756430769230769
0.07301538461538462
0.09763200000000001
0.08135999999999999
0.016063384615384615
-0.040054153846153843
-0.07051199999999999
-0.07531015384615385
-0.07218092307692307
-0.06905169230769231
-0.07343261538461537
-0.07739630769230768
-0.04276615384615385
0.012934153846153845
0.05716061538461538
0.05069353846153846
-0.0070929230769230765
-0.05528307692307692
-0.08156861538461539
-0.07948246153846153
-0.07280676923076923
-0.08740984615384616
-0.08323753846153846
-0.050067692307692306
0.006675692307692307
0.06008123076923077
0.06842584615384616
0.03045784615384615
-0.03358707692307692
-0.0744756923076923
-0.056951999999999996
-0.021070153846153846
-0.005215384615384615
0.007301538461538462
0.026702769230769228
0.05298830769230769
0.08386338461538462
0.09304246153846155
0.07259815384615384
0.02357353846153846
-0.026494153846153844
-0.029623384615384614
-0.0077187692307692304
0.0014603076923076922
-0.0077187692307692304
-0.007510153846153846
0.013351384615384614
0.0448523076923077
0.07259815384615384
0.06341907692307691
0.03442153846153846
0.003755076923076923
-0.0016689230769230767
0.026911384615384615
0.05048492307692308
0.054657230769230764
0.03713353846153846
0.03379569230769231
0.07802215384615384
0.12287446153846153
0.13080184615384613
0.10201292307692307
0.05590892307692308
0.022947692307692308
0.009804923076923077
0.03275261538461539
0.05799507692307692
0.06821723076923077
0.08615815384615384
0.103056
0.14144123076923076
0.15395815384615386
0.10472492307692308
0.027120000000000002
-0.04839876923076923
-0.06028984615384615
-0.004798153846153846
0.05277969230769231
0.07343261538461537
0.07781353846153846
0.08866153846153846
0.1045163076923077
0.10827138461538462
0.08323753846153846
0.03400430769230769
-0.02315630769230769
-0.05736923076923077
-0.04985907692307692
-0.02232184615384615
0.0014603076923076922
-0.0014603076923076922
-0.006258461538461538
0.00855323076923077
0.03755076923076923
0.06946892307692307
0.06133292307692308
0.04088861538461538
0.016063384615384615
0.0029206153846153843
0.023364923076923075
0.035464615384615386
0.02899753846153846
