-0.05444861538461539
-0.06529661538461538
-0.029414769230769227
0.017732307692307693
0.06341907692307691
0.09971815384615385
0.12120553846153845
0.12788123076923075
0.10618523076923077
0.06884307692307692
0.006884307692307692
-0.06717415384615384
-0.08907876923076924
-0.059038153846153844
-0.0043809230769230765
0.042348923076923076
0.07802215384615384
0.10597661538461538
0.12204
0.14290153846153844
0.13080184615384613
0.07072061538461538
-0.018775384615384614
-0.08991323076923076
-0.10764553846153846
-0.08240307692307691
-0.021278769230769233
0.02357353846153846
0.046104
0.05611753846153846
0.05674338461538461
0.031918153846153846
-0.042557538461538466
-0.13309661538461537
-0.20798953846153845
-0.2275993846153846
-0.18983999999999998
-0.11953661538461538
-0.052153846153846155
-0.0050067692307692304
0.027120000000000002
0.054240000000000003
0.05820369230769231
0.01710646153846154
-0.03609046153846154
-0.09408553846153846
-0.11306953846153844
-0.09304246153846155
-0.05820369230769231
-0.007927384615384614
0.03024923076923077
0.06279323076923077
0.09053907692307692
0.1045163076923077
0.09137353846153846
0.03984553846153846
-0.03775938461538462
-0.09325107692307691
-0.09283384615384616
-0.04214030769230769
0.028163076923076923
0.08866153846153846
0.12808984615384614
0.15625292307692307
0.1858763076923077
0.184416
0.1435273846153846
0.07384984615384615
0.008761846153846153
-0.026494153846153844
-0.026494153846153844
0.015020307692307692
0.04839876923076923
0.078648
0.11077476923076923
0.14999446153846155
0.1869193846153846
0.1691870769230769
0.124752
0.06675692307692307
0.01981846153846154
0.020652923076923076
0.045895384615384616
0.06800861538461538
0.07802215384615384
0.078648
0.08386338461538462
0.09909230769230769
0.10117846153846152
0.07969107692307692
0.03713353846153846
-0.0016689230769230767
-0.0006258461538461538
0.03275261538461539
0.06946892307692307
0.073224
0.05298830769230769
0.04672984615384615
0.0609156923076923
0.06905169230769231
0.04985907692307692
0.007510153846153846
-0.042974769230769226
-0.059038153846153844
-0.038176615384615385
-0.006675692307692307
0.012516923076923077
0.0070929230769230765
-0.0014603076923076922
0.0014603076923076922
0.02482523076923077
0.035464615384615386
0.004589538461538461
-0.03629907692307692
-0.07280676923076923
-0.084072
-0.06446215384615385
-0.045895384615384616
-0.042348923076923076
-0.03942830769230769
-0.02273907692307692
0.010639384615384617
0.05403138461538461
0.05653476923076922
0.025659692307692307
-0.014185846153846153
-0.058412307692307694
-0.059872615384615385
-0.05194523076923077
-0.05570030769230769
-0.04944184615384615
-0.03713353846153846
0.003755076923076923
0.05862092307692307
0.08240307692307691
0.06049846153846154
0.010848
-0.03629907692307692
-0.04547815384615384
-0.03567323076923076
-0.04902461538461538
-0.053614153846153846
-0.037967999999999995
-0.009596307692307692
0.03400430769230769
0.06967753846153846
0.07739630769230768
0.04819015384615385
0.003129230769230769
-0.023364923076923075
-0.03045784615384615
-0.02858030769230769
-0.02753723076923077
-0.02482523076923077
0.0
0.03880246153846154
0.07072061538461538
0.07760492307692309
0.03713353846153846
-0.012099692307692308
-0.03692492307692308
-0.03379569230769231
0.005215384615384615
0.03421292307692308
0.04214030769230769
0.051528
0.07030338461538461
0.1136953846153846
0.14206707692307693
0.12391753846153845
0.07113784615384615
0.002712
-0.04088861538461538
-0.05382276923076923
-0.051319384615384614
-0.04944184615384615
-0.04172307692307692
-0.005215384615384615
0.05653476923076922
0.11807630769230769
0.1353913846153846
0.09408553846153846
0.025033846153846153
-0.027328615384615382
-0.042557538461538466
-0.03275261538461539
-0.03671630769230769
-0.052571076923076915
-0.042348923076923076
-0.010013538461538461
0.034630153846153845
0.06467076923076923
0.04756430769230769
-0.011473846153846154
-0.06571384615384615
-0.07697907692307693
-0.05820369230769231
-0.02315630769230769
-0.012934153846153845
-0.014603076923076923
-0.0077187692307692304
0.0029206153846153843
0.025659692307692307
0.017940923076923077
-0.017940923076923077
-0.06571384615384615
-0.09721476923076922
-0.08469784615384615
-0.04672984615384615
-0.019192615384615384
-0.022947692307692308
-0.03108369230769231
-0.021070153846153846
0.011891076923076923
0.04193169230769231
0.042974769230769226
0.018983999999999997
0.0006258461538461538
0.012934153846153845
0.043600615384615383
0.05611753846153846
0.03567323076923076
0.007510153846153846
-0.006467076923076923
0.0035464615384615383
0.027328615384615382
0.02795446153846154
-0.003963692307692307
-0.04172307692307692
-0.04047138461538462
-0.006467076923076923
0.037967999999999995
0.07218092307692307
0.06341907692307691
0.03984553846153846
0.019609846153846155
0.0050067692307692304
-0.021904615384615383
-0.07113784615384615
-0.11995384615384615
-0.1368516923076923
-0.10868861538461538
-0.059872615384615385
-0.015854769230769228
