0.1178676923076923
0.07635323076923077
0.012934153846153845
-0.034630153846153845
-0.04735569230769231
-0.04693846153846153
-0.04380923076923077
-0.05048492307692308
-0.028788923076923077
0.02023569230769231
0.08386338461538462
0.11265230769230769
0.09533723076923077
0.054657230769230764
0.011473846153846154
0.004589538461538461
0.009804923076923077
0.017940923076923077
0.016063384615384615
0.014603076923076923
0.04109723076923077
0.08344615384615384
0.09491999999999999
0.06258461538461538
0.005841230769230769
-0.03567323076923076
-0.0446436923076923
-0.03233538461538461
0.002712
0.008344615384615384
0.01272553846153846
0.040262769230769234
0.08574092307692306
0.13372246153846154
0.12955015384615384
0.08094276923076923
-0.0012516923076923076
-0.05674338461538461
-0.06341907692307691
-0.05653476923076922
-0.042974769230769226
-0.048816000000000005
-0.03838523076923077
-0.008344615384615384
0.03504738461538461
0.09450276923076922
0.10389046153846154
0.07823076923076923
0.051319384615384614
0.04318338461538461
0.06279323076923077
0.05924676923076923
0.045895384615384616
0.02858030769230769
0.010848
0.035464615384615386
0.073224
0.09095630769230768
0.05799507692307692
0.011473846153846154
0.0014603076923076922
0.022947692307692308
0.06404492307692307
0.07009476923076922
0.05674338461538461
0.05403138461538461
0.065088
0.08344615384615384
0.06216738461538462
0.014185846153846153
-0.035464615384615386
-0.055491692307692304
-0.03045784615384615
0.0029206153846153843
0.03650769230769231
0.04214030769230769
0.034630153846153845
0.045895384615384616
0.06675692307692307
0.08824430769230769
0.07656184615384615
0.026285538461538457
-0.03483876923076923
-0.059038153846153844
-0.032544
-0.0043809230769230765
0.00855323076923077
-0.001043076923076923
-0.002712
0.032544
0.07531015384615385
0.11578153846153846
0.10055261538461538
0.03629907692307692
-0.0025033846153846152
-0.005841230769230769
0.010639384615384617
0.018983999999999997
0.010639384615384617
-0.005632615384615384
-0.008970461538461538
0.014394461538461538
0.03275261538461539
0.02795446153846154
-0.0018775384615384615
-0.03212676923076923
-0.03129230769230769
-0.015854769230769228
0.011891076923076923
0.012099692307692308
-0.019192615384615384
-0.03567323076923076
-0.023364923076923075
0.0029206153846153843
0.005841230769230769
-0.01981846153846154
-0.052153846153846155
-0.05799507692307692
-0.021904615384615383
0.029832
0.045895384615384616
0.030040615384615384
-0.002086153846153846
-0.021278769230769233
-0.0070929230769230765
0.017523692307692306
0.040679999999999994
0.03984553846153846
0.025659692307692307
0.021278769230769233
0.0446436923076923
0.051528
0.020652923076923076
-0.008136
-0.027120000000000002
-0.012516923076923077
0.005841230769230769
0.003129230769230769
-0.009387692307692307
-0.029206153846153847
-0.010848
0.016272
0.03483876923076923
0.03880246153846154
0.005424
-0.006258461538461538
-0.014394461538461538
0.0035464615384615383
0.04965046153846154
0.053614153846153846
0.05382276923076923
0.05048492307692308
0.06571384615384615
0.078648
0.05507446153846154
0.03609046153846154
-0.006884307692307692
-0.023364923076923075
-0.007510153846153846
0.019609846153846155
0.04318338461538461
0.03233538461538461
0.047981538461538464
0.06070707692307692
0.07280676923076923
0.06487938461538462
0.015228923076923076
-0.032544
-0.09804923076923076
-0.12808984615384614
-0.1289243076923077
-0.11870215384615385
-0.07197230769230768
-0.05590892307692308
-0.028163076923076923
0.02357353846153846
0.04985907692307692
0.05653476923076922
0.0033378461538461535
-0.03692492307692308
-0.056951999999999996
-0.052571076923076915
0.0022947692307692304
0.03066646153846154
0.06633969230769231
0.07843938461538462
0.09909230769230769
0.14436184615384615
0.12516923076923075
0.07280676923076923
0.008344615384615384
-0.02357353846153846
-0.027328615384615382
-0.017523692307692306
0.03358707692307692
0.07343261538461537
0.09700615384615385
0.11849353846153846
0.1397723076923077
0.13372246153846154
0.06946892307692307
-0.011682461538461537
-0.0880356923076923
-0.12329169230769231
-0.1028473846153846
-0.05298830769230769
0.015437538461538461
0.06759138461538462
0.11140061538461538
0.1422756923076923
0.13184492307692308
0.10952307692307692
0.044435076923076924
-0.03984553846153846
-0.09596307692307693
-0.12245723076923076
-0.086784
-0.030040615384615384
0.02586830769230769
0.07384984615384615
0.11891076923076922
0.15625292307692307
0.1358086153846154
0.0717636923076923
-0.02086153846153846
-0.10159569230769232
-0.12850707692307692
-0.10597661538461538
-0.037342153846153844
0.03921969230769231
0.09053907692307692
0.12516923076923075
0.14916
0.15208061538461537
0.10618523076923077
-0.005215384615384615
-0.11745046153846153
-0.19839323076923077
-0.23135446153846154
-0.19150892307692308
-0.12454338461538461
-0.042348923076923076
0.02586830769230769
0.07092923076923077
