-0.08365476923076923
-0.14686523076923075
-0.1424843076923077
-0.09763200000000001
-0.05528307692307692
-0.006258461538461538
0.03483876923076923
0.08845292307692308
0.11599015384615384
0.092208
0.03629907692307692
-0.04902461538461538
-0.12204
-0.16021661538461537
-0.15562707692307692
-0.12767261538461538
-0.09429415384615383
-0.02753723076923077
0.04631261538461538
0.11056615384615384
0.14436184615384615
0.12704676923076924
0.07009476923076922
-0.010848
-0.05298830769230769
-0.05799507692307692
-0.051528
-0.015020307692307692
0.040679999999999994
0.09950953846153845
0.14665661538461539
0.17252492307692308
0.1635544615384615
0.10764553846153846
0.023782153846153845
-0.06154153846153846
-0.10263876923076923
-0.10952307692307692
-0.10222153846153846
-0.06675692307692307
-0.017315076923076923
0.048816000000000005
0.11473846153846154
0.14311015384615386
0.11056615384615384
0.030040615384615384
-0.05319692307692307
-0.09992676923076924
-0.10326461538461539
-0.09199938461538461
-0.07197230769230768
-0.03650769230769231
0.01940123076923077
0.0717636923076923
0.09158215384615384
0.06362769230769232
-0.018775384615384614
-0.09304246153846155
-0.12370892307692308
-0.11327815384615383
-0.07551876923076924
-0.042974769230769226
0.0035464615384615383
0.05799507692307692
0.10910584615384614
0.1506203076923077
0.14123261538461537
0.08386338461538462
-0.015646153846153844
-0.09784061538461537
-0.12433476923076923
-0.12558646153846154
-0.09575446153846154
-0.07510153846153846
-0.043392
0.02273907692307692
0.09137353846153846
0.15187199999999998
0.1397723076923077
0.08177723076923075
0.009179076923076922
-0.0448523076923077
-0.035464615384615386
-0.018775384615384614
0.0033378461538461535
0.02273907692307692
0.05069353846153846
0.11745046153846153
0.18483323076923078
0.20819815384615384
0.1704387692307692
0.09846646153846153
0.042557538461538466
0.026076923076923077
0.016480615384615385
0.0029206153846153843
-0.0002086153846153846
0.015437538461538461
0.06696553846153847
0.12579507692307693
0.16480615384615382
0.1570873846153846
0.08699261538461538
0.022530461538461537
-0.003755076923076923
-0.0014603076923076922
0.013560000000000001
0.009804923076923077
-0.0016689230769230767
-0.0008344615384615384
0.02232184615384615
0.05298830769230769
0.06675692307692307
0.040262769230769234
-0.010639384615384617
-0.04672984615384615
-0.05382276923076923
-0.018775384615384614
-0.0012516923076923076
-0.002086153846153846
0.016897846153846156
0.048816000000000005
0.10722830769230769
0.14060676923076923
0.1205796923076923
0.06279323076923077
-0.01710646153846154
-0.05945538461538461
-0.05799507692307692
-0.04380923076923077
-0.028788923076923077
-0.016063384615384615
0.021278769230769233
0.06946892307692307
0.09971815384615385
0.08323753846153846
0.024199384615384616
-0.03775938461538462
-0.08720123076923077
-0.08907876923076924
-0.06946892307692307
-0.059872615384615385
-0.054657230769230764
-0.05173661538461538
-0.014394461538461538
0.022530461538461537
0.03421292307692308
0.02232184615384615
-0.024616615384615383
-0.06154153846153846
-0.0892873846153846
-0.08344615384615384
-0.05924676923076923
-0.04652123076923077
-0.021070153846153846
0.0
0.046104
0.0826116923076923
0.06759138461538462
0.005632615384615384
-0.08073415384615384
-0.1097316923076923
-0.08302892307692307
-0.031918153846153846
-0.0022947692307692304
-0.013142769230769229
0.002086153846153846
0.028788923076923077
0.05236246153846154
0.04276615384615385
-0.012516923076923077
-0.05674338461538461
-0.08615815384615384
-0.07802215384615384
-0.04714707692307692
-0.02273907692307692
0.003755076923076923
0.02482523076923077
0.058829538461538454
0.09262523076923077
0.10222153846153846
0.08052553846153847
0.016897846153846156
-0.03358707692307692
-0.061124307692307686
-0.04965046153846154
-0.0029206153846153843
0.027745846153846152
0.054657230769230764
0.06759138461538462
0.10430769230769231
0.14415323076923076
0.14018953846153845
0.10681107692307691
0.04318338461538461
0.002712
-0.01043076923076923
-0.005424
0.00855323076923077
0.004798153846153846
0.01043076923076923
0.021696
0.034630153846153845
0.042348923076923076
0.025659692307692307
-0.009596307692307692
-0.03859384615384615
-0.03880246153846154
-0.02086153846153846
0.0077187692307692304
0.020027076923076922
0.0033378461538461535
-0.006884307692307692
0.005632615384615384
0.02211323076923077
0.013560000000000001
-0.006258461538461538
-0.014811692307692307
0.0002086153846153846
0.0448523076923077
0.07843938461538462
0.07948246153846153
0.06028984615384615
0.040054153846153843
0.04130584615384615
0.055491692307692304
0.07155507692307693
0.06946892307692307
0.030040615384615384
0.010639384615384617
0.01814953846153846
0.040054153846153843
0.061124307692307686
0.03629907692307692
0.011473846153846154
-0.006049846153846154
0.0043809230769230765
0.030875076923076922
0.027328615384615382
0.03066646153846154
0.01981846153846154
0.018358153846153843
0.03275261538461539
0.040054153846153843
