0.06946892307692307
0.04401784615384615
0.03421292307692308
0.059664
0.10117846153846152
0.11327815384615383
0.09387692307692307
0.04985907692307692
0.03942830769230769
0.050067692307692306
0.05590892307692308
0.04839876923076923
0.02044430769230769
0.006467076923076923
0.021904615384615383
0.06028984615384615
0.08615815384615384
0.06446215384615385
0.025033846153846153
0.012308307692307691
0.030040615384615384
0.06675692307692307
0.08240307692307691
0.06383630769230769
0.02899753846153846
0.017315076923076923
0.03609046153846154
0.04860738461538461
0.03984553846153846
-0.011891076923076923
-0.06738276923076922
-0.08720123076923077
-0.07760492307692309
-0.05611753846153846
-0.051528
-0.04819015384615385
-0.041514461538461535
-0.03442153846153846
-0.019609846153846155
-0.016272
-0.046104
-0.10138707692307691
-0.14060676923076923
-0.13455692307692307
-0.09408553846153846
-0.046104
-0.016897846153846156
0.002086153846153846
0.02023569230769231
0.028163076923076923
0.03066646153846154
0.0002086153846153846
-0.03567323076923076
-0.043600615384615383
-0.03337846153846154
0.015020307692307692
0.06362769230769232
0.0988836923076923
0.10430769230769231
0.08490646153846154
0.08240307692307691
0.06884307692307692
0.04672984615384615
-0.01272553846153846
-0.07739630769230768
-0.09825784615384614
-0.08761846153846153
-0.03212676923076923
0.014185846153846153
0.051319384615384614
0.08740984615384616
0.10868861538461538
0.12329169230769231
0.0936683076923077
0.03713353846153846
-0.026494153846153844
-0.06341907692307691
-0.04380923076923077
-0.015646153846153844
0.03588184615384615
0.1028473846153846
0.14206707692307693
0.16000799999999998
0.157296
0.13706030769230768
0.08490646153846154
0.01272553846153846
-0.03838523076923077
-0.04819015384615385
-0.015646153846153844
0.034630153846153845
0.10347323076923076
0.15750461538461538
0.17711446153846155
0.1775316923076923
0.14164984615384615
0.09471138461538461
0.029206153846153847
-0.040262769230769234
-0.06717415384615384
-0.05820369230769231
-0.006675692307692307
0.04839876923076923
0.0897046153846154
0.1358086153846154
0.16772676923076923
0.17565415384615385
0.14206707692307693
0.07489292307692308
0.0043809230769230765
-0.04631261538461538
-0.05173661538461538
-0.010222153846153844
0.03650769230769231
0.06675692307692307
0.09554584615384615
0.11828492307692307
0.124752
0.11181784615384616
0.06133292307692308
-0.025033846153846153
-0.08740984615384616
-0.11098338461538461
-0.07656184615384615
-0.013142769230769229
0.03942830769230769
0.111192
0.1476996923076923
0.17315076923076922
0.1787833846153846
0.12120553846153845
0.03045784615384615
-0.07593599999999999
-0.13455692307692307
-0.1287156923076923
-0.08156861538461539
-0.025033846153846153
0.018775384615384614
0.051319384615384614
0.07009476923076922
0.08323753846153846
0.061124307692307686
-0.0012516923076923076
-0.07969107692307692
-0.1358086153846154
-0.11745046153846153
-0.059038153846153844
-0.002712
0.03275261538461539
0.03567323076923076
0.03838523076923077
0.047772923076923074
0.05048492307692308
0.03379569230769231
-0.03024923076923077
-0.11286092307692308
-0.16334584615384617
-0.15270646153846154
-0.111192
-0.07531015384615385
-0.026076923076923077
0.017315076923076923
0.059038153846153844
0.08574092307692306
0.07697907692307693
0.028788923076923077
-0.06446215384615385
-0.13914646153846155
-0.15667015384615385
-0.12370892307692308
-0.073224
-0.03629907692307692
-0.009179076923076922
0.017940923076923077
0.06592246153846154
0.10535076923076922
0.09679753846153846
0.049233230769230765
-0.016897846153846156
-0.062376
-0.055491692307692304
-0.02357353846153846
0.021487384615384613
0.06446215384615385
0.09596307692307693
0.14436184615384615
0.16710092307692306
0.13601723076923075
0.06717415384615384
-0.006049846153846154
-0.05736923076923077
-0.052153846153846155
0.004589538461538461
0.04839876923076923
0.08720123076923077
0.09992676923076924
0.10076123076923077
0.11244369230769231
0.0988836923076923
0.06967753846153846
0.005632615384615384
-0.05778646153846154
-0.08094276923076923
-0.08073415384615384
-0.05778646153846154
-0.04526953846153846
-0.021696
0.017523692307692306
0.061750153846153844
0.09804923076923076
0.08615815384615384
0.035464615384615386
-0.05277969230769231
-0.116616
-0.12496061538461539
-0.09992676923076924
-0.059872615384615385
-0.042974769230769226
-0.018983999999999997
0.014603076923076923
0.04839876923076923
0.08177723076923075
0.05194523076923077
-0.008344615384615384
-0.06988615384615385
-0.09763200000000001
-0.06446215384615385
-0.042974769230769226
-0.020027076923076922
-0.012099692307692308
0.006258461538461538
0.04318338461538461
0.05820369230769231
0.04714707692307692
-0.016272
-0.0853236923076923
-0.1341396923076923
-0.1218313846153846
-0.06800861538461538
-0.02357353846153846
0.01981846153846154
0.03588184615384615
0.05528307692307692
0.08448923076923077
