0.05048492307692308
0.10117846153846152
0.14561353846153846
0.13893784615384613
0.07656184615384615
-0.0014603076923076922
-0.09408553846153846
-0.14853415384615384
-0.15333230769230768
-0.12162276923076921
-0.058829538461538454
0.0029206153846153843
0.06717415384615384
0.12496061538461539
0.13893784615384613
0.10910584615384614
0.042974769230769226
-0.03942830769230769
-0.09679753846153846
-0.11807630769230769
-0.10138707692307691
-0.053614153846153846
0.019609846153846155
0.09012184615384615
0.13622584615384614
0.1502030769230769
0.11640738461538462
0.04172307692307692
-0.059038153846153844
-0.1356
-0.15750461538461538
-0.12642092307692307
-0.06300184615384616
-0.003129230769230769
0.05090215384615384
0.10722830769230769
0.14686523076923075
0.15103753846153847
0.11536430769230768
0.040054153846153843
-0.03629907692307692
-0.07426707692307692
-0.0717636923076923
-0.04985907692307692
-0.015646153846153844
0.02858030769230769
0.08198584615384615
0.1504116923076923
0.1910916923076923
0.19609846153846153
0.1422756923076923
0.03692492307692308
-0.04172307692307692
-0.08490646153846154
-0.06696553846153847
-0.029623384615384614
-0.005424
0.04652123076923077
0.09450276923076922
0.14394461538461537
0.15959076923076923
0.11578153846153846
0.04652123076923077
-0.04214030769230769
-0.09304246153846155
-0.09012184615384615
-0.06633969230769231
-0.037342153846153844
-0.011682461538461537
0.021696
0.05820369230769231
0.08720123076923077
0.09533723076923077
0.05298830769230769
-0.017940923076923077
-0.06967753846153846
-0.07781353846153846
-0.04401784615384615
-0.006884307692307692
0.017940923076923077
0.02545107692307692
0.04693846153846153
0.09846646153846153
0.1207883076923077
0.09116492307692307
0.024408000000000003
-0.027120000000000002
-0.040054153846153843
-0.012516923076923077
0.03629907692307692
0.06008123076923077
0.08031692307692308
0.10347323076923076
0.13372246153846154
0.15604430769230768
0.14290153846153844
0.08428061538461538
0.0014603076923076922
-0.052571076923076915
-0.05778646153846154
-0.02273907692307692
0.006467076923076923
0.03233538461538461
0.06988615384615385
0.09992676923076924
0.124752
0.13247076923076923
0.10430769230769231
0.038176615384615385
-0.022530461538461537
-0.022530461538461537
0.004589538461538461
0.028163076923076923
0.03775938461538462
0.026285538461538457
0.033169846153846154
0.03588184615384615
0.044435076923076924
0.037967999999999995
-0.01981846153846154
-0.06258461538461538
-0.08302892307692307
-0.05799507692307692
-0.011682461538461537
0.017523692307692306
0.03212676923076923
0.03400430769230769
0.05611753846153846
0.0717636923076923
0.06905169230769231
0.016063384615384615
-0.07155507692307693
-0.12391753846153845
-0.1543753846153846
-0.138312
-0.10368184615384615
-0.08135999999999999
-0.04839876923076923
-0.013351384615384614
0.03150092307692308
0.06195876923076923
0.05820369230769231
0.012099692307692308
-0.04318338461538461
-0.07051199999999999
-0.05924676923076923
-0.02044430769230769
-0.002712
0.005215384615384615
0.011473846153846154
0.031709538461538456
0.062376
0.06571384615384615
0.03942830769230769
-0.004798153846153846
-0.031918153846153846
-0.028788923076923077
-0.007510153846153846
0.009804923076923077
0.018358153846153843
0.031918153846153846
0.05236246153846154
0.09116492307692307
0.12162276923076921
0.11181784615384616
0.07405846153846153
0.02023569230769231
-0.021487384615384613
-0.01272553846153846
-0.008761846153846153
-0.017315076923076923
-0.013142769230769229
-0.01043076923076923
0.03692492307692308
0.0798996923076923
0.09784061538461537
0.08761846153846153
0.042348923076923076
0.024199384615384616
0.018983999999999997
0.03337846153846154
0.03629907692307692
0.023364923076923075
0.027745846153846152
0.042348923076923076
0.07823076923076923
0.08240307692307691
0.051528
0.02232184615384615
-0.0014603076923076922
-0.003755076923076923
0.01043076923076923
0.02753723076923077
0.03400430769230769
0.026911384615384615
0.04839876923076923
0.08323753846153846
0.10514215384615383
0.09533723076923077
0.03567323076923076
-0.011891076923076923
-0.04547815384615384
-0.06800861538461538
-0.08156861538461539
-0.09471138461538461
-0.08636676923076922
-0.07405846153846153
-0.037342153846153844
0.01856676923076923
0.04526953846153846
0.03233538461538461
-0.0043809230769230765
-0.026494153846153844
-0.03045784615384615
-0.021904615384615383
-0.014394461538461538
-0.027745846153846152
-0.017315076923076923
0.02044430769230769
0.05528307692307692
0.06675692307692307
0.02795446153846154
-0.04756430769230769
-0.12558646153846154
-0.15687876923076924
-0.12433476923076923
-0.07238953846153846
-0.03650769230769231
-0.017940923076923077
0.012308307692307691
0.04985907692307692
0.0892873846153846
0.10430769230769231
0.06216738461538462
0.010639384615384617
-0.03755076923076923
-0.05027630769230769
-0.053405538461538456
-0.08302892307692307
-0.09554584615384615
-0.08949599999999999
-0.05611753846153846
-0.014603076923076923
0.017523692307692306
