0.02273907692307692
0.03650769230769231
0.04047138461538462
0.05799507692307692
0.08302892307692307
0.10868861538461538
0.092208
0.04819015384615385
-0.0002086153846153846
-0.03692492307692308
-0.02586830769230769
-0.003755076923076923
0.011473846153846154
0.012308307692307691
0.014185846153846153
0.05319692307692307
0.09533723076923077
0.103056
0.07405846153846153
0.025033846153846153
-0.008970461538461538
-0.015854769230769228
-0.006049846153846154
0.0077187692307692304
0.013560000000000001
0.028788923076923077
0.06592246153846154
0.10430769230769231
0.12704676923076924
0.11452984615384615
0.05799507692307692
0.0077187692307692304
0.006884307692307692
0.029414769230769227
0.054657230769230764
0.06404492307692307
0.05611753846153846
0.06821723076923077
0.07531015384615385
0.06926030769230769
0.05090215384615384
0.0025033846153846152
-0.03609046153846154
-0.04214030769230769
-0.002086153846153846
0.05528307692307692
0.08344615384615384
0.08824430769230769
0.08949599999999999
0.09700615384615385
0.10555938461538462
0.10785415384615385
0.06404492307692307
-0.014185846153846153
-0.06759138461538462
-0.0798996923076923
-0.05382276923076923
-0.021070153846153846
0.006467076923076923
0.03337846153846154
0.05778646153846154
0.09992676923076924
0.13247076923076923
0.12934153846153845
0.08949599999999999
0.03504738461538461
0.008136
0.006258461538461538
0.018775384615384614
0.015228923076923076
-0.0035464615384615383
-0.006258461538461538
0.009596307692307692
0.040679999999999994
0.055491692307692304
0.04172307692307692
0.0022947692307692304
-0.02586830769230769
-0.024408000000000003
-0.004589538461538461
0.025033846153846153
0.014394461538461538
0.003129230769230769
0.006884307692307692
0.016480615384615385
0.03713353846153846
0.024199384615384616
-0.00855323076923077
-0.04714707692307692
-0.05298830769230769
-0.021696
0.015646153846153844
0.028163076923076923
-0.006049846153846154
-0.03421292307692308
-0.03629907692307692
-0.014394461538461538
0.009804923076923077
0.011682461538461537
0.018358153846153843
0.02753723076923077
0.041514461538461535
0.07259815384615384
0.07885661538461539
0.061124307692307686
0.03483876923076923
0.016063384615384615
0.016063384615384615
0.02753723076923077
0.03755076923076923
0.019609846153846155
0.02023569230769231
0.032544
0.050067692307692306
0.06759138461538462
0.03358707692307692
-0.011891076923076923
-0.05799507692307692
-0.07614461538461538
-0.03942830769230769
-0.003963692307692307
0.027328615384615382
0.03233538461538461
0.03275261538461539
0.05173661538461538
0.04839876923076923
0.03629907692307692
-0.011265230769230769
-0.06842584615384616
-0.09763200000000001
-0.0961716923076923
-0.065088
-0.04860738461538461
-0.03337846153846154
-0.006675692307692307
0.022530461538461537
0.052153846153846155
0.05236246153846154
0.012934153846153845
-0.05653476923076922
-0.11348676923076922
-0.12224861538461537
-0.10827138461538462
-0.06926030769230769
-0.014603076923076923
0.04130584615384615
0.0717636923076923
0.07781353846153846
0.07677046153846154
0.025659692307692307
-0.04631261538461538
-0.10597661538461538
-0.13330523076923076
-0.12266584615384615
-0.08198584615384615
-0.016480615384615385
0.02858030769230769
0.065088
0.10660246153846153
0.11870215384615385
0.09784061538461537
0.045895384615384616
-0.015646153846153844
-0.054240000000000003
-0.06571384615384615
-0.04568676923076923
-0.02044430769230769
0.01856676923076923
0.07280676923076923
0.10514215384615383
0.12308307692307692
0.10430769230769231
0.05486584615384615
-0.013351384615384614
-0.08490646153846154
-0.1045163076923077
-0.08135999999999999
-0.040679999999999994
0.003129230769230769
0.04193169230769231
0.09262523076923077
0.13267938461538462
0.13330523076923076
0.10389046153846154
0.034630153846153845
-0.04276615384615385
-0.092208
-0.11327815384615383
-0.10660246153846153
-0.07843938461538462
-0.02795446153846154
0.022947692307692308
0.07092923076923077
0.09700615384615385
0.08219446153846154
0.023782153846153845
-0.05778646153846154
-0.09909230769230769
-0.08720123076923077
-0.03755076923076923
0.017940923076923077
0.055491692307692304
0.08594953846153845
0.11140061538461538
0.130176
0.1289243076923077
0.08594953846153845
0.020652923076923076
-0.041514461538461535
-0.07697907692307693
-0.06279323076923077
-0.03129230769230769
0.0012516923076923076
0.03379569230769231
0.07677046153846154
0.11557292307692307
0.1314276923076923
0.12099692307692309
0.05319692307692307
-0.023364923076923075
-0.08177723076923075
-0.09721476923076922
-0.06884307692307692
-0.03942830769230769
0.005424
0.03942830769230769
0.07426707692307692
0.09533723076923077
0.07238953846153846
0.013560000000000001
-0.08115138461538463
-0.14394461538461537
-0.15333230769230768
-0.1316363076923077
-0.09846646153846153
-0.05069353846153846
0.006675692307692307
0.040262769230769234
0.06821723076923077
0.09074769230769231
0.07802215384615384
0.02044430769230769
-0.04693846153846153
-0.09408553846153846
