-0.009804923076923077
0.021696
0.03650769230769231
0.04193169230769231
0.06279323076923077
0.07593599999999999
0.06550523076923077
0.021904615384615383
-0.03880246153846154
-0.08031692307692308
-0.084072
-0.06028984615384615
-0.03567323076923076
-0.027120000000000002
-0.031709538461538456
-0.026494153846153844
-0.007510153846153846
0.0050067692307692304
-0.009387692307692307
-0.0448523076923077
-0.06884307692307692
-0.06300184615384616
-0.035464615384615386
-0.008970461538461538
0.0018775384615384615
0.003129230769230769
0.014185846153846153
0.040679999999999994
0.059664
0.03755076923076923
-0.015020307692307692
-0.07405846153846153
-0.11348676923076922
-0.11244369230769231
-0.08907876923076924
-0.04526953846153846
-0.013142769230769229
0.010013538461538461
0.042557538461538466
0.056326153846153845
0.053614153846153846
0.020652923076923076
-0.037967999999999995
-0.08177723076923075
-0.09095630769230768
-0.058829538461538454
-0.01856676923076923
0.0025033846153846152
0.023782153846153845
0.052153846153846155
0.07510153846153846
0.08428061538461538
0.06717415384615384
0.009179076923076922
-0.05069353846153846
-0.05528307692307692
-0.012308307692307691
0.042557538461538466
0.09763200000000001
0.14582215384615385
0.1779489230769231
0.19735015384615384
0.20632061538461538
0.18170399999999998
0.09554584615384615
-0.016897846153846156
-0.10201292307692307
-0.12537784615384615
-0.08699261538461538
-0.017523692307692306
0.06195876923076923
0.11286092307692308
0.17315076923076922
0.2330233846153846
0.2355267692307692
0.1927606153846154
0.09846646153846153
0.010848
-0.04422646153846154
-0.052153846153846155
-0.0070929230769230765
0.030040615384615384
0.05611753846153846
0.0826116923076923
0.12662953846153846
0.14603076923076924
0.11870215384615385
0.06633969230769231
-0.012308307692307691
-0.06216738461538462
-0.07531015384615385
-0.04130584615384615
0.03692492307692308
0.09471138461538461
0.13372246153846154
0.15792184615384616
0.16188553846153847
0.14018953846153845
0.06383630769230769
-0.04276615384615385
-0.13852061538461538
-0.18232984615384615
-0.15228923076923076
-0.09679753846153846
-0.042974769230769226
0.006467076923076923
0.03275261538461539
0.05111076923076923
0.059872615384615385
0.03901107692307692
-0.027120000000000002
-0.11014892307692307
-0.157296
-0.1637630769230769
-0.12934153846153845
-0.09283384615384616
-0.05778646153846154
-0.023990769230769232
0.005841230769230769
0.042974769230769226
0.044435076923076924
0.0077187692307692304
-0.054240000000000003
-0.10117846153846152
-0.10430769230769231
-0.07051199999999999
-0.011056615384615385
0.04985907692307692
0.10159569230769232
0.13434830769230768
0.15479261538461536
0.13810338461538463
0.06717415384615384
-0.027745846153846152
-0.11411261538461538
-0.1489513846153846
-0.1205796923076923
-0.06154153846153846
0.0016689230769230767
0.05298830769230769
0.09325107692307691
0.13706030769230768
0.15604430769230768
0.1353913846153846
0.084072
0.008136
-0.055491692307692304
-0.07656184615384615
-0.05444861538461539
-0.011891076923076923
0.03504738461538461
0.07697907692307693
0.1207883076923077
0.16084246153846155
0.16647507692307692
0.13601723076923075
0.07927384615384615
0.02482523076923077
-0.0025033846153846152
-0.0014603076923076922
0.016897846153846156
0.022530461538461537
0.021696
0.03045784615384615
0.04380923076923077
0.06195876923076923
0.059872615384615385
0.025033846153846153
-0.03045784615384615
-0.08094276923076923
-0.0936683076923077
-0.09116492307692307
-0.08907876923076924
-0.08052553846153847
-0.03671630769230769
0.03379569230769231
0.08866153846153846
0.12141415384615384
0.08490646153846154
-0.004798153846153846
-0.09053907692307692
-0.1287156923076923
-0.11244369230769231
-0.09909230769230769
-0.06633969230769231
-0.009179076923076922
0.04380923076923077
0.10368184615384615
0.1356
0.11557292307692307
0.05236246153846154
-0.019609846153846155
-0.05277969230769231
-0.04965046153846154
-0.02586830769230769
0.0022947692307692304
0.01981846153846154
0.031918153846153846
0.05799507692307692
0.10159569230769232
0.11765907692307691
0.08469784615384615
0.019192615384615384
-0.04318338461538461
-0.06821723076923077
-0.07781353846153846
-0.06571384615384615
-0.055491692307692304
-0.04902461538461538
0.0016689230769230767
0.055491692307692304
0.09283384615384616
0.0855323076923077
0.035255999999999996
-0.014394461538461538
-0.054240000000000003
-0.050067692307692306
-0.03838523076923077
-0.02753723076923077
-0.010639384615384617
0.01272553846153846
0.06028984615384615
0.09095630769230768
0.10222153846153846
0.06821723076923077
0.0033378461538461535
-0.03379569230769231
-0.03400430769230769
-0.011056615384615385
0.011682461538461537
0.04526953846153846
0.07948246153846153
0.11223507692307692
0.14957723076923077
0.16105107692307694
0.11619876923076923
0.02273907692307692
-0.04672984615384615
-0.07238953846153846
-0.09408553846153846
-0.10347323076923076
-0.10681107692307691
-0.0961716923076923
-0.04652123076923077
