-0.0012516923076923076
0.03483876923076923
0.04631261538461538
0.026702769230769228
-0.02524246153846154
-0.07697907692307693
-0.08574092307692306
-0.051319384615384614
-0.011265230769230769
-0.0029206153846153843
-0.004589538461538461
-0.004589538461538461
0.014811692307692307
0.05799507692307692
0.07697907692307693
0.06926030769230769
0.034630153846153845
-0.01272553846153846
-0.014394461538461538
-0.001043076923076923
0.0014603076923076922
-0.00855323076923077
-0.02044430769230769
-0.008761846153846153
0.02357353846153846
0.0609156923076923
0.06216738461538462
0.02753723076923077
-0.0043809230769230765
-0.011682461538461537
0.006675692307692307
0.040054153846153843
0.051319384615384614
0.046104
0.047981538461538464
0.058412307692307694
0.06759138461538462
0.04672984615384615
0.014811692307692307
-0.018983999999999997
-0.040679999999999994
-0.022947692307692308
0.010222153846153844
0.02899753846153846
0.029414769230769227
0.026494153846153844
0.05194523076923077
0.08615815384615384
0.10368184615384615
0.08720123076923077
0.01814953846153846
-0.02545107692307692
-0.03483876923076923
-0.03066646153846154
-0.015437538461538461
-0.03045784615384615
-0.056951999999999996
-0.06675692307692307
-0.03713353846153846
0.02211323076923077
0.058829538461538454
0.065088
0.05528307692307692
0.04714707692307692
0.056951999999999996
0.061750153846153844
0.04902461538461538
0.01397723076923077
-0.02211323076923077
-0.02357353846153846
-0.009179076923076922
0.007510153846153846
0.015228923076923076
0.00855323076923077
0.010222153846153844
0.03921969230769231
0.08761846153846153
0.10764553846153846
0.08302892307692307
0.0448523076923077
0.02086153846153846
0.017315076923076923
0.015646153846153844
0.018358153846153843
0.021696
0.015646153846153844
0.04631261538461538
0.10535076923076922
0.14603076923076924
0.1424843076923077
0.0897046153846154
0.03755076923076923
0.01397723076923077
0.02795446153846154
0.06404492307692307
0.065088
0.04318338461538461
0.03233538461538461
0.04568676923076923
0.06446215384615385
0.052153846153846155
0.014394461538461538
-0.03108369230769231
-0.05382276923076923
-0.04276615384615385
-0.01043076923076923
0.023782153846153845
0.042557538461538466
0.03963692307692308
0.027328615384615382
0.018358153846153843
-0.0033378461538461535
-0.04526953846153846
-0.10576799999999999
-0.1570873846153846
-0.1691870769230769
-0.13664307692307692
-0.0853236923076923
-0.04756430769230769
-0.011891076923076923
0.023782153846153845
0.05194523076923077
0.0609156923076923
0.041514461538461535
-0.0002086153846153846
-0.03942830769230769
-0.05048492307692308
-0.04714707692307692
-0.02023569230769231
0.005215384615384615
0.016897846153846156
0.043392
0.06863446153846153
0.08782707692307692
0.07948246153846153
0.03296123076923077
-0.028163076923076923
-0.07739630769230768
-0.08073415384615384
-0.03901107692307692
0.020027076923076922
0.06487938461538462
0.09658892307692307
0.12287446153846153
0.13810338461538463
0.11911938461538461
0.06216738461538462
0.002086153846153846
-0.04380923076923077
-0.06362769230769232
-0.06070707692307692
-0.028371692307692306
0.009179076923076922
0.026702769230769228
0.044435076923076924
0.06425353846153846
0.07927384615384615
0.05277969230769231
-0.00855323076923077
-0.05090215384615384
-0.073224
-0.07343261538461537
-0.04860738461538461
-0.015020307692307692
0.015854769230769228
0.03713353846153846
0.065088
0.08469784615384615
0.073224
0.015646153846153844
-0.07343261538461537
-0.14144123076923076
-0.16480615384615382
-0.14582215384615385
-0.11306953846153844
-0.07843938461538462
-0.04172307692307692
-0.003963692307692307
0.03337846153846154
0.054657230769230764
0.04214030769230769
-0.02086153846153846
-0.10618523076923077
-0.16042523076923076
-0.17169046153846151
-0.13998092307692306
-0.08761846153846153
-0.040054153846153843
0.008136
0.040054153846153843
0.05674338461538461
0.03296123076923077
-0.03901107692307692
-0.11286092307692308
-0.1506203076923077
-0.13393107692307693
-0.07593599999999999
0.0025033846153846152
0.06300184615384616
0.086784
0.09700615384615385
0.0936683076923077
0.06800861538461538
0.02545107692307692
-0.045060923076923075
-0.10618523076923077
-0.14164984615384615
-0.14123261538461537
-0.09325107692307691
-0.04735569230769231
0.002086153846153846
0.050067692307692306
0.10180430769230768
0.14331876923076922
0.13455692307692307
0.0855323076923077
0.0014603076923076922
-0.059872615384615385
-0.0855323076923077
-0.06967753846153846
-0.021278769230769233
0.026494153846153844
0.07510153846153846
0.11140061538461538
0.15374953846153847
0.1733593846153846
0.14936861538461538
0.10243015384615384
0.061124307692307686
0.03921969230769231
0.04193169230769231
0.07030338461538461
0.09325107692307691
0.1028473846153846
0.10514215384615383
0.11870215384615385
0.12308307692307692
0.09596307692307693
0.044435076923076924
-0.010222153846153844
-0.04526953846153846
-0.040262769230769234
-0.007510153846153846
0.010639384615384617
