-0.013142769230769229
0.027745846153846152
0.07572738461538461
0.11494707692307692
0.10389046153846154
0.04860738461538461
-0.019609846153846155
-0.07051199999999999
-0.07364123076923076
-0.05507446153846154
-0.03880246153846154
-0.025033846153846153
-0.01272553846153846
0.022947692307692308
0.059664
0.08824430769230769
0.08344615384615384
0.023364923076923075
-0.03150092307692308
-0.06154153846153846
-0.056326153846153845
-0.02795446153846154
-0.019192615384615384
-0.013768615384615384
-0.0016689230769230767
0.02545107692307692
0.054240000000000003
0.04380923076923077
-0.005424
-0.06821723076923077
-0.10743692307692307
-0.10597661538461538
-0.07843938461538462
-0.05069353846153846
-0.03921969230769231
-0.01272553846153846
0.03671630769230769
0.08845292307692308
0.10722830769230769
0.05570030769230769
-0.008136
-0.04735569230769231
-0.04819015384615385
-0.012308307692307691
0.005215384615384615
0.011265230769230769
0.008970461538461538
0.021904615384615383
0.06195876923076923
0.08574092307692306
0.0798996923076923
0.04109723076923077
0.005841230769230769
-0.015646153846153844
-0.017523692307692306
0.011473846153846154
0.02044430769230769
0.02482523076923077
0.051319384615384614
0.08574092307692306
0.13393107692307693
0.14749107692307692
0.11265230769230769
0.04109723076923077
-0.03650769230769231
-0.046104
-0.010639384615384617
0.021070153846153846
0.03692492307692308
0.042974769230769226
0.05862092307692307
0.0826116923076923
0.09533723076923077
0.073224
0.014811692307692307
-0.05048492307692308
-0.08615815384615384
-0.073224
-0.033169846153846154
0.002712
0.023990769230769232
0.029206153846153847
0.040054153846153843
0.05090215384615384
0.035464615384615386
-0.01814953846153846
-0.08761846153846153
-0.1178676923076923
-0.10201292307692307
-0.05716061538461538
-0.003755076923076923
0.026285538461538457
0.03921969230769231
0.05319692307692307
0.07030338461538461
0.06467076923076923
0.02044430769230769
-0.04860738461538461
-0.10848000000000001
-0.12496061538461539
-0.09867507692307692
-0.04735569230769231
-0.009804923076923077
-0.0022947692307692304
0.008761846153846153
0.042974769230769226
0.0826116923076923
0.09304246153846155
0.06613107692307692
0.02086153846153846
-0.027328615384615382
-0.05048492307692308
-0.04902461538461538
-0.043392
-0.04380923076923077
-0.03400430769230769
-0.008761846153846153
0.015020307692307692
0.021696
-0.02273907692307692
-0.06571384615384615
-0.08052553846153847
-0.06863446153846153
-0.017523692307692306
0.021070153846153846
0.034630153846153845
0.02044430769230769
0.005215384615384615
0.0035464615384615383
0.0022947692307692304
-0.004589538461538461
-0.028371692307692306
-0.03671630769230769
-0.029832
-0.0008344615384615384
0.027328615384615382
0.017940923076923077
-0.008761846153846153
-0.04380923076923077
-0.04526953846153846
-0.022530461538461537
0.010848
0.03921969230769231
0.030875076923076922
0.026494153846153844
0.02545107692307692
0.029832
0.01981846153846154
-0.016063384615384615
-0.040262769230769234
-0.052153846153846155
-0.029623384615384614
0.0006258461538461538
0.017523692307692306
0.02482523076923077
0.015854769230769228
0.026702769230769228
0.04631261538461538
0.054657230769230764
0.041514461538461535
0.0008344615384615384
-0.022530461538461537
-0.014603076923076923
0.02586830769230769
0.06362769230769232
0.06633969230769231
0.06529661538461538
0.06404492307692307
0.084072
0.09596307692307693
0.07197230769230768
0.02357353846153846
-0.05069353846153846
-0.08010830769230769
-0.06884307692307692
-0.03775938461538462
0.010013538461538461
0.048816000000000005
0.08344615384615384
0.10180430769230768
0.11411261538461538
0.09429415384615383
0.015646153846153844
-0.09033046153846153
-0.1652233846153846
-0.16501476923076921
-0.12350030769230769
-0.05403138461538461
0.026285538461538457
0.06571384615384615
0.09283384615384616
0.11911938461538461
0.11599015384615384
0.07885661538461539
0.010639384615384617
-0.051319384615384614
-0.08740984615384616
-0.08302892307692307
-0.046104
0.011473846153846154
0.05611753846153846
0.07301538461538462
0.10889723076923077
0.13351384615384615
0.11578153846153846
0.059872615384615385
-0.008970461538461538
-0.05799507692307692
-0.07697907692307693
-0.05382276923076923
-0.01814953846153846
0.006049846153846154
0.03859384615384615
0.07635323076923077
0.1045163076923077
0.09784061538461537
0.042557538461538466
-0.02482523076923077
-0.08991323076923076
-0.0961716923076923
-0.04860738461538461
-0.006884307692307692
0.04902461538461538
0.09763200000000001
0.13998092307692306
0.1612596923076923
0.16251138461538459
0.13935507692307691
0.06321046153846153
-0.01668923076923077
-0.07238953846153846
-0.06028984615384615
-0.02211323076923077
0.008344615384615384
0.06028984615384615
0.10347323076923076
0.16000799999999998
0.20047938461538461
0.18796246153846152
0.1368516923076923
0.056951999999999996
-0.0006258461538461538
-0.03129230769230769
-0.012099692307692308
