0.17481969230769231
0.16209415384615386
0.11891076923076922
0.045895384615384616
-0.03024923076923077
-0.06884307692307692
-0.06738276923076922
-0.041514461538461535
-0.009596307692307692
0.021696
0.05757784615384615
0.09533723076923077
0.11265230769230769
0.10493353846153847
0.06487938461538462
-0.02482523076923077
-0.11244369230769231
-0.1531236923076923
-0.1585476923076923
-0.12913292307692306
-0.08594953846153845
-0.037967999999999995
0.009596307692307692
0.04672984615384615
0.062376
0.03838523076923077
-0.011265230769230769
-0.07593599999999999
-0.10889723076923077
-0.0897046153846154
-0.065088
-0.04631261538461538
-0.035464615384615386
-0.026076923076923077
0.00855323076923077
0.04380923076923077
0.04860738461538461
0.009804923076923077
-0.0448523076923077
-0.06362769230769232
-0.05757784615384615
-0.027745846153846152
0.0002086153846153846
0.01272553846153846
0.024408000000000003
0.042974769230769226
0.07280676923076923
0.08720123076923077
0.07510153846153846
0.020652923076923076
-0.027120000000000002
-0.040262769230769234
-0.02524246153846154
0.008970461538461538
0.027328615384615382
0.03442153846153846
0.03609046153846154
0.051319384615384614
0.07885661538461539
0.08615815384615384
0.06049846153846154
0.024408000000000003
-0.006258461538461538
-0.025033846153846153
-0.03358707692307692
-0.04672984615384615
-0.05924676923076923
-0.05298830769230769
-0.02023569230769231
0.02753723076923077
0.05799507692307692
0.04172307692307692
-0.006884307692307692
-0.06425353846153846
-0.08302892307692307
-0.06321046153846153
-0.044435076923076924
-0.031709538461538456
-0.035255999999999996
-0.02482523076923077
0.0033378461538461535
0.035255999999999996
0.04839876923076923
0.009387692307692307
-0.034630153846153845
-0.054657230769230764
-0.03650769230769231
0.006884307692307692
0.021904615384615383
0.02524246153846154
0.02899753846153846
0.04944184615384615
0.08156861538461539
0.07885661538461539
0.032544
-0.035464615384615386
-0.07948246153846153
-0.08907876923076924
-0.0771876923076923
-0.06279323076923077
-0.05736923076923077
-0.04276615384615385
-0.0035464615384615383
0.04756430769230769
0.09116492307692307
0.09095630769230768
0.03775938461538462
-0.02357353846153846
-0.07301538461538462
-0.08636676923076922
-0.08198584615384615
-0.07051199999999999
-0.05799507692307692
-0.03650769230769231
0.02023569230769231
0.0717636923076923
0.10159569230769232
0.08052553846153847
0.02586830769230769
-0.01814953846153846
-0.04276615384615385
-0.03066646153846154
-0.01856676923076923
-0.014185846153846153
-0.0012516923076923076
0.03129230769230769
0.08511507692307693
0.11953661538461538
0.10472492307692308
0.05403138461538461
0.014603076923076923
0.016272
0.04172307692307692
0.06487938461538462
0.07969107692307692
0.0826116923076923
0.08720123076923077
0.09867507692307692
0.1136953846153846
0.10722830769230769
0.06800861538461538
0.018983999999999997
-0.012099692307692308
-0.009804923076923077
0.008136
0.03963692307692308
0.06300184615384616
0.092208
0.13455692307692307
0.16751815384615384
0.1693956923076923
0.116616
0.04672984615384615
-0.014603076923076923
-0.02858030769230769
-0.01043076923076923
0.0025033846153846152
0.005215384615384615
-0.011682461538461537
0.0
0.03901107692307692
0.06571384615384615
0.06216738461538462
0.02753723076923077
-0.016063384615384615
-0.0446436923076923
-0.051319384615384614
-0.04088861538461538
-0.038176615384615385
-0.04568676923076923
-0.03233538461538461
-0.003755076923076923
0.03859384615384615
0.06487938461538462
0.042348923076923076
-0.002712
-0.03024923076923077
-0.01940123076923077
0.015020307692307692
0.042974769230769226
0.05298830769230769
0.055491692307692304
0.05778646153846154
0.06592246153846154
0.07113784615384615
0.04568676923076923
-0.0002086153846153846
-0.03421292307692308
-0.03567323076923076
0.009179076923076922
0.05528307692307692
0.07405846153846153
0.06696553846153847
0.042974769230769226
0.03942830769230769
0.04380923076923077
0.03045784615384615
-0.006884307692307692
-0.042557538461538466
-0.053614153846153846
-0.035255999999999996
0.011682461538461537
0.04902461538461538
0.04944184615384615
0.03775938461538462
0.04526953846153846
0.06613107692307692
0.08094276923076923
0.06926030769230769
0.037342153846153844
0.019192615384615384
0.016063384615384615
0.03129230769230769
0.04318338461538461
0.025659692307692307
0.0070929230769230765
-0.003129230769230769
0.011473846153846154
0.03713353846153846
0.04672984615384615
0.030040615384615384
-0.0018775384615384615
-0.0070929230769230765
0.0004172307692307692
0.016897846153846156
0.008970461538461538
-0.03901107692307692
-0.06383630769230769
-0.07635323076923077
-0.07134646153846153
-0.043600615384615383
-0.03984553846153846
-0.041514461538461535
-0.03504738461538461
-0.003963692307692307
0.043600615384615383
0.05757784615384615
0.03442153846153846
-0.01940123076923077
-0.06633969230769231
-0.07510153846153846
-0.06592246153846154
-0.05236246153846154
-0.04944184615384615
