0.050067692307692306
0.08428061538461538
0.08031692307692308
0.053405538461538456
-0.011682461538461537
-0.07802215384615384
-0.08594953846153845
-0.07155507692307693
-0.03629907692307692
0.016063384615384615
0.06863446153846153
0.10681107692307691
0.1289243076923077
0.157296
0.13935507692307691
0.06926030769230769
-0.019609846153846155
-0.078648
-0.07197230769230768
-0.04902461538461538
-0.0016689230769230767
0.04631261538461538
0.07155507692307693
0.1045163076923077
0.13810338461538463
0.15625292307692307
0.13309661538461537
0.07927384615384615
0.024199384615384616
-0.012516923076923077
-0.018358153846153843
-0.009596307692307692
0.009804923076923077
0.03442153846153846
0.06133292307692308
0.1045163076923077
0.12350030769230769
0.10514215384615383
0.051319384615384614
-0.02023569230769231
-0.06946892307692307
-0.08094276923076923
-0.0446436923076923
-0.011265230769230769
0.022947692307692308
0.06446215384615385
0.10430769230769231
0.15270646153846154
0.1612596923076923
0.1287156923076923
0.061124307692307686
-0.012516923076923077
-0.056951999999999996
-0.07343261538461537
-0.042974769230769226
-0.008761846153846153
0.017315076923076923
0.03650769230769231
0.07259815384615384
0.11494707692307692
0.10076123076923077
0.06738276923076922
0.026911384615384615
0.002086153846153846
0.003129230769230769
-0.0014603076923076922
-0.005841230769230769
-0.014603076923076923
-0.008970461538461538
0.021696
0.05528307692307692
0.06321046153846153
0.021904615384615383
-0.03421292307692308
-0.078648
-0.092208
-0.0609156923076923
-0.028788923076923077
0.003755076923076923
0.028371692307692306
0.058829538461538454
0.10159569230769232
0.1097316923076923
0.10618523076923077
0.06133292307692308
0.008761846153846153
-0.006258461538461538
-0.016063384615384615
0.0
-0.005215384615384615
-0.015228923076923076
0.0070929230769230765
0.026494153846153844
0.06195876923076923
0.06279323076923077
0.02315630769230769
-0.016897846153846156
-0.05173661538461538
-0.04944184615384615
-0.027120000000000002
-0.010013538461538461
-0.016480615384615385
-0.020027076923076922
-0.0006258461538461538
0.03713353846153846
0.0609156923076923
0.031918153846153846
-0.013560000000000001
-0.040262769230769234
-0.03629907692307692
-0.0070929230769230765
0.011891076923076923
0.016897846153846156
0.013768615384615384
0.018983999999999997
0.06216738461538462
0.09429415384615383
0.0892873846153846
0.05236246153846154
-0.006049846153846154
-0.03066646153846154
-0.011891076923076923
0.011473846153846154
0.02586830769230769
0.012308307692307691
-0.008970461538461538
0.007301538461538462
0.03859384615384615
0.06028984615384615
0.042557538461538466
-0.01043076923076923
-0.04965046153846154
-0.058412307692307694
-0.03275261538461539
0.0016689230769230767
-0.01043076923076923
-0.04109723076923077
-0.049233230769230765
-0.02858030769230769
0.013142769230769229
0.04088861538461538
0.044435076923076924
0.02357353846153846
0.005841230769230769
0.03713353846153846
0.07510153846153846
0.062376
0.047772923076923074
0.047981538461538464
0.06529661538461538
0.09387692307692307
0.09658892307692307
0.08448923076923077
0.026285538461538457
-0.023364923076923075
-0.005215384615384615
0.03650769230769231
0.08010830769230769
0.08657538461538461
0.06216738461538462
0.03421292307692308
0.04088861538461538
0.061124307692307686
0.05194523076923077
0.017732307692307693
-0.024408000000000003
-0.035255999999999996
-0.026076923076923077
0.0029206153846153843
0.01940123076923077
-0.0077187692307692304
-0.04401784615384615
-0.055491692307692304
-0.038176615384615385
-0.010013538461538461
-0.005841230769230769
-0.016480615384615385
-0.015646153846153844
-0.026285538461538457
-0.013351384615384614
-0.0043809230769230765
-0.005841230769230769
0.00855323076923077
0.010013538461538461
0.05111076923076923
0.08073415384615384
0.06279323076923077
0.021696
-0.037342153846153844
-0.06717415384615384
-0.08469784615384615
-0.08448923076923077
-0.07468430769230769
-0.05778646153846154
-0.013768615384615384
0.02273907692307692
0.05653476923076922
0.07927384615384615
0.05048492307692308
0.006467076923076923
-0.021696
-0.03045784615384615
-0.009596307692307692
-0.0022947692307692304
-0.0033378461538461535
-0.002712
0.0002086153846153846
0.03108369230769231
0.04735569230769231
0.02586830769230769
-0.0070929230769230765
-0.034630153846153845
-0.030040615384615384
0.0035464615384615383
0.029206153846153847
0.04422646153846154
0.055491692307692304
0.08094276923076923
0.12141415384615384
0.14290153846153844
0.12558646153846154
0.07238953846153846
0.026702769230769228
0.0002086153846153846
-0.03483876923076923
-0.05778646153846154
-0.06696553846153847
-0.05820369230769231
-0.014603076923076923
0.04422646153846154
0.10952307692307692
0.13914646153846155
0.11619876923076923
0.05570030769230769
-0.002086153846153846
-0.021904615384615383
-0.012099692307692308
0.011682461538461537
-0.0002086153846153846
-0.0077187692307692304
-0.0014603076923076922
0.004798153846153846
0.026911384615384615
