-0.07760492307692309
-0.059038153846153844
-0.03379569230769231
-0.022947692307692308
-0.05716061538461538
-0.04860738461538461
-0.025659692307692307
0.008761846153846153
0.05757784615384615
0.04401784615384615
0.02086153846153846
-0.013768615384615384
-0.012934153846153845
0.010222153846153844
0.0008344615384615384
-0.018358153846153843
-0.06341907692307691
-0.05674338461538461
-0.008344615384615384
0.040679999999999994
0.0828203076923077
0.0717636923076923
0.059038153846153844
0.05069353846153846
0.05319692307692307
0.0678
0.038176615384615385
0.004589538461538461
-0.022530461538461537
-0.022947692307692308
-0.0043809230769230765
0.006049846153846154
0.04172307692307692
0.0609156923076923
0.07384984615384615
0.09325107692307691
0.11181784615384616
0.12433476923076923
0.065088
-0.009387692307692307
-0.02482523076923077
0.009804923076923077
0.06988615384615385
0.1097316923076923
0.1314276923076923
0.1205796923076923
0.10806276923076923
0.12120553846153845
0.1151556923076923
0.07197230769230768
0.002086153846153846
-0.03921969230769231
-0.04547815384615384
-0.015020307692307692
0.03400430769230769
0.06049846153846154
0.06362769230769232
0.05736923076923077
0.07009476923076922
0.07113784615384615
0.03692492307692308
-0.017315076923076923
-0.073224
-0.10472492307692308
-0.0880356923076923
-0.03713353846153846
0.015854769230769228
0.040054153846153843
0.053405538461538456
0.09429415384615383
0.10722830769230769
0.08594953846153845
0.040262769230769234
-0.010848
-0.040262769230769234
-0.04526953846153846
0.0012516923076923076
0.06863446153846153
0.14039815384615384
0.18900553846153845
0.21633415384615384
0.22300984615384614
0.19463815384615382
0.1424843076923077
0.05298830769230769
-0.02273907692307692
-0.05611753846153846
-0.04631261538461538
0.0033378461538461535
0.05736923076923077
0.09700615384615385
0.11870215384615385
0.13518276923076925
0.13706030769230768
0.08511507692307693
0.0025033846153846152
-0.08031692307692308
-0.12579507692307693
-0.11014892307692307
-0.07405846153846153
-0.012099692307692308
0.03400430769230769
0.05862092307692307
0.07948246153846153
0.07113784615384615
0.05403138461538461
-0.020027076923076922
-0.10889723076923077
-0.15917353846153848
-0.1691870769230769
-0.11077476923076923
-0.05236246153846154
0.010848
0.06967753846153846
0.10597661538461538
0.138312
0.11682461538461539
0.05653476923076922
-0.028788923076923077
-0.10055261538461538
-0.1287156923076923
-0.11578153846153846
-0.05611753846153846
-0.010639384615384617
0.03379569230769231
0.07677046153846154
0.0771876923076923
0.08448923076923077
0.054240000000000003
-0.024408000000000003
-0.10743692307692307
-0.19964492307692308
-0.2075723076923077
-0.1706473846153846
-0.10743692307692307
-0.02899753846153846
0.02586830769230769
0.10076123076923077
0.12788123076923075
0.11578153846153846
0.0446436923076923
-0.06028984615384615
-0.12496061538461539
-0.15520984615384617
-0.11557292307692307
-0.05820369230769231
-0.004172307692307692
0.04965046153846154
0.08490646153846154
0.12412615384615384
0.12621230769230768
0.10159569230769232
0.041514461538461535
-0.04088861538461538
-0.07134646153846153
-0.05611753846153846
-0.006884307692307692
0.04672984615384615
0.08740984615384616
0.10660246153846153
0.11286092307692308
0.12266584615384615
0.10076123076923077
0.041514461538461535
-0.018983999999999997
-0.06133292307692308
-0.06759138461538462
-0.03671630769230769
0.012934153846153845
0.06967753846153846
0.11640738461538462
0.17315076923076922
0.22300984615384614
0.22593046153846155
0.17961784615384613
0.10096984615384616
0.010013538461538461
-0.07364123076923076
-0.07739630769230768
-0.017940923076923077
0.031918153846153846
0.06905169230769231
0.11348676923076922
0.1570873846153846
0.1543753846153846
0.11348676923076922
0.04401784615384615
-0.045895384615384616
-0.10764553846153846
-0.10994030769230768
-0.06049846153846154
-0.01981846153846154
0.02524246153846154
0.08594953846153845
0.11432123076923076
0.11870215384615385
0.09450276923076922
0.02586830769230769
-0.059872615384615385
-0.12162276923076921
-0.14686523076923075
-0.12662953846153846
-0.0961716923076923
-0.05173661538461538
-0.0022947692307692304
0.021696
0.06633969230769231
0.09325107692307691
0.07551876923076924
0.004589538461538461
-0.08010830769230769
-0.11953661538461538
-0.12266584615384615
-0.08615815384615384
-0.03650769230769231
0.006884307692307692
0.035255999999999996
0.05319692307692307
0.07238953846153846
0.058412307692307694
0.0035464615384615383
-0.065088
-0.12496061538461539
-0.143736
-0.12433476923076923
-0.078648
-0.04214030769230769
-0.015228923076923076
0.03212676923076923
0.06842584615384616
0.07760492307692309
0.05194523076923077
-0.01043076923076923
-0.08720123076923077
-0.13726892307692307
-0.13247076923076923
-0.09471138461538461
-0.058412307692307694
-0.042348923076923076
-0.017315076923076923
0.026076923076923077
0.06070707692307692
0.08594953846153845
0.05736923076923077
