0.1097316923076923
0.12788123076923075
0.12683815384615382
0.11265230769230769
0.05298830769230769
-0.017523692307692306
-0.0826116923076923
-0.10076123076923077
-0.05653476923076922
0.0014603076923076922
0.08240307692307691
0.13601723076923075
0.1704387692307692
0.20193969230769232
0.184416
0.11494707692307692
0.016480615384615385
-0.06738276923076922
-0.10868861538461538
-0.08866153846153846
-0.024616615384615383
0.04819015384615385
0.10618523076923077
0.13810338461538463
0.15896492307692306
0.1666836923076923
0.12788123076923075
0.03567323076923076
-0.07092923076923077
-0.14603076923076924
-0.1712732307692308
-0.143736
-0.07259815384615384
0.005841230769230769
0.07948246153846153
0.12975876923076923
0.14936861538461538
0.12996738461538462
0.053614153846153846
-0.043392
-0.12579507692307693
-0.1570873846153846
-0.13998092307692306
-0.08302892307692307
0.00855323076923077
0.08511507692307693
0.14185846153846154
0.17315076923076922
0.16730953846153845
0.11265230769230769
0.013768615384615384
-0.08031692307692308
-0.130176
-0.1316363076923077
-0.09241661538461539
-0.02482523076923077
0.03108369230769231
0.07197230769230768
0.10117846153846152
0.10263876923076923
0.07259815384615384
0.010639384615384617
-0.06571384615384615
-0.12913292307692306
-0.15395815384615386
-0.12975876923076923
-0.0853236923076923
-0.04756430769230769
-0.0014603076923076922
0.03775938461538462
0.044435076923076924
0.02211323076923077
-0.04318338461538461
-0.12224861538461537
-0.18316430769230768
-0.20840676923076923
-0.1656406153846154
-0.10347323076923076
-0.05173661538461538
0.005424
0.052153846153846155
0.09429415384615383
0.10243015384615384
0.06633969230769231
-0.002712
-0.0892873846153846
-0.13852061538461538
-0.146448
-0.11828492307692307
-0.06884307692307692
-0.020652923076923076
0.02044430769230769
0.06529661538461538
0.10576799999999999
0.10535076923076922
0.05820369230769231
-0.02357353846153846
-0.086784
-0.09012184615384615
-0.05277969230769231
0.006884307692307692
0.06821723076923077
0.09992676923076924
0.12558646153846154
0.14665661538461539
0.13330523076923076
0.0892873846153846
0.024616615384615383
-0.029832
-0.053405538461538456
-0.028163076923076923
0.011682461538461537
0.04693846153846153
0.086784
0.10764553846153846
0.1353913846153846
0.14185846153846154
0.12266584615384615
0.0855323076923077
0.0077187692307692304
-0.04214030769230769
-0.05277969230769231
-0.030875076923076922
0.0
0.015854769230769228
0.059664
0.09846646153846153
0.11348676923076922
0.11870215384615385
0.07280676923076923
-0.0029206153846153843
-0.07280676923076923
-0.10660246153846153
-0.06654830769230768
-0.014811692307692307
0.02586830769230769
0.04547815384615384
0.04985907692307692
0.0744756923076923
0.09304246153846155
0.07969107692307692
0.021696
-0.026702769230769228
-0.04172307692307692
-0.028163076923076923
0.008970461538461538
0.02858030769230769
0.032544
0.04172307692307692
0.07030338461538461
0.10117846153846152
0.10159569230769232
0.05945538461538461
0.006467076923076923
-0.03483876923076923
-0.045895384615384616
-0.018775384615384614
0.0025033846153846152
0.026494153846153844
0.03671630769230769
0.03880246153846154
0.05820369230769231
0.05820369230769231
0.03629907692307692
-0.01856676923076923
-0.08302892307692307
-0.11077476923076923
-0.10117846153846152
-0.07238953846153846
-0.04401784615384615
-0.031709538461538456
-0.02044430769230769
0.006675692307692307
0.03567323076923076
0.055491692307692304
0.03275261538461539
-0.015020307692307692
-0.04819015384615385
-0.05778646153846154
-0.03045784615384615
-0.014394461538461538
-0.0070929230769230765
0.00855323076923077
0.03483876923076923
0.09596307692307693
0.12996738461538462
0.11682461538461539
0.07259815384615384
0.017940923076923077
-0.0043809230769230765
0.0004172307692307692
0.023364923076923075
0.03024923076923077
0.029206153846153847
0.06008123076923077
0.0961716923076923
0.1287156923076923
0.11974523076923077
0.06300184615384616
0.007927384615384614
-0.04756430769230769
-0.054240000000000003
-0.029206153846153847
-0.016063384615384615
-0.0070929230769230765
-0.011682461538461537
0.02086153846153846
0.07697907692307693
0.1045163076923077
0.08949599999999999
0.042348923076923076
0.011682461538461537
0.0014603076923076922
0.010013538461538461
0.026702769230769228
0.028788923076923077
0.011891076923076923
0.013351384615384614
0.05444861538461539
0.07927384615384615
0.07280676923076923
0.032544
-0.02795446153846154
-0.07155507692307693
-0.06654830769230768
-0.03379569230769231
-0.024408000000000003
-0.016272
0.008970461538461538
0.04860738461538461
0.0855323076923077
0.09158215384615384
0.04547815384615384
-0.051319384615384614
-0.132888
-0.15938215384615384
-0.13622584615384614
-0.09971815384615385
-0.07969107692307692
-0.045895384615384616
0.0018775384615384615
0.05528307692307692
0.08761846153846153
0.08344615384615384
