0.04631261538461538
0.049233230769230765
0.027328615384615382
0.021904615384615383
0.05382276923076923
0.07030338461538461
0.06446215384615385
0.040054153846153843
0.016897846153846156
0.016063384615384615
0.03400430769230769
0.05674338461538461
0.07030338461538461
0.07259815384615384
0.09471138461538461
0.1424843076923077
0.17815753846153848
0.1696043076923077
0.1070196923076923
0.03066646153846154
-0.016480615384615385
-0.009596307692307692
0.03755076923076923
0.08720123076923077
0.10743692307692307
0.09825784615384614
0.10180430769230768
0.10347323076923076
0.08615815384615384
0.04965046153846154
-0.012308307692307691
-0.04944184615384615
-0.054657230769230764
-0.02315630769230769
0.03400430769230769
0.07551876923076924
0.10368184615384615
0.11035753846153845
0.11557292307692307
0.10827138461538462
0.06529661538461538
-0.0006258461538461538
-0.073224
-0.10409907692307692
-0.06821723076923077
-0.008344615384615384
0.04172307692307692
0.0826116923076923
0.11327815384615383
0.13059323076923077
0.1462393846153846
0.1462393846153846
0.09179076923076923
0.0029206153846153843
-0.06633969230769231
-0.0828203076923077
-0.059664
-0.01940123076923077
0.016063384615384615
0.028163076923076923
0.032544
0.03692492307692308
0.03755076923076923
0.0070929230769230765
-0.06988615384615385
-0.1422756923076923
-0.16251138461538459
-0.12287446153846153
-0.04902461538461538
0.010013538461538461
0.040262769230769234
0.05528307692307692
0.05611753846153846
0.03921969230769231
-0.024408000000000003
-0.10535076923076922
-0.17169046153846151
-0.2236356923076923
-0.2075723076923077
-0.13518276923076925
-0.052153846153846155
0.014811692307692307
0.05653476923076922
0.0963803076923077
0.13101046153846155
0.13101046153846155
0.08615815384615384
0.006049846153846154
-0.07927384615384615
-0.13664307692307692
-0.14081538461538462
-0.10096984615384616
-0.04130584615384615
0.011265230769230769
0.0446436923076923
0.09199938461538461
0.11202646153846153
0.08219446153846154
0.016897846153846156
-0.07051199999999999
-0.10785415384615385
-0.10159569230769232
-0.06279323076923077
-0.015020307692307692
0.02023569230769231
0.05277969230769231
0.06279323076923077
0.09387692307692307
0.10597661538461538
0.05048492307692308
-0.03108369230769231
-0.10660246153846153
-0.1287156923076923
-0.08761846153846153
-0.020027076923076922
0.040679999999999994
0.08448923076923077
0.11327815384615383
0.13101046153846155
0.124752
0.08094276923076923
0.023782153846153845
-0.03713353846153846
-0.07218092307692307
-0.04631261538461538
-0.0070929230769230765
0.021904615384615383
0.04672984615384615
0.06008123076923077
0.0826116923076923
0.0934596923076923
0.08156861538461539
0.05507446153846154
-0.00855323076923077
-0.065088
-0.07489292307692308
-0.03963692307692308
0.006467076923076923
0.04109723076923077
0.06946892307692307
0.09679753846153846
0.127464
0.12204
0.084072
0.010639384615384617
-0.0744756923076923
-0.10889723076923077
-0.09325107692307691
-0.03129230769230769
0.03150092307692308
0.07009476923076922
0.1070196923076923
0.1341396923076923
0.15562707692307692
0.14290153846153844
0.0892873846153846
0.040679999999999994
-0.01272553846153846
-0.03671630769230769
-0.016272
0.007510153846153846
0.03275261538461539
0.03921969230769231
0.05111076923076923
0.07092923076923077
0.06842584615384616
0.03567323076923076
-0.03275261538461539
-0.092208
-0.10535076923076922
-0.0771876923076923
-0.040679999999999994
-0.010639384615384617
0.010848
0.02795446153846154
0.0448523076923077
0.04401784615384615
0.03942830769230769
0.014185846153846153
-0.03483876923076923
-0.05924676923076923
-0.06759138461538462
-0.06550523076923077
-0.061124307692307686
-0.04902461538461538
-0.017315076923076923
0.012099692307692308
0.051528
0.08845292307692308
0.09095630769230768
0.04819015384615385
-0.013560000000000001
-0.03713353846153846
-0.03609046153846154
-0.02795446153846154
-0.014185846153846153
-0.0035464615384615383
0.015020307692307692
0.03755076923076923
0.058412307692307694
0.04109723076923077
-0.0077187692307692304
-0.052153846153846155
-0.08344615384615384
-0.0771876923076923
-0.06487938461538462
-0.045895384615384616
-0.004798153846153846
0.02482523076923077
0.07092923076923077
0.10618523076923077
0.10180430769230768
0.06633969230769231
-0.0022947692307692304
-0.06195876923076923
-0.0934596923076923
-0.08949599999999999
-0.06800861538461538
-0.05298830769230769
-0.03713353846153846
0.0002086153846153846
0.059872615384615385
0.10347323076923076
0.12266584615384615
0.10472492307692308
0.06383630769230769
0.04214030769230769
0.03442153846153846
0.029414769230769227
0.015228923076923076
0.0029206153846153843
0.0012516923076923076
0.02211323076923077
0.061124307692307686
0.073224
0.04631261538461538
0.004798153846153846
-0.01940123076923077
-0.018358153846153843
-0.010222153846153844
-0.0022947692307692304
0.016480615384615385
0.03442153846153846
0.06425353846153846
