-0.014811692307692307
-0.07364123076923076
-0.11557292307692307
-0.12224861538461537
-0.10660246153846153
-0.08052553846153847
-0.04214030769230769
0.016897846153846156
0.07927384615384615
0.10764553846153846
0.08574092307692306
0.013768615384615384
-0.05444861538461539
-0.0892873846153846
-0.10076123076923077
-0.09262523076923077
-0.09512861538461538
-0.0771876923076923
-0.031918153846153846
0.010848
0.06967753846153846
0.084072
0.03337846153846154
-0.005424
-0.014603076923076923
-0.0012516923076923076
0.006675692307692307
-0.00855323076923077
0.0
0.035255999999999996
0.09450276923076922
0.14749107692307692
0.15875630769230767
0.1353913846153846
0.07051199999999999
0.009804923076923077
-0.03108369230769231
-0.03400430769230769
-0.009596307692307692
0.0043809230769230765
0.02858030769230769
0.05048492307692308
0.09325107692307691
0.13038461538461538
0.11202646153846153
0.06216738461538462
-0.0029206153846153843
-0.03275261538461539
-0.024408000000000003
-0.015228923076923076
-0.018358153846153843
-0.02357353846153846
0.0033378461538461535
0.04693846153846153
0.09053907692307692
0.10806276923076923
0.08073415384615384
0.03442153846153846
-0.0004172307692307692
-0.0035464615384615383
0.003963692307692307
0.0002086153846153846
-0.015228923076923076
-0.013560000000000001
0.018983999999999997
0.06133292307692308
0.10055261538461538
0.0892873846153846
0.03275261538461539
-0.012099692307692308
-0.03942830769230769
-0.03963692307692308
-0.041514461538461535
-0.06592246153846154
-0.08740984615384616
-0.08344615384615384
-0.04547815384615384
-0.011265230769230769
0.0002086153846153846
-0.016480615384615385
-0.03984553846153846
-0.040054153846153843
-0.034630153846153845
-0.024408000000000003
-0.028788923076923077
-0.056326153846153845
-0.06487938461538462
-0.054240000000000003
-0.019609846153846155
0.01814953846153846
0.020027076923076922
-0.0006258461538461538
-0.020027076923076922
0.003129230769230769
0.03880246153846154
0.054240000000000003
0.037342153846153844
0.0014603076923076922
0.0025033846153846152
0.021070153846153846
0.06216738461538462
0.08866153846153846
0.08636676923076922
0.08782707692307692
0.08386338461538462
0.10618523076923077
0.10764553846153846
0.06446215384615385
0.0035464615384615383
-0.052153846153846155
-0.05382276923076923
-0.027745846153846152
0.006884307692307692
0.01814953846153846
-0.004589538461538461
0.0012516923076923076
0.030875076923076922
0.06341907692307691
0.07489292307692308
0.03921969230769231
-0.012308307692307691
-0.055491692307692304
-0.04088861538461538
0.017523692307692306
0.05736923076923077
0.06675692307692307
0.05236246153846154
0.06487938461538462
0.073224
0.07238953846153846
0.052571076923076915
-0.02023569230769231
-0.0771876923076923
-0.11181784615384616
-0.08344615384615384
-0.027745846153846152
0.0002086153846153846
0.032544
0.025033846153846153
0.040679999999999994
0.05090215384615384
-0.0016689230769230767
-0.06279323076923077
-0.15333230769230768
-0.1908830769230769
-0.16876984615384616
-0.12725538461538463
-0.056951999999999996
-0.027120000000000002
0.010222153846153844
0.042557538461538466
0.047772923076923074
0.03296123076923077
-0.03984553846153846
-0.09325107692307691
-0.13080184615384613
-0.12913292307692306
-0.0771876923076923
-0.016897846153846156
0.04714707692307692
0.05486584615384615
0.0609156923076923
0.08010830769230769
0.07405846153846153
0.059872615384615385
0.008344615384615384
-0.037967999999999995
-0.054657230769230764
-0.051528
-0.007301538461538462
0.03880246153846154
0.07614461538461538
0.09825784615384614
0.09992676923076924
0.09971815384615385
0.07760492307692309
0.020652923076923076
-0.05090215384615384
-0.09262523076923077
-0.07948246153846153
-0.017940923076923077
0.0446436923076923
0.09304246153846155
0.14311015384615386
0.17565415384615385
0.18128676923076922
0.14457046153846154
0.0855323076923077
0.012099692307692308
-0.047981538461538464
-0.05069353846153846
-0.02023569230769231
0.042348923076923076
0.09825784615384614
0.12725538461538463
0.15374953846153847
0.16772676923076923
0.17231630769230769
0.1289243076923077
0.04214030769230769
-0.026494153846153844
-0.06446215384615385
-0.04547815384615384
-0.002086153846153846
0.03775938461538462
0.07489292307692308
0.08761846153846153
0.11348676923076922
0.13080184615384613
0.11202646153846153
0.055491692307692304
-0.026285538461538457
-0.07885661538461539
-0.1136953846153846
-0.10493353846153847
-0.06592246153846154
-0.03337846153846154
0.00855323076923077
0.035464615384615386
0.05277969230769231
0.03692492307692308
-0.008136
-0.07092923076923077
-0.13184492307692308
-0.13476553846153844
-0.10868861538461538
-0.05173661538461538
0.016897846153846156
0.06154153846153846
0.09387692307692307
0.116616
0.12308307692307692
0.09325107692307691
0.013351384615384614
-0.08448923076923077
-0.15520984615384617
-0.15833907692307692
-0.09992676923076924
-0.040679999999999994
0.00855323076923077
0.043392
0.07739630769230768
0.10430769230769231
0.10117846153846152
