0.12016246153846154
0.11494707692307692
0.07051199999999999
-0.03150092307692308
-0.09700615384615385
-0.13518276923076925
-0.12266584615384615
-0.06633969230769231
-0.009596307692307692
0.05027630769230769
0.07551876923076924
0.09950953846153845
0.09846646153846153
0.04965046153846154
-0.03108369230769231
-0.10785415384615385
-0.13101046153846155
-0.11599015384615384
-0.05090215384615384
0.014185846153846153
0.05173661538461538
0.07677046153846154
0.09429415384615383
0.1151556923076923
0.09283384615384616
0.028788923076923077
-0.04819015384615385
-0.11578153846153846
-0.11703323076923078
-0.06258461538461538
-0.003129230769230769
0.04860738461538461
0.07656184615384615
0.11807630769230769
0.14603076923076924
0.14164984615384615
0.13184492307692308
0.06362769230769232
-0.008344615384615384
-0.053405538461538456
-0.06633969230769231
-0.037967999999999995
-0.012934153846153845
0.03024923076923077
0.06258461538461538
0.09116492307692307
0.11265230769230769
0.10722830769230769
0.07969107692307692
0.004589538461538461
-0.03963692307692308
-0.04193169230769231
-0.013560000000000001
0.03650769230769231
0.05674338461538461
0.08365476923076923
0.10827138461538462
0.12537784615384615
0.1316363076923077
0.08240307692307691
0.011891076923076923
-0.05444861538461539
-0.0936683076923077
-0.0880356923076923
-0.07468430769230769
-0.053405538461538456
-0.029832
0.0012516923076923076
0.04401784615384615
0.06654830769230768
0.052153846153846155
-0.014394461538461538
-0.09158215384615384
-0.1504116923076923
-0.1693956923076923
-0.1356
-0.09784061538461537
-0.05444861538461539
-0.024199384615384616
0.003129230769230769
0.03775938461538462
0.032544
-0.006049846153846154
-0.07030338461538461
-0.10889723076923077
-0.10472492307692308
-0.08448923076923077
-0.04860738461538461
-0.009596307692307692
0.023990769230769232
0.05298830769230769
0.07614461538461538
0.08219446153846154
0.06738276923076922
0.01814953846153846
-0.03296123076923077
-0.05027630769230769
-0.037342153846153844
-0.017732307692307693
-0.012934153846153845
-0.015646153846153844
-0.010013538461538461
0.02795446153846154
0.050067692307692306
0.03650769230769231
-0.0004172307692307692
-0.053405538461538456
-0.08511507692307693
-0.08302892307692307
-0.04944184615384615
-0.021070153846153846
-0.011473846153846154
0.0012516923076923076
0.03045784615384615
0.056326153846153845
0.07384984615384615
0.06738276923076922
0.03212676923076923
0.0006258461538461538
-0.021696
-0.0033378461538461535
0.011473846153846154
0.009596307692307692
0.015437538461538461
0.026076923076923077
0.07635323076923077
0.12120553846153845
0.13101046153846155
0.10263876923076923
0.06049846153846154
0.03984553846153846
0.03129230769230769
0.03275261538461539
0.027745846153846152
0.008136
-0.014811692307692307
-0.010639384615384617
0.014185846153846153
0.03629907692307692
0.04380923076923077
0.02315630769230769
0.004589538461538461
0.0077187692307692304
0.02545107692307692
0.03150092307692308
0.010013538461538461
-0.014603076923076923
-0.012934153846153845
0.0035464615384615383
0.023364923076923075
0.028788923076923077
0.009804923076923077
0.0004172307692307692
0.0022947692307692304
0.030040615384615384
0.05382276923076923
0.048816000000000005
0.041514461538461535
0.02482523076923077
0.028163076923076923
0.04819015384615385
0.059872615384615385
0.041514461538461535
-0.0029206153846153843
-0.03233538461538461
-0.03358707692307692
-0.02357353846153846
-0.018775384615384614
-0.02044430769230769
-0.028371692307692306
0.008344615384615384
0.06300184615384616
0.10055261538461538
0.09491999999999999
0.044435076923076924
0.014603076923076923
-0.00855323076923077
-0.005841230769230769
0.014185846153846153
0.010013538461538461
-0.0029206153846153843
0.016063384615384615
0.07364123076923076
0.11640738461538462
0.12558646153846154
0.10326461538461539
0.06154153846153846
0.043392
0.06446215384615385
0.07510153846153846
0.059038153846153844
0.029206153846153847
0.0022947692307692304
0.005632615384615384
0.02211323076923077
0.04944184615384615
0.06028984615384615
0.027745846153846152
0.0012516923076923076
0.0029206153846153843
0.009804923076923077
0.014603076923076923
0.008344615384615384
0.0006258461538461538
0.003963692307692307
0.016063384615384615
0.03108369230769231
0.021070153846153846
-0.02211323076923077
-0.086784
-0.12516923076923075
-0.11223507692307692
-0.09095630769230768
-0.07259815384615384
-0.05653476923076922
-0.03024923076923077
0.005424
0.043600615384615383
0.06675692307692307
0.03713353846153846
-0.027328615384615382
-0.0828203076923077
-0.10263876923076923
-0.09784061538461537
-0.06863446153846153
-0.056326153846153845
-0.056951999999999996
-0.037967999999999995
-0.011056615384615385
0.011473846153846154
-0.009387692307692307
-0.053614153846153846
-0.09325107692307691
-0.10117846153846152
-0.08636676923076922
-0.06800861538461538
-0.06446215384615385
-0.0771876923076923
-0.07593599999999999
-0.06321046153846153
-0.03108369230769231
-0.028163076923076923
-0.05069353846153846
-0.06321046153846153
