-0.03504738461538461
-0.015020307692307692
-0.008136
-0.03024923076923077
-0.040679999999999994
-0.018775384615384614
-0.006049846153846154
-0.00855323076923077
-0.0448523076923077
-0.08094276923076923
-0.09554584615384615
-0.08761846153846153
-0.06446215384615385
-0.08761846153846153
-0.12120553846153845
-0.15646153846153846
-0.1718990769230769
-0.12913292307692306
-0.08824430769230769
-0.04756430769230769
-0.027745846153846152
-0.00855323076923077
0.028163076923076923
0.03629907692307692
0.028163076923076923
-0.01940123076923077
-0.07030338461538461
-0.09241661538461539
-0.09053907692307692
-0.030875076923076922
0.030875076923076922
0.059038153846153844
0.06571384615384615
0.06863446153846153
0.1028473846153846
0.10764553846153846
0.04693846153846153
-0.04109723076923077
-0.10868861538461538
-0.11619876923076923
-0.08156861538461539
-0.012099692307692308
0.0609156923076923
0.11181784615384616
0.14832553846153845
0.16501476923076921
0.16021661538461537
0.11014892307692307
0.02357353846153846
-0.05653476923076922
-0.09700615384615385
-0.08949599999999999
-0.053405538461538456
0.0043809230769230765
0.05277969230769231
0.09450276923076922
0.13789476923076924
0.1693956923076923
0.1846246153846154
0.14144123076923076
0.07009476923076922
0.02524246153846154
0.02586830769230769
0.059664
0.09241661538461539
0.138312
0.16856123076923077
0.1666836923076923
0.16105107692307694
0.13101046153846155
0.08323753846153846
0.008970461538461538
-0.06300184615384616
-0.07197230769230768
-0.03921969230769231
0.023990769230769232
0.08824430769230769
0.13455692307692307
0.1710646153846154
0.19359507692307693
0.19693292307692306
0.13852061538461538
0.03045784615384615
-0.06321046153846153
-0.12725538461538463
-0.1218313846153846
-0.07364123076923076
-0.02524246153846154
0.02858030769230769
0.05924676923076923
0.1045163076923077
0.13080184615384613
0.1151556923076923
0.065088
-0.01856676923076923
-0.05799507692307692
-0.065088
-0.028788923076923077
0.023364923076923075
0.037342153846153844
0.0446436923076923
0.03045784615384615
0.027328615384615382
0.015020307692307692
-0.03337846153846154
-0.09262523076923077
-0.15500123076923078
-0.17002153846153847
-0.1462393846153846
-0.09179076923076923
-0.03400430769230769
0.004589538461538461
0.03921969230769231
0.05486584615384615
0.058829538461538454
0.040679999999999994
-0.006049846153846154
-0.06341907692307691
-0.10910584615384614
-0.11223507692307692
-0.06759138461538462
-0.0022947692307692304
0.04693846153846153
0.06884307692307692
0.07551876923076924
0.08740984615384616
0.0988836923076923
0.06529661538461538
-0.0006258461538461538
-0.06967753846153846
-0.09658892307692307
-0.06404492307692307
-0.010013538461538461
0.04172307692307692
0.06133292307692308
0.0828203076923077
0.10493353846153847
0.09763200000000001
0.058829538461538454
-0.032544
-0.13101046153846155
-0.1990190769230769
-0.20193969230769232
-0.13372246153846154
-0.06946892307692307
-0.009596307692307692
0.03650769230769231
0.07364123076923076
0.11557292307692307
0.10827138461538462
0.07927384615384615
0.0012516923076923076
-0.0826116923076923
-0.09012184615384615
-0.06216738461538462
-0.004172307692307692
0.03921969230769231
0.06195876923076923
0.07051199999999999
0.09095630769230768
0.11828492307692307
0.09554584615384615
0.05570030769230769
-0.006467076923076923
-0.033169846153846154
-0.02273907692307692
-0.007927384615384614
0.029414769230769227
0.03901107692307692
0.03921969230769231
0.05590892307692308
0.08240307692307691
0.08636676923076922
0.03692492307692308
-0.018983999999999997
-0.05799507692307692
-0.07113784615384615
-0.047772923076923074
-0.01981846153846154
0.016897846153846156
0.037342153846153844
0.05236246153846154
0.086784
0.08991323076923076
0.06362769230769232
0.011682461538461537
-0.04985907692307692
-0.07927384615384615
-0.07468430769230769
-0.043392
-0.014603076923076923
0.0043809230769230765
0.031709538461538456
0.06967753846153846
0.0988836923076923
0.08845292307692308
0.06279323076923077
0.02753723076923077
-0.00855323076923077
-0.027120000000000002
-0.03984553846153846
-0.040262769230769234
-0.05048492307692308
-0.051528
-0.026911384615384615
-0.003755076923076923
0.013768615384615384
0.0029206153846153843
-0.03713353846153846
-0.07113784615384615
-0.07218092307692307
-0.05069353846153846
-0.02899753846153846
-0.02315630769230769
-0.030040615384615384
-0.01272553846153846
0.025033846153846153
0.056326153846153845
0.05716061538461538
0.017940923076923077
-0.03337846153846154
-0.05507446153846154
-0.03275261538461539
0.0022947692307692304
0.03650769230769231
0.04902461538461538
0.04380923076923077
0.06967753846153846
0.09867507692307692
0.10430769230769231
0.07739630769230768
0.02211323076923077
-0.011891076923076923
-0.027328615384615382
-0.009179076923076922
0.018983999999999997
0.021070153846153846
0.02211323076923077
0.030040615384615384
0.06863446153846153
0.08386338461538462
0.05507446153846154
0.021696
-0.023364923076923075
