0.027120000000000002
0.0029206153846153843
-0.027120000000000002
-0.0446436923076923
-0.03838523076923077
-0.027328615384615382
-0.02795446153846154
-0.03024923076923077
-0.022947692307692308
0.011891076923076923
0.051528
0.06049846153846154
0.03108369230769231
-0.012934153846153845
-0.031709538461538456
-0.03233538461538461
-0.005424
0.011682461538461537
0.010639384615384617
0.0029206153846153843
-0.0002086153846153846
0.032544
0.0448523076923077
0.03233538461538461
-0.01668923076923077
-0.056951999999999996
-0.04693846153846153
-0.03400430769230769
-0.02899753846153846
-0.05277969230769231
-0.047772923076923074
-0.0008344615384615384
0.05924676923076923
0.11724184615384614
0.12662953846153846
0.10535076923076922
0.06467076923076923
0.03150092307692308
0.019192615384615384
0.013768615384615384
0.03150092307692308
0.046104
0.05486584615384615
0.073224
0.09116492307692307
0.09700615384615385
0.06487938461538462
0.015646153846153844
-0.011265230769230769
-0.0077187692307692304
0.01668923076923077
0.035464615384615386
0.03692492307692308
0.024199384615384616
0.017523692307692306
0.04109723076923077
0.06613107692307692
0.040262769230769234
-0.011682461538461537
-0.05298830769230769
-0.07781353846153846
-0.07092923076923077
-0.05799507692307692
-0.04944184615384615
-0.04714707692307692
-0.030040615384615384
0.013560000000000001
0.06049846153846154
0.08574092307692306
0.06321046153846153
0.01940123076923077
-0.021278769230769233
-0.02482523076923077
-0.0077187692307692304
-0.007301538461538462
-0.025033846153846153
-0.037342153846153844
-0.013560000000000001
0.022947692307692308
0.05298830769230769
0.030875076923076922
-0.021696
-0.061124307692307686
-0.08010830769230769
-0.06571384615384615
-0.05528307692307692
-0.04693846153846153
-0.04902461538461538
-0.049233230769230765
-0.03609046153846154
-0.027120000000000002
-0.02273907692307692
-0.04547815384615384
-0.06884307692307692
-0.06675692307692307
-0.04902461538461538
-0.02357353846153846
-0.029623384615384614
-0.06842584615384616
-0.09721476923076922
-0.0963803076923077
-0.045895384615384616
0.0077187692307692304
0.03838523076923077
0.055491692307692304
0.07030338461538461
0.10222153846153846
0.1070196923076923
0.103056
0.059664
-0.0022947692307692304
-0.016480615384615385
0.008970461538461538
0.06467076923076923
0.07155507692307693
0.07426707692307692
0.08344615384615384
0.07906523076923076
0.09971815384615385
0.10389046153846154
0.086784
0.031709538461538456
-0.01668923076923077
-0.0006258461538461538
0.03275261538461539
0.06675692307692307
0.08657538461538461
0.09450276923076922
0.09700615384615385
0.09429415384615383
0.09679753846153846
0.05507446153846154
-0.0029206153846153843
-0.05298830769230769
-0.07489292307692308
-0.03129230769230769
0.011473846153846154
0.05236246153846154
0.08010830769230769
0.09909230769230769
0.12934153846153845
0.13768615384615385
0.13309661538461537
0.08344615384615384
0.004798153846153846
-0.06800861538461538
-0.10493353846153847
-0.07051199999999999
-0.030875076923076922
0.007510153846153846
0.03442153846153846
0.05653476923076922
0.09575446153846154
0.08615815384615384
0.03921969230769231
-0.022947692307692308
-0.07906523076923076
-0.09846646153846153
-0.086784
-0.04902461538461538
-0.014394461538461538
0.012099692307692308
0.027328615384615382
0.03880246153846154
0.06905169230769231
0.059038153846153844
0.013351384615384614
-0.04318338461538461
-0.08386338461538462
-0.06884307692307692
-0.04839876923076923
0.004798153846153846
0.050067692307692306
0.07426707692307692
0.10806276923076923
0.10096984615384616
0.10096984615384616
0.06195876923076923
-0.009179076923076922
-0.06154153846153846
-0.09033046153846153
-0.03275261538461539
0.03400430769230769
0.1028473846153846
0.15938215384615384
0.173568
0.20047938461538461
0.1777403076923077
0.12266584615384615
0.03150092307692308
-0.06988615384615385
-0.11494707692307692
-0.12412615384615384
-0.05319692307692307
0.019609846153846155
0.07384984615384615
0.130176
0.14957723076923077
0.1635544615384615
0.127464
0.07280676923076923
0.013142769230769229
-0.056951999999999996
-0.05590892307692308
-0.018358153846153843
0.03671630769230769
0.09721476923076922
0.1289243076923077
0.1502030769230769
0.15082892307692305
0.13476553846153844
0.07364123076923076
-0.005215384615384615
-0.05716061538461538
-0.08469784615384615
-0.05736923076923077
-0.013768615384615384
0.04965046153846154
0.10409907692307692
0.12683815384615382
0.15270646153846154
0.14269292307692305
0.09512861538461538
0.0004172307692307692
-0.09971815384615385
-0.16584923076923075
-0.20047938461538461
-0.165432
-0.1151556923076923
-0.059038153846153844
0.0025033846153846152
0.03838523076923077
0.07259815384615384
0.06028984615384615
0.017315076923076923
-0.04819015384615385
-0.11891076923076922
-0.1207883076923077
-0.11286092307692308
-0.086784
-0.059872615384615385
-0.05382276923076923
-0.016063384615384615
-0.0016689230769230767
