0.018983999999999997
0.037342153846153844
0.06592246153846154
0.11223507692307692
0.14311015384615386
0.13872923076923074
0.09095630769230768
0.02211323076923077
-0.02524246153846154
-0.04130584615384615
-0.03629907692307692
-0.02795446153846154
-0.016480615384615385
0.01668923076923077
0.07113784615384615
0.12037107692307693
0.12934153846153845
0.10076123076923077
0.04193169230769231
-0.008761846153846153
-0.030875076923076922
-0.024616615384615383
0.0
0.007510153846153846
0.03024923076923077
0.06321046153846153
0.10076123076923077
0.13852061538461538
0.11995384615384615
0.06154153846153846
0.0008344615384615384
-0.01397723076923077
0.013768615384615384
0.03650769230769231
0.054240000000000003
0.06863446153846153
0.09074769230769231
0.10535076923076922
0.13247076923076923
0.14290153846153844
0.09095630769230768
0.031918153846153846
-0.021487384615384613
-0.043392
-0.043392
-0.05736923076923077
-0.05653476923076922
-0.037342153846153844
0.00855323076923077
0.05507446153846154
0.06404492307692307
0.03650769230769231
-0.03129230769230769
-0.10597661538461538
-0.14269292307692305
-0.14290153846153844
-0.1341396923076923
-0.13372246153846154
-0.1207883076923077
-0.08511507692307693
-0.05173661538461538
-0.02795446153846154
-0.04380923076923077
-0.08469784615384615
-0.13622584615384614
-0.173568
-0.1449876923076923
-0.11014892307692307
-0.08177723076923075
-0.08469784615384615
-0.09012184615384615
-0.06592246153846154
-0.053405538461538456
-0.02357353846153846
-0.035464615384615386
-0.07614461538461538
-0.08824430769230769
-0.08094276923076923
-0.05444861538461539
-0.049233230769230765
-0.04902461538461538
-0.05090215384615384
-0.05069353846153846
-0.018358153846153843
0.017315076923076923
0.025033846153846153
-0.006884307692307692
-0.037342153846153844
-0.04380923076923077
-0.030875076923076922
-0.008761846153846153
-0.010639384615384617
-0.016272
-0.013142769230769229
0.008970461538461538
0.061124307692307686
0.07948246153846153
0.06863446153846153
0.058412307692307694
0.05674338461538461
0.08156861538461539
0.10952307692307692
0.12454338461538461
0.11035753846153845
0.10013538461538461
0.11619876923076923
0.14519630769230768
0.16897846153846155
0.16418030769230768
0.13747753846153846
0.10722830769230769
0.0963803076923077
0.12099692307692309
0.1506203076923077
0.14144123076923076
0.12224861538461537
0.10827138461538462
0.12120553846153845
0.16209415384615386
0.18066092307692305
0.14999446153846155
0.09992676923076924
0.07802215384615384
0.06738276923076922
0.0771876923076923
0.08302892307692307
0.06905169230769231
0.06967753846153846
0.0771876923076923
0.11202646153846153
0.14144123076923076
0.13080184615384613
0.10660246153846153
0.07781353846153846
0.07238953846153846
0.07009476923076922
0.06800861538461538
0.05194523076923077
0.010639384615384617
0.003129230769230769
0.019192615384615384
0.04756430769230769
0.04422646153846154
0.013142769230769229
-0.0014603076923076922
-0.010222153846153844
0.00855323076923077
0.034630153846153845
0.03713353846153846
-0.0004172307692307692
-0.03859384615384615
-0.0446436923076923
-0.027120000000000002
-0.005215384615384615
-0.023782153846153845
-0.049233230769230765
-0.06446215384615385
-0.05945538461538461
-0.03859384615384615
-0.04672984615384615
-0.078648
-0.116616
-0.130176
-0.10555938461538462
-0.06905169230769231
-0.04526953846153846
-0.04380923076923077
-0.04380923076923077
-0.033169846153846154
-0.02315630769230769
-0.021904615384615383
-0.051528
-0.09491999999999999
-0.11536430769230768
-0.10660246153846153
-0.06487938461538462
-0.025659692307692307
-0.0006258461538461538
0.005424
0.0008344615384615384
0.013351384615384614
0.021696
0.020652923076923076
-0.021696
-0.07489292307692308
-0.08469784615384615
-0.07072061538461538
-0.027120000000000002
0.010639384615384617
0.01814953846153846
0.021904615384615383
0.027745846153846152
0.03421292307692308
0.018358153846153843
-0.03588184615384615
-0.10326461538461539
-0.1358086153846154
-0.11828492307692307
-0.0717636923076923
-0.003755076923076923
0.04714707692307692
0.07092923076923077
0.10326461538461539
0.14164984615384615
0.16188553846153847
0.13184492307692308
0.06133292307692308
-0.010222153846153844
-0.04672984615384615
-0.03650769230769231
-0.0016689230769230767
0.04756430769230769
0.07301538461538462
0.07739630769230768
0.0880356923076923
0.078648
0.04422646153846154
-0.021696
-0.08156861538461539
-0.1028473846153846
-0.08386338461538462
-0.026494153846153844
0.03400430769230769
0.09679753846153846
0.13872923076923074
0.14916
0.13747753846153846
0.10368184615384615
0.04756430769230769
-0.04088861538461538
-0.1045163076923077
-0.10201292307692307
-0.05590892307692308
0.002086153846153846
0.06258461538461538
0.11473846153846154
0.14519630769230768
0.16584923076923075
0.16105107692307694
0.12162276923076921
0.045060923076923075
-0.04526953846153846
-0.10660246153846153
-0.11077476923076923
