0.11286092307692308
0.0892873846153846
0.006675692307692307
-0.08240307692307691
-0.1353913846153846
-0.13518276923076925
-0.08720123076923077
-0.017732307692307693
0.037967999999999995
0.05319692307692307
0.05611753846153846
0.06279323076923077
0.04819015384615385
-0.0070929230769230765
-0.08219446153846154
-0.12955015384615384
-0.13893784615384613
-0.1045163076923077
-0.05027630769230769
-0.012099692307692308
0.002086153846153846
0.012934153846153845
0.040054153846153843
0.031709538461538456
-0.009596307692307692
-0.07510153846153846
-0.1558356923076923
-0.19380369230769232
-0.19380369230769232
-0.1558356923076923
-0.09971815384615385
-0.04819015384615385
0.014811692307692307
0.05653476923076922
0.07656184615384615
0.06070707692307692
-0.016480615384615385
-0.10806276923076923
-0.17461107692307692
-0.16626646153846153
-0.10472492307692308
-0.02232184615384615
0.06884307692307692
0.124752
0.17002153846153847
0.1733593846153846
0.14540492307692307
0.10201292307692307
0.016063384615384615
-0.037967999999999995
-0.06988615384615385
-0.05590892307692308
0.011265230769230769
0.06738276923076922
0.13393107692307693
0.17982646153846152
0.2138307692307692
0.22947692307692308
0.1804523076923077
0.09262523076923077
-0.003755076923076923
-0.06133292307692308
-0.07259815384615384
-0.04547815384615384
-0.0006258461538461538
0.03713353846153846
0.08344615384615384
0.11056615384615384
0.12350030769230769
0.11390399999999999
0.05528307692307692
-0.014394461538461538
-0.08636676923076922
-0.10931446153846153
-0.08094276923076923
-0.03901107692307692
0.026494153846153844
0.07614461538461538
0.11828492307692307
0.14102399999999998
0.12433476923076923
0.08052553846153847
-0.0035464615384615383
-0.08386338461538462
-0.12788123076923075
-0.11911938461538461
-0.07843938461538462
-0.03880246153846154
0.002086153846153846
0.029623384615384614
0.053614153846153846
0.04819015384615385
0.005841230769230769
-0.07113784615384615
-0.15520984615384617
-0.17690584615384616
-0.165432
-0.12683815384615382
-0.061124307692307686
-0.0070929230769230765
0.022947692307692308
0.026494153846153844
0.04130584615384615
0.04839876923076923
0.005841230769230769
-0.05528307692307692
-0.10827138461538462
-0.1178676923076923
-0.09491999999999999
-0.06321046153846153
-0.027328615384615382
-0.0008344615384615384
0.03442153846153846
0.07280676923076923
0.10096984615384616
0.09429415384615383
0.04672984615384615
-0.006258461538461538
-0.03859384615384615
-0.040679999999999994
-0.017940923076923077
0.019609846153846155
0.051319384615384614
0.07948246153846153
0.11703323076923078
0.13998092307692306
0.13080184615384613
0.078648
-0.0016689230769230767
-0.047981538461538464
-0.059038153846153844
-0.03296123076923077
0.009596307692307692
0.03963692307692308
0.07030338461538461
0.09116492307692307
0.12788123076923075
0.1397723076923077
0.0988836923076923
0.03233538461538461
-0.028788923076923077
-0.04819015384615385
-0.04193169230769231
-0.015854769230769228
0.018775384615384614
0.05590892307692308
0.09074769230769231
0.12621230769230768
0.15917353846153848
0.16876984615384616
0.14164984615384615
0.06613107692307692
-0.0043809230769230765
-0.029414769230769227
-0.023364923076923075
0.0006258461538461538
0.02211323076923077
0.042974769230769226
0.06738276923076922
0.09429415384615383
0.10597661538461538
0.07572738461538461
0.005632615384615384
-0.07092923076923077
-0.10681107692307691
-0.0880356923076923
-0.05027630769230769
-0.012099692307692308
0.02211323076923077
0.05236246153846154
0.09992676923076924
0.12600369230769232
0.10472492307692308
0.03045784615384615
-0.06905169230769231
-0.11682461538461539
-0.12266584615384615
-0.11327815384615383
-0.09721476923076922
-0.07384984615384615
-0.02315630769230769
0.03504738461538461
0.09283384615384616
0.12016246153846154
0.086784
0.026285538461538457
-0.03421292307692308
-0.05298830769230769
-0.028163076923076923
-0.00855323076923077
0.007301538461538462
0.02545107692307692
0.052571076923076915
0.08219446153846154
0.09658892307692307
0.07238953846153846
0.008136
-0.054240000000000003
-0.08323753846153846
-0.06070707692307692
-0.014185846153846153
0.03066646153846154
0.06279323076923077
0.08302892307692307
0.11536430769230768
0.15875630769230767
0.18963138461538462
0.17085599999999998
0.10785415384615385
0.048816000000000005
0.021070153846153846
0.03588184615384615
0.055491692307692304
0.062376
0.07781353846153846
0.09867507692307692
0.13393107692307693
0.16167692307692308
0.13914646153846155
0.078648
0.015437538461538461
-0.009804923076923077
0.010013538461538461
0.03275261538461539
0.049233230769230765
0.05194523076923077
0.0609156923076923
0.08031692307692308
0.07468430769230769
0.05382276923076923
-0.0025033846153846152
-0.06946892307692307
-0.10263876923076923
-0.09679753846153846
-0.04756430769230769
-0.015646153846153844
-0.004798153846153846
0.01272553846153846
0.03671630769230769
0.06967753846153846
0.07572738461538461
0.04109723076923077
-0.025659692307692307
-0.08386338461538462
