0.03921969230769231
0.02795446153846154
0.047772923076923074
0.06863446153846153
0.06592246153846154
0.06759138461538462
0.08219446153846154
0.10514215384615383
0.10430769230769231
0.05319692307692307
-0.009179076923076922
-0.052153846153846155
-0.05069353846153846
-0.022947692307692308
0.0035464615384615383
0.02753723076923077
0.04130584615384615
0.06842584615384616
0.1045163076923077
0.11160923076923077
0.08699261538461538
0.04172307692307692
0.006675692307692307
-0.0043809230769230765
-0.0018775384615384615
0.013768615384615384
0.021696
0.02315630769230769
0.03212676923076923
0.05799507692307692
0.08574092307692306
0.09262523076923077
0.07760492307692309
0.04902461538461538
0.034630153846153845
0.042974769230769226
0.05945538461538461
0.06341907692307691
0.056951999999999996
0.05277969230769231
0.04318338461538461
0.049233230769230765
0.042557538461538466
0.0012516923076923076
-0.044435076923076924
-0.09450276923076922
-0.09471138461538461
-0.059038153846153844
-0.034630153846153845
-0.02211323076923077
-0.02357353846153846
0.00855323076923077
0.04318338461538461
0.06133292307692308
0.06362769230769232
0.02023569230769231
-0.02273907692307692
-0.035255999999999996
-0.016272
0.02232184615384615
0.03483876923076923
0.01940123076923077
0.02357353846153846
0.059664
0.08094276923076923
0.058829538461538454
0.021696
-0.015646153846153844
-0.04172307692307692
-0.03984553846153846
-0.008136
0.03442153846153846
0.046104
0.03671630769230769
0.04756430769230769
0.08073415384615384
0.07969107692307692
0.030875076923076922
-0.021904615384615383
-0.06738276923076922
-0.0828203076923077
-0.06049846153846154
-0.026076923076923077
-0.015228923076923076
-0.028163076923076923
-0.015437538461538461
0.023364923076923075
0.053614153846153846
0.05277969230769231
0.02044430769230769
-0.011056615384615385
-0.019192615384615384
0.0006258461538461538
0.021904615384615383
0.02044430769230769
0.009804923076923077
-0.002086153846153846
0.0077187692307692304
0.013142769230769229
0.013351384615384614
0.003755076923076923
-0.04985907692307692
-0.07802215384615384
-0.073224
-0.035255999999999996
0.018983999999999997
0.028371692307692306
0.019609846153846155
0.013351384615384614
0.030040615384615384
0.04693846153846153
0.019192615384615384
-0.04547815384615384
-0.11286092307692308
-0.14018953846153845
-0.13226215384615383
-0.10076123076923077
-0.05674338461538461
-0.03233538461538461
-0.0004172307692307692
0.03775938461538462
0.06842584615384616
0.10096984615384616
0.07614461538461538
0.03337846153846154
0.01668923076923077
0.029623384615384614
0.0744756923076923
0.08699261538461538
0.08198584615384615
0.06362769230769232
0.059038153846153844
0.07823076923076923
0.0974233846153846
0.1028473846153846
0.06759138461538462
0.050067692307692306
0.06133292307692308
0.10430769230769231
0.14957723076923077
0.15187199999999998
0.13893784615384613
0.11703323076923078
0.10743692307692307
0.111192
0.10493353846153847
0.078648
0.04756430769230769
0.02315630769230769
0.027745846153846152
0.05611753846153846
0.07197230769230768
0.0678
0.052153846153846155
0.05444861538461539
0.07197230769230768
0.08845292307692308
0.073224
0.024199384615384616
-0.027328615384615382
-0.04526953846153846
-0.008344615384615384
0.035464615384615386
0.03275261538461539
-0.005215384615384615
-0.013560000000000001
-0.015020307692307692
-0.03024923076923077
-0.041514461538461535
-0.07051199999999999
-0.10159569230769232
-0.11432123076923076
-0.09116492307692307
-0.05736923076923077
-0.04985907692307692
-0.07739630769230768
-0.111192
-0.1316363076923077
-0.13393107692307693
-0.1097316923076923
-0.0961716923076923
-0.09012184615384615
-0.07113784615384615
-0.04672984615384615
-0.024408000000000003
-0.023364923076923075
-0.06133292307692308
-0.12370892307692308
-0.17628
-0.1712732307692308
-0.12037107692307693
-0.07948246153846153
-0.04756430769230769
-0.024199384615384616
0.014185846153846153
0.05528307692307692
0.06049846153846154
0.047981538461538464
0.0002086153846153846
-0.06446215384615385
-0.09137353846153846
-0.07343261538461537
-0.032544
-0.014394461538461538
-0.017940923076923077
-0.009179076923076922
0.03024923076923077
0.07489292307692308
0.08323753846153846
0.05194523076923077
-0.006884307692307692
-0.04756430769230769
-0.04819015384615385
-0.027745846153846152
0.0035464615384615383
0.018358153846153843
0.02586830769230769
0.061750153846153844
0.1097316923076923
0.12245723076923076
0.08135999999999999
0.012308307692307691
-0.05590892307692308
-0.0828203076923077
-0.05236246153846154
0.008344615384615384
0.06800861538461538
0.09721476923076922
0.11953661538461538
0.1449876923076923
0.15792184615384616
0.13706030769230768
0.07134646153846153
0.01272553846153846
-0.024408000000000003
-0.03755076923076923
-0.024408000000000003
-0.004172307692307692
0.02899753846153846
0.04860738461538461
0.06070707692307692
0.07572738461538461
0.07092923076923077
0.037967999999999995
