0.1397723076923077
0.1218313846153846
0.07677046153846154
0.021070153846153846
-0.006049846153846154
-0.011056615384615385
-0.021487384615384613
-0.021904615384615383
-0.017523692307692306
0.010013538461538461
0.06592246153846154
0.10514215384615383
0.100344
0.05048492307692308
-0.017523692307692306
-0.05382276923076923
-0.053614153846153846
-0.046104
-0.03108369230769231
-0.010013538461538461
0.02795446153846154
0.06842584615384616
0.09658892307692307
0.10535076923076922
0.05319692307692307
-0.021070153846153846
-0.08031692307692308
-0.10889723076923077
-0.1045163076923077
-0.09763200000000001
-0.08323753846153846
-0.06300184615384616
-0.003129230769230769
0.07384984615384615
0.12433476923076923
0.1314276923076923
0.07697907692307693
0.021696
-0.02315630769230769
-0.03775938461538462
-0.03504738461538461
-0.05862092307692307
-0.06550523076923077
-0.04693846153846153
0.006258461538461538
0.06759138461538462
0.08699261538461538
0.06759138461538462
0.02795446153846154
-0.0014603076923076922
-0.003963692307692307
0.012099692307692308
0.018775384615384614
0.009179076923076922
0.012516923076923077
0.04109723076923077
0.09471138461538461
0.12120553846153845
0.092208
0.035464615384615386
-0.02086153846153846
-0.03609046153846154
-0.018775384615384614
0.018983999999999997
0.05570030769230769
0.08094276923076923
0.11098338461538461
0.14060676923076923
0.16501476923076921
0.15520984615384617
0.10889723076923077
0.04756430769230769
-0.0022947692307692304
-0.017523692307692306
-0.01814953846153846
-0.02357353846153846
-0.03024923076923077
-0.02273907692307692
0.015020307692307692
0.06946892307692307
0.10117846153846152
0.09512861538461538
0.06467076923076923
0.03275261538461539
0.02232184615384615
0.02795446153846154
0.021278769230769233
0.0025033846153846152
0.0035464615384615383
0.02023569230769231
0.048816000000000005
0.06300184615384616
0.04944184615384615
0.02086153846153846
-0.014185846153846153
-0.014811692307692307
0.004172307692307692
0.02545107692307692
0.03483876923076923
0.027120000000000002
0.027120000000000002
0.04276615384615385
0.06717415384615384
0.07426707692307692
0.06070707692307692
0.029206153846153847
0.006467076923076923
0.004798153846153846
0.0018775384615384615
-0.009596307692307692
-0.03838523076923077
-0.07551876923076924
-0.08866153846153846
-0.07280676923076923
-0.05653476923076922
-0.05486584615384615
-0.06154153846153846
-0.052153846153846155
-0.023990769230769232
0.02044430769230769
0.05444861538461539
0.04839876923076923
0.019609846153846155
-0.0018775384615384615
0.008136
0.025033846153846153
0.015020307692307692
-0.013560000000000001
-0.040679999999999994
-0.06133292307692308
-0.05403138461538461
-0.03337846153846154
-0.03275261538461539
-0.030875076923076922
-0.016897846153846156
0.012934153846153845
0.06049846153846154
0.08699261538461538
0.07134646153846153
0.03233538461538461
0.0
0.0050067692307692304
0.023990769230769232
0.025033846153846153
-0.006258461538461538
-0.059872615384615385
-0.10076123076923077
-0.10994030769230768
-0.08469784615384615
-0.056951999999999996
-0.04172307692307692
-0.02858030769230769
-0.002712
0.03567323076923076
0.04714707692307692
0.03421292307692308
-0.005841230769230769
-0.040679999999999994
-0.041514461538461535
-0.024199384615384616
0.015854769230769228
0.015228923076923076
-0.0022947692307692304
-0.006467076923076923
-0.0016689230769230767
0.029414769230769227
0.02899753846153846
-0.0016689230769230767
-0.040054153846153843
-0.05945538461538461
-0.04819015384615385
-0.02586830769230769
-0.0029206153846153843
0.0008344615384615384
0.010013538461538461
0.04172307692307692
0.0853236923076923
0.11619876923076923
0.10347323076923076
0.05570030769230769
0.0033378461538461535
-0.03045784615384615
-0.03129230769230769
-0.0070929230769230765
0.006049846153846154
0.010639384615384617
0.02858030769230769
0.05945538461538461
0.08115138461538463
0.0717636923076923
0.037967999999999995
-0.009596307692307692
-0.026702769230769228
-0.0033378461538461535
0.035464615384615386
0.06800861538461538
0.07885661538461539
0.08386338461538462
0.08574092307692306
0.08365476923076923
0.05382276923076923
-0.01397723076923077
-0.09658892307692307
-0.16876984615384616
-0.17461107692307692
-0.14164984615384615
-0.09596307692307693
-0.04568676923076923
-0.020652923076923076
0.012099692307692308
0.041514461538461535
0.06216738461538462
0.03859384615384615
-0.024199384615384616
-0.06675692307692307
-0.10952307692307692
-0.12704676923076924
-0.11640738461538462
-0.09012184615384615
-0.05820369230769231
-0.04088861538461538
0.005841230769230769
0.047772923076923074
0.04693846153846153
0.016480615384615385
-0.04672984615384615
-0.0988836923076923
-0.11160923076923077
-0.0771876923076923
-0.016897846153846156
0.029623384615384614
0.0798996923076923
0.11682461538461539
0.12141415384615384
0.09053907692307692
0.00855323076923077
-0.07656184615384615
-0.1489513846153846
-0.16730953846153845
-0.13434830769230768
-0.08344615384615384
-0.005215384615384615
0.04735569230769231
0.0936683076923077
