-0.062376
-0.04860738461538461
0.006258461538461538
0.030875076923076922
0.052153846153846155
0.05027630769230769
0.06362769230769232
0.07906523076923076
0.07113784615384615
0.06300184615384616
0.019192615384615384
-0.017940923076923077
-0.014394461538461538
0.017315076923076923
0.06967753846153846
0.07948246153846153
0.05298830769230769
0.034630153846153845
0.027120000000000002
0.037967999999999995
0.03504738461538461
0.012099692307692308
-0.01814953846153846
-0.014185846153846153
0.032544
0.09304246153846155
0.13872923076923074
0.10764553846153846
0.06884307692307692
0.051319384615384614
0.05444861538461539
0.049233230769230765
0.00855323076923077
-0.011473846153846154
-0.04860738461538461
-0.06487938461538462
-0.06425353846153846
-0.06321046153846153
-0.06258461538461538
-0.103056
-0.11995384615384615
-0.1136953846153846
-0.08615815384615384
-0.03942830769230769
-0.030875076923076922
-0.04547815384615384
-0.062376
-0.06321046153846153
-0.05027630769230769
-0.059872615384615385
-0.08720123076923077
-0.12579507692307693
-0.15959076923076923
-0.16334584615384617
-0.14686523076923075
-0.13601723076923075
-0.12934153846153845
-0.10994030769230768
-0.06487938461538462
-0.006467076923076923
0.03024923076923077
0.03921969230769231
0.031709538461538456
0.018983999999999997
0.004589538461538461
0.013560000000000001
0.018775384615384614
0.0077187692307692304
-0.0018775384615384615
0.0004172307692307692
0.026911384615384615
0.029832
0.01272553846153846
-0.03108369230769231
-0.06008123076923077
-0.03713353846153846
0.0014603076923076922
0.06279323076923077
0.11202646153846153
0.14060676923076923
0.15625292307692307
0.1666836923076923
0.16793538461538463
0.1287156923076923
0.06842584615384616
0.006675692307692307
-0.019609846153846155
-0.0035464615384615383
0.040054153846153843
0.10159569230769232
0.13914646153846155
0.15416676923076922
0.17169046153846151
0.1860849230769231
0.1787833846153846
0.13351384615384615
0.06821723076923077
0.020652923076923076
0.016063384615384615
0.051528
0.09763200000000001
0.1424843076923077
0.1666836923076923
0.17377661538461536
0.16501476923076921
0.13893784615384613
0.0961716923076923
0.0050067692307692304
-0.08365476923076923
-0.12016246153846154
-0.09554584615384615
-0.034630153846153845
0.027120000000000002
0.08031692307692308
0.11160923076923077
0.14290153846153844
0.1476996923076923
0.10597661538461538
0.022530461538461537
-0.07531015384615385
-0.12558646153846154
-0.10827138461538462
-0.034630153846153845
0.03275261538461539
0.084072
0.12099692307692309
0.13497415384615385
0.14686523076923075
0.12204
0.047772923076923074
-0.04902461538461538
-0.13643446153846153
-0.17669723076923077
-0.13706030769230768
-0.06258461538461538
-0.003963692307692307
0.03609046153846154
0.052153846153846155
0.06613107692307692
0.06675692307692307
0.03421292307692308
-0.03859384615384615
-0.12433476923076923
-0.1860849230769231
-0.18170399999999998
-0.1368516923076923
-0.0961716923076923
-0.045895384615384616
-0.008136
0.04088861538461538
0.0798996923076923
0.09658892307692307
0.08073415384615384
0.015854769230769228
-0.03379569230769231
-0.06383630769230769
-0.052571076923076915
-0.010013538461538461
0.03400430769230769
0.06988615384615385
0.08636676923076922
0.124752
0.14665661538461539
0.12808984615384614
0.07572738461538461
-0.006675692307692307
-0.06738276923076922
-0.08907876923076924
-0.05298830769230769
0.0043809230769230765
0.03609046153846154
0.06425353846153846
0.09784061538461537
0.11599015384615384
0.09950953846153845
0.04693846153846153
-0.015646153846153844
-0.08740984615384616
-0.12516923076923075
-0.09095630769230768
-0.04944184615384615
-0.01397723076923077
0.014185846153846153
0.047981538461538464
0.08594953846153845
0.08949599999999999
0.06529661538461538
-0.0029206153846153843
-0.07697907692307693
-0.10389046153846154
-0.07802215384615384
-0.023990769230769232
0.015646153846153844
0.05194523076923077
0.07885661538461539
0.11098338461538461
0.13080184615384613
0.10827138461538462
0.06487938461538462
-0.0043809230769230765
-0.04672984615384615
-0.06362769230769232
-0.06717415384615384
-0.03358707692307692
-0.019192615384615384
0.0006258461538461538
0.04172307692307692
0.0828203076923077
0.10263876923076923
0.05444861538461539
-0.008136
-0.053614153846153846
-0.06571384615384615
-0.0446436923076923
-0.012308307692307691
0.03066646153846154
0.042974769230769226
0.05570030769230769
0.08115138461538463
0.08615815384615384
0.07301538461538462
0.03108369230769231
-0.0035464615384615383
-0.026285538461538457
-0.00855323076923077
0.042348923076923076
0.05382276923076923
0.06404492307692307
0.07510153846153846
0.10681107692307691
0.12683815384615382
0.10263876923076923
0.0717636923076923
0.016897846153846156
-0.017315076923076923
-0.03045784615384615
-0.02753723076923077
-0.018358153846153843
-0.02023569230769231
0.0014603076923076922
0.03400430769230769
0.07280676923076923
0.0855323076923077
0.05298830769230769
