-0.06383630769230769
-0.059872615384615385
-0.04965046153846154
-0.03629907692307692
-0.04652123076923077
-0.03755076923076923
0.004172307692307692
0.04318338461538461
0.043600615384615383
-0.005215384615384615
-0.05799507692307692
-0.09721476923076922
-0.11619876923076923
-0.103056
-0.065088
-0.04693846153846153
-0.025659692307692307
0.026911384615384615
0.08302892307692307
0.12683815384615382
0.11390399999999999
0.06341907692307691
-0.005424
-0.055491692307692304
-0.040054153846153843
-0.028371692307692306
-0.06216738461538462
-0.09053907692307692
-0.08010830769230769
-0.04172307692307692
0.00855323076923077
0.044435076923076924
0.044435076923076924
0.003755076923076923
-0.03275261538461539
-0.050067692307692306
-0.0609156923076923
-0.06425353846153846
-0.06279323076923077
-0.054240000000000003
-0.03129230769230769
0.016897846153846156
0.06946892307692307
0.08636676923076922
0.04193169230769231
-0.005841230769230769
-0.025033846153846153
-0.016063384615384615
-0.006049846153846154
-0.01043076923076923
-0.0029206153846153843
0.009179076923076922
0.06738276923076922
0.12496061538461539
0.12037107692307693
0.078648
0.018775384615384614
-0.022530461538461537
-0.02795446153846154
-0.017315076923076923
-0.014811692307692307
-0.02795446153846154
-0.02858030769230769
-0.009804923076923077
0.018358153846153843
0.05194523076923077
0.049233230769230765
0.016063384615384615
-0.02232184615384615
-0.04109723076923077
-0.03629907692307692
-0.043392
-0.05027630769230769
-0.05757784615384615
-0.03504738461538461
0.01814953846153846
0.06341907692307691
0.08031692307692308
0.03942830769230769
0.003129230769230769
-0.014603076923076923
-0.026285538461538457
-0.02023569230769231
-0.035464615384615386
-0.05319692307692307
-0.05799507692307692
-0.025659692307692307
0.03650769230769231
0.05924676923076923
0.041514461538461535
0.002086153846153846
-0.03024923076923077
-0.029414769230769227
-0.0029206153846153843
0.023364923076923075
0.005215384615384615
-0.023364923076923075
-0.03024923076923077
-0.020652923076923076
0.0025033846153846152
-0.010222153846153844
-0.03984553846153846
-0.05444861538461539
-0.043392
0.012516923076923077
0.04985907692307692
0.04672984615384615
0.01397723076923077
-0.009804923076923077
0.005841230769230769
0.013768615384615384
0.02899753846153846
0.02044430769230769
-0.010848
-0.0029206153846153843
0.02357353846153846
0.05090215384615384
0.04401784615384615
0.0006258461538461538
-0.0446436923076923
-0.06383630769230769
-0.04318338461538461
-0.0014603076923076922
0.026285538461538457
0.018358153846153843
0.008344615384615384
0.020652923076923076
0.03400430769230769
0.043600615384615383
0.022947692307692308
-0.027120000000000002
-0.059038153846153844
-0.06696553846153847
-0.035464615384615386
-0.0012516923076923076
0.004589538461538461
0.006049846153846154
0.010639384615384617
0.03233538461538461
0.058412307692307694
0.053614153846153846
0.0043809230769230765
-0.03775938461538462
-0.03337846153846154
-0.004589538461538461
0.03880246153846154
0.07635323076923077
0.09158215384615384
0.10430769230769231
0.12412615384615384
0.14874276923076923
0.1504116923076923
0.10347323076923076
0.03588184615384615
-0.010222153846153844
-0.006884307692307692
0.030875076923076922
0.07551876923076924
0.11578153846153846
0.12913292307692306
0.14081538461538462
0.1462393846153846
0.12516923076923075
0.09116492307692307
0.017940923076923077
-0.03963692307692308
-0.037342153846153844
0.011265230769230769
0.0771876923076923
0.11494707692307692
0.13330523076923076
0.13330523076923076
0.13101046153846155
0.11765907692307691
0.0853236923076923
0.03483876923076923
-0.031709538461538456
-0.056951999999999996
-0.03379569230769231
0.02023569230769231
0.0853236923076923
0.13038461538461538
0.15771323076923077
0.1802436923076923
0.1910916923076923
0.1652233846153846
0.10722830769230769
0.032544
-0.03504738461538461
-0.05048492307692308
-0.019192615384615384
0.040679999999999994
0.09867507692307692
0.11244369230769231
0.12099692307692309
0.1207883076923077
0.09679753846153846
0.040679999999999994
-0.04672984615384615
-0.09909230769230769
-0.11578153846153846
-0.07697907692307693
-0.009596307692307692
0.04944184615384615
0.09429415384615383
0.1097316923076923
0.11411261538461538
0.09325107692307691
0.04172307692307692
-0.049233230769230765
-0.14018953846153845
-0.18399876923076922
-0.17252492307692308
-0.10764553846153846
-0.037967999999999995
0.021278769230769233
0.06446215384615385
0.07885661538461539
0.09179076923076923
0.08115138461538463
0.05444861538461539
0.013768615384615384
-0.03212676923076923
-0.030875076923076922
-0.0018775384615384615
0.03379569230769231
0.05820369230769231
0.06967753846153846
0.06633969230769231
0.059664
0.06425353846153846
0.03901107692307692
-0.017315076923076923
-0.08094276923076923
-0.13226215384615383
-0.11891076923076922
-0.06821723076923077
-0.01814953846153846
0.024408000000000003
0.03880246153846154
0.061124307692307686
0.07009476923076922
0.055491692307692304
0.0035464615384615383
