0.028163076923076923
0.03609046153846154
0.04839876923076923
0.09325107692307691
0.11745046153846153
0.1207883076923077
0.08761846153846153
0.05820369230769231
0.06446215384615385
0.0678
0.07468430769230769
0.06446215384615385
0.05716061538461538
0.07885661538461539
0.11745046153846153
0.16292861538461537
0.16751815384615384
0.1341396923076923
0.09325107692307691
0.0717636923076923
0.09053907692307692
0.10910584615384614
0.11807630769230769
0.11140061538461538
0.10013538461538461
0.10639384615384614
0.12245723076923076
0.13309661538461537
0.09053907692307692
0.026494153846153844
-0.01981846153846154
-0.04214030769230769
-0.01272553846153846
0.02753723076923077
0.06049846153846154
0.08991323076923076
0.11202646153846153
0.1397723076923077
0.14081538461538462
0.08240307692307691
-0.009387692307692307
-0.10159569230769232
-0.14916
-0.13726892307692307
-0.08177723076923075
-0.0043809230769230765
0.03045784615384615
0.041514461538461535
0.06321046153846153
0.07906523076923076
0.06905169230769231
0.014811692307692307
-0.03567323076923076
-0.06216738461538462
-0.06258461538461538
-0.03337846153846154
-0.011265230769230769
0.008136
0.029623384615384614
0.06529661538461538
0.09512861538461538
0.09450276923076922
0.04965046153846154
-0.041514461538461535
-0.11306953846153844
-0.15667015384615385
-0.14582215384615385
-0.09012184615384615
-0.02211323076923077
0.04672984615384615
0.08907876923076924
0.13393107692307693
0.13893784615384613
0.09053907692307692
0.006884307692307692
-0.09700615384615385
-0.1422756923076923
-0.1424843076923077
-0.10576799999999999
-0.03713353846153846
0.03233538461538461
0.10347323076923076
0.14707384615384617
0.1718990769230769
0.14999446153846155
0.08240307692307691
0.008344615384615384
-0.06633969230769231
-0.07405846153846153
-0.031709538461538456
0.017940923076923077
0.06738276923076922
0.09283384615384616
0.1178676923076923
0.14123261538461537
0.13810338461538463
0.0853236923076923
-0.001043076923076923
-0.05528307692307692
-0.078648
-0.05820369230769231
-0.012934153846153845
0.018358153846153843
0.055491692307692304
0.08031692307692308
0.11473846153846154
0.13998092307692306
0.11891076923076922
0.041514461538461535
-0.06133292307692308
-0.13330523076923076
-0.16584923076923075
-0.1358086153846154
-0.07092923076923077
0.007927384615384614
0.07364123076923076
0.103056
0.12141415384615384
0.103056
0.03713353846153846
-0.047772923076923074
-0.12642092307692307
-0.14811692307692306
-0.10389046153846154
-0.03483876923076923
0.027120000000000002
0.06133292307692308
0.08344615384615384
0.078648
0.047772923076923074
-0.005424
-0.0855323076923077
-0.14290153846153844
-0.17461107692307692
-0.16042523076923076
-0.09512861538461538
-0.027745846153846152
0.023364923076923075
0.05736923076923077
0.08448923076923077
0.09137353846153846
0.06550523076923077
0.008970461538461538
-0.06008123076923077
-0.09033046153846153
-0.07739630769230768
-0.03629907692307692
0.010848
0.03755076923076923
0.06321046153846153
0.07301538461538462
0.08115138461538463
0.09387692307692307
0.07426707692307692
0.05236246153846154
0.017732307692307693
-0.0029206153846153843
0.017940923076923077
0.03650769230769231
0.06592246153846154
0.08156861538461539
0.09429415384615383
0.11682461538461539
0.11014892307692307
0.08115138461538463
0.023990769230769232
-0.034630153846153845
-0.08073415384615384
-0.08302892307692307
-0.05090215384615384
-0.02273907692307692
-0.0014603076923076922
0.002086153846153846
0.035464615384615386
0.050067692307692306
0.02858030769230769
-0.0033378461538461535
-0.04380923076923077
-0.053405538461538456
-0.04568676923076923
-0.02858030769230769
-0.01668923076923077
-0.018983999999999997
-0.026285538461538457
-0.026494153846153844
-0.008136
0.02357353846153846
0.024199384615384616
-0.01981846153846154
-0.06279323076923077
-0.073224
-0.054657230769230764
-0.043600615384615383
-0.02858030769230769
-0.016272
0.002086153846153846
0.03629907692307692
0.048816000000000005
0.05090215384615384
-0.0008344615384615384
-0.07489292307692308
-0.10743692307692307
-0.11223507692307692
-0.09033046153846153
-0.08177723076923075
-0.08949599999999999
-0.0855323076923077
-0.058829538461538454
-0.011473846153846154
0.01397723076923077
-0.012099692307692308
-0.06675692307692307
-0.11348676923076922
-0.1287156923076923
-0.10493353846153847
-0.07405846153846153
-0.054240000000000003
-0.041514461538461535
-0.023782153846153845
0.024199384615384616
0.06592246153846154
0.08323753846153846
0.05736923076923077
-0.009804923076923077
-0.05528307692307692
-0.05653476923076922
-0.03024923076923077
-0.019609846153846155
-0.009596307692307692
0.011682461538461537
0.05194523076923077
0.1287156923076923
0.18775384615384613
0.19463815384615382
0.14686523076923075
0.08219446153846154
0.041514461538461535
0.014811692307692307
0.0050067692307692304
-0.009804923076923077
-0.02586830769230769
-0.0029206153846153843
0.040679999999999994
0.10722830769230769
