0.03129230769230769
0.06988615384615385
0.09137353846153846
0.06759138461538462
0.0016689230769230767
-0.06341907692307691
-0.09992676923076924
-0.09387692307692307
-0.08448923076923077
-0.06675692307692307
-0.04568676923076923
-0.010013538461538461
0.04193169230769231
0.07343261538461537
0.09137353846153846
0.07051199999999999
0.015854769230769228
-0.033169846153846154
-0.04714707692307692
-0.032544
-0.02211323076923077
-0.0002086153846153846
0.0448523076923077
0.10681107692307691
0.165432
0.18796246153846152
0.16209415384615386
0.09533723076923077
0.027120000000000002
-0.013142769230769229
-0.042557538461538466
-0.05570030769230769
-0.04380923076923077
-0.013560000000000001
0.03275261538461539
0.08574092307692306
0.13497415384615385
0.1205796923076923
0.05736923076923077
-0.002712
-0.04318338461538461
-0.034630153846153845
-0.03400430769230769
-0.037342153846153844
-0.029832
-0.016897846153846156
0.032544
0.07009476923076922
0.07113784615384615
0.04109723076923077
-0.011056615384615385
-0.051319384615384614
-0.05111076923076923
-0.024616615384615383
-0.004589538461538461
0.008344615384615384
0.017315076923076923
0.05298830769230769
0.09387692307692307
0.09950953846153845
0.07781353846153846
0.011891076923076923
-0.05277969230769231
-0.07426707692307692
-0.06279323076923077
-0.03880246153846154
-0.037967999999999995
-0.04693846153846153
-0.033169846153846154
0.01043076923076923
0.06425353846153846
0.08761846153846153
0.06321046153846153
0.016272
-0.01981846153846154
-0.015020307692307692
0.01814953846153846
0.04109723076923077
0.04965046153846154
0.051319384615384614
0.059872615384615385
0.08344615384615384
0.09137353846153846
0.05277969230769231
-0.011265230769230769
-0.06946892307692307
-0.08699261538461538
-0.05069353846153846
0.02023569230769231
0.08448923076923077
0.111192
0.13309661538461537
0.16897846153846155
0.18963138461538462
0.1792006153846154
0.12099692307692309
0.03379569230769231
-0.026285538461538457
-0.055491692307692304
-0.058412307692307694
-0.059664
-0.047772923076923074
-0.005632615384615384
0.052153846153846155
0.10743692307692307
0.11870215384615385
0.10493353846153847
0.04839876923076923
-0.013768615384615384
-0.04214030769230769
-0.051528
-0.01710646153846154
0.0025033846153846152
0.018775384615384614
0.04193169230769231
0.06905169230769231
0.11077476923076923
0.09804923076923076
0.05590892307692308
-0.006467076923076923
-0.05111076923076923
-0.041514461538461535
-0.01814953846153846
0.021904615384615383
0.03150092307692308
0.03066646153846154
0.06216738461538462
0.092208
0.10722830769230769
0.0826116923076923
0.040262769230769234
0.0029206153846153843
-0.024199384615384616
-0.02753723076923077
-0.04088861538461538
-0.058829538461538454
-0.07531015384615385
-0.06404492307692307
-0.015646153846153844
0.018358153846153843
0.03859384615384615
0.02044430769230769
-0.018358153846153843
-0.028163076923076923
-0.021278769230769233
-0.003755076923076923
-0.01272553846153846
-0.02858030769230769
-0.02023569230769231
0.006049846153846154
0.052571076923076915
0.05486584615384615
0.026076923076923077
-0.005215384615384615
-0.03129230769230769
-0.019609846153846155
-0.0029206153846153843
0.029414769230769227
0.047772923076923074
0.045060923076923075
0.051319384615384614
0.055491692307692304
0.07510153846153846
0.05757784615384615
0.035255999999999996
0.03629907692307692
0.051528
0.09596307692307693
0.09512861538461538
0.06028984615384615
0.0012516923076923076
-0.045060923076923075
-0.034630153846153845
-0.02232184615384615
0.004172307692307692
0.014185846153846153
0.02044430769230769
0.053614153846153846
0.06446215384615385
0.086784
0.06884307692307692
0.012099692307692308
-0.018983999999999997
-0.031709538461538456
-0.004589538461538461
0.006049846153846154
0.013560000000000001
0.021904615384615383
0.014394461538461538
0.038176615384615385
0.04756430769230769
0.04714707692307692
0.0002086153846153846
-0.06341907692307691
-0.07635323076923077
-0.07468430769230769
-0.03775938461538462
-0.03963692307692308
-0.05194523076923077
-0.05486584615384615
-0.0609156923076923
-0.02315630769230769
-0.03045784615384615
-0.047981538461538464
-0.10159569230769232
-0.17711446153846155
-0.18274707692307693
-0.18232984615384615
-0.14039815384615384
-0.10055261538461538
-0.07969107692307692
-0.026702769230769228
0.0016689230769230767
0.03775938461538462
0.029623384615384614
-0.03921969230769231
-0.09930092307692308
-0.1502030769230769
-0.12850707692307692
-0.07092923076923077
-0.01043076923076923
0.04526953846153846
0.08887015384615385
0.14519630769230768
0.154584
0.1395636923076923
0.08469784615384615
-0.0029206153846153843
-0.06821723076923077
-0.10368184615384615
-0.056951999999999996
0.010848
0.07364123076923076
0.12725538461538463
0.14790830769230767
0.17377661538461536
0.1704387692307692
0.13309661538461537
0.05945538461538461
-0.025659692307692307
-0.06571384615384615
-0.07238953846153846
-0.011891076923076923
0.08866153846153846
