-0.001043076923076923
0.030875076923076922
0.043600615384615383
0.017732307692307693
-0.015437538461538461
-0.023364923076923075
-0.030040615384615384
-0.010848
-0.004589538461538461
-0.004798153846153846
0.010013538461538461
0.026702769230769228
0.06717415384615384
0.06362769230769232
0.02545107692307692
-0.007301538461538462
-0.041514461538461535
-0.024616615384615383
0.0035464615384615383
0.03150092307692308
0.04380923076923077
0.023364923076923075
0.01668923076923077
0.01272553846153846
0.007301538461538462
-0.02586830769230769
-0.07781353846153846
-0.10535076923076922
-0.09262523076923077
-0.045895384615384616
-0.0070929230769230765
0.01272553846153846
0.019609846153846155
0.03212676923076923
0.06279323076923077
0.0853236923076923
0.09679753846153846
0.06717415384615384
0.014603076923076923
-0.018358153846153843
-0.02899753846153846
-0.0004172307692307692
0.017732307692307693
0.034630153846153845
0.065088
0.111192
0.18316430769230768
0.20256553846153844
0.16835261538461538
0.09658892307692307
0.02586830769230769
0.016063384615384615
0.03567323076923076
0.06696553846153847
0.08302892307692307
0.08073415384615384
0.09930092307692308
0.130176
0.14144123076923076
0.11974523076923077
0.054657230769230764
-0.02044430769230769
-0.05382276923076923
-0.04839876923076923
-0.017523692307692306
0.004589538461538461
0.012934153846153845
0.024199384615384616
0.04672984615384615
0.0744756923076923
0.07531015384615385
0.04130584615384615
-0.022530461538461537
-0.06654830769230768
-0.058829538461538454
-0.018775384615384614
0.019609846153846155
0.03880246153846154
0.0448523076923077
0.05236246153846154
0.08302892307692307
0.10952307692307692
0.09387692307692307
0.02899753846153846
-0.054240000000000003
-0.10952307692307692
-0.11223507692307692
-0.09971815384615385
-0.09450276923076922
-0.07739630769230768
-0.06362769230769232
-0.027745846153846152
0.03379569230769231
0.06842584615384616
0.051528
-0.018983999999999997
-0.09429415384615383
-0.12496061538461539
-0.12141415384615384
-0.10138707692307691
-0.10201292307692307
-0.08845292307692308
-0.018775384615384614
0.04902461538461538
0.09658892307692307
0.08219446153846154
0.04318338461538461
0.024199384615384616
0.01856676923076923
0.05945538461538461
0.07551876923076924
0.06675692307692307
0.05048492307692308
0.02753723076923077
0.03400430769230769
0.05319692307692307
0.0855323076923077
0.07781353846153846
0.032544
0.0002086153846153846
-0.011682461538461537
0.006675692307692307
0.003755076923076923
-0.005424
0.0014603076923076922
0.021904615384615383
0.0678
0.0853236923076923
0.06383630769230769
-0.0014603076923076922
-0.06529661538461538
-0.07426707692307692
-0.04631261538461538
-0.0029206153846153843
0.010222153846153844
0.006467076923076923
0.018775384615384614
0.04819015384615385
0.09137353846153846
0.10055261538461538
0.06821723076923077
0.01397723076923077
-0.022947692307692308
-0.010848
0.027745846153846152
0.0678
0.06529661538461538
0.06195876923076923
0.08386338461538462
0.11849353846153846
0.15687876923076924
0.13935507692307691
0.10055261538461538
0.06821723076923077
0.05653476923076922
0.07948246153846153
0.07405846153846153
0.03024923076923077
-0.021904615384615383
-0.05277969230769231
-0.058412307692307694
-0.04839876923076923
-0.02753723076923077
-0.03379569230769231
-0.047772923076923074
-0.03984553846153846
-0.007510153846153846
0.03942830769230769
0.03921969230769231
0.0077187692307692304
-0.031709538461538456
-0.04860738461538461
-0.015646153846153844
-0.002712
-0.005424
-0.02211323076923077
-0.03942830769230769
-0.006675692307692307
0.021278769230769233
0.043392
0.03400430769230769
-0.0025033846153846152
-0.006884307692307692
-0.011891076923076923
0.029623384615384614
0.06613107692307692
0.05674338461538461
0.05716061538461538
0.06070707692307692
0.08782707692307692
0.08866153846153846
0.06300184615384616
0.023782153846153845
-0.03129230769230769
-0.051319384615384614
-0.03504738461538461
0.011473846153846154
0.03379569230769231
0.043600615384615383
0.065088
0.07489292307692308
0.09283384615384616
0.065088
0.013560000000000001
-0.027328615384615382
-0.06467076923076923
-0.055491692307692304
-0.031918153846153846
0.011056615384615385
0.052571076923076915
0.07155507692307693
0.11327815384615383
0.11974523076923077
0.10055261538461538
0.04860738461538461
-0.04819015384615385
-0.10472492307692308
-0.13768615384615385
-0.11452984615384615
-0.065088
-0.03400430769230769
0.012099692307692308
0.04318338461538461
0.08866153846153846
0.10722830769230769
0.06738276923076922
-0.0016689230769230767
-0.06884307692307692
-0.0880356923076923
-0.09554584615384615
-0.07030338461538461
-0.023782153846153845
0.005424
0.0446436923076923
0.08490646153846154
0.11557292307692307
0.0961716923076923
0.02315630769230769
-0.05111076923076923
-0.10889723076923077
-0.10243015384615384
-0.04860738461538461
0.0
0.05111076923076923
