0.04839876923076923
0.08010830769230769
0.12099692307692309
0.14561353846153846
0.1136953846153846
0.054657230769230764
0.04714707692307692
0.07531015384615385
0.11160923076923077
0.13330523076923076
0.1205796923076923
0.09491999999999999
0.09241661538461539
0.1205796923076923
0.11703323076923078
0.08115138461538463
0.017940923076923077
-0.037342153846153844
-0.03775938461538462
-0.018983999999999997
0.01814953846153846
0.02315630769230769
0.002086153846153846
0.006258461538461538
0.03421292307692308
0.0678
0.062376
0.023990769230769232
-0.03150092307692308
-0.07051199999999999
-0.07969107692307692
-0.07009476923076922
-0.045895384615384616
-0.05403138461538461
-0.07364123076923076
-0.06216738461538462
-0.028788923076923077
-0.006049846153846154
-0.02524246153846154
-0.06717415384615384
-0.09909230769230769
-0.0934596923076923
-0.05528307692307692
-0.025033846153846153
-0.010848
0.008970461538461538
0.041514461538461535
0.08344615384615384
0.10472492307692308
0.08991323076923076
0.03150092307692308
-0.042557538461538466
-0.078648
-0.06988615384615385
-0.040054153846153843
-0.03129230769230769
-0.028788923076923077
-0.023782153846153845
0.003129230769230769
0.04214030769230769
0.05820369230769231
0.04756430769230769
0.006049846153846154
-0.004798153846153846
0.015854769230769228
0.032544
0.03609046153846154
0.021278769230769233
0.002712
-0.006675692307692307
-0.004798153846153846
0.0006258461538461538
-0.02273907692307692
-0.06696553846153847
-0.07009476923076922
-0.05069353846153846
-0.015646153846153844
0.03337846153846154
0.052571076923076915
0.06321046153846153
0.06946892307692307
0.07238953846153846
0.09074769230769231
0.07426707692307692
0.02086153846153846
-0.043600615384615383
-0.09158215384615384
-0.07739630769230768
-0.03609046153846154
-0.004589538461538461
0.011056615384615385
0.026076923076923077
0.04860738461538461
0.07092923076923077
0.09095630769230768
0.08135999999999999
0.05194523076923077
0.021070153846153846
0.007927384615384614
0.017940923076923077
0.026285538461538457
0.025659692307692307
0.0077187692307692304
0.0077187692307692304
0.04318338461538461
0.08490646153846154
0.1028473846153846
0.08428061538461538
0.056326153846153845
0.04965046153846154
0.058829538461538454
0.062376
0.04985907692307692
0.016063384615384615
0.003963692307692307
0.02211323076923077
0.054240000000000003
0.09283384615384616
0.08845292307692308
0.06717415384615384
0.06008123076923077
0.05736923076923077
0.06905169230769231
0.05507446153846154
0.01668923076923077
-0.011891076923076923
-0.027745846153846152
-0.008761846153846153
0.022947692307692308
0.043600615384615383
0.03692492307692308
0.018983999999999997
0.019192615384615384
0.02211323076923077
0.026702769230769228
0.006884307692307692
-0.02273907692307692
-0.041514461538461535
-0.03671630769230769
0.003755076923076923
0.03692492307692308
0.055491692307692304
0.05590892307692308
0.051528
0.05382276923076923
0.04088861538461538
0.010848
-0.050067692307692306
-0.10117846153846152
-0.09784061538461537
-0.05757784615384615
0.008344615384615384
0.06008123076923077
0.07364123076923076
0.07551876923076924
0.0771876923076923
0.06821723076923077
0.03755076923076923
-0.03859384615384615
-0.13247076923076923
-0.18170399999999998
-0.17961784615384613
-0.13914646153846155
-0.07489292307692308
-0.01043076923076923
0.031918153846153846
0.0771876923076923
0.11473846153846154
0.11244369230769231
0.06049846153846154
-0.04380923076923077
-0.1356
-0.17419384615384614
-0.13893784615384613
-0.05403138461538461
0.023364923076923075
0.07197230769230768
0.08907876923076924
0.10806276923076923
0.12350030769230769
0.10076123076923077
0.04130584615384615
-0.017523692307692306
-0.059664
-0.06633969230769231
-0.02899753846153846
0.016480615384615385
0.06967753846153846
0.11181784615384616
0.13247076923076923
0.14123261538461537
0.11745046153846153
0.07134646153846153
0.015646153846153844
-0.04965046153846154
-0.06946892307692307
-0.043392
-0.008136
0.02899753846153846
0.04693846153846153
0.06926030769230769
0.08636676923076922
0.08594953846153845
0.04756430769230769
-0.023782153846153845
-0.09179076923076923
-0.1397723076923077
-0.12099692307692309
-0.07072061538461538
-0.027745846153846152
-0.008136
-0.005841230769230769
0.02023569230769231
0.062376
0.07134646153846153
0.02586830769230769
-0.04109723076923077
-0.10347323076923076
-0.13205353846153844
-0.12287446153846153
-0.08365476923076923
-0.03650769230769231
-0.002712
0.018983999999999997
0.042974769230769226
0.05069353846153846
0.007301538461538462
-0.05486584615384615
-0.11244369230769231
-0.13455692307692307
-0.116616
-0.0826116923076923
-0.04652123076923077
-0.026494153846153844
-0.0050067692307692304
0.030040615384615384
0.05048492307692308
0.040679999999999994
-0.003963692307692307
-0.08177723076923075
-0.12767261538461538
-0.11578153846153846
-0.06946892307692307
-0.003129230769230769
