0.11870215384615385
0.12391753846153845
0.09700615384615385
0.024199384615384616
-0.04756430769230769
-0.07259815384615384
-0.06842584615384616
-0.05799507692307692
-0.033169846153846154
-0.026285538461538457
-0.014394461538461538
0.034630153846153845
0.07697907692307693
0.10994030769230768
0.09596307692307693
0.051319384615384614
0.03567323076923076
0.013142769230769229
0.021904615384615383
0.03150092307692308
0.02273907692307692
0.027328615384615382
0.017315076923076923
0.034630153846153845
0.042974769230769226
0.023990769230769232
-0.01272553846153846
-0.06049846153846154
-0.07364123076923076
-0.05590892307692308
-0.025033846153846153
-0.019192615384615384
-0.028788923076923077
-0.040054153846153843
-0.02795446153846154
0.006258461538461538
0.007301538461538462
-0.006884307692307692
-0.038176615384615385
-0.06759138461538462
-0.0678
-0.06133292307692308
-0.040679999999999994
-0.04193169230769231
-0.05736923076923077
-0.04276615384615385
-0.007927384615384614
0.03212676923076923
0.02545107692307692
0.003755076923076923
-0.010013538461538461
-0.032544
-0.027745846153846152
-0.029623384615384614
-0.03588184615384615
-0.03755076923076923
-0.026702769230769228
0.011682461538461537
0.035255999999999996
0.04380923076923077
0.0035464615384615383
-0.06279323076923077
-0.09137353846153846
-0.08740984615384616
-0.05528307692307692
-0.04109723076923077
-0.03942830769230769
-0.02273907692307692
-0.007510153846153846
0.02545107692307692
0.03713353846153846
0.006258461538461538
-0.030040615384615384
-0.0609156923076923
-0.050067692307692306
-0.017523692307692306
0.004589538461538461
0.003755076923076923
-0.008344615384615384
0.012308307692307691
0.04109723076923077
0.07614461538461538
0.100344
0.07948246153846153
0.04652123076923077
0.016480615384615385
0.014603076923076923
0.03233538461538461
0.014185846153846153
-0.0022947692307692304
-0.005424
0.032544
0.10743692307692307
0.13455692307692307
0.10555938461538462
0.027328615384615382
-0.02273907692307692
-0.031709538461538456
-0.014394461538461538
0.02211323076923077
0.024199384615384616
0.02211323076923077
0.02357353846153846
0.05799507692307692
0.09491999999999999
0.08135999999999999
0.03880246153846154
-0.03275261538461539
-0.07489292307692308
-0.073224
-0.033169846153846154
0.01981846153846154
0.028788923076923077
0.05173661538461538
0.09471138461538461
0.12329169230769231
0.13101046153846155
0.09095630769230768
0.034630153846153845
-0.006884307692307692
-0.0022947692307692304
0.041514461538461535
0.06133292307692308
0.06070707692307692
0.05757784615384615
0.06863446153846153
0.09554584615384615
0.12829846153846153
0.13476553846153844
0.09596307692307693
0.05173661538461538
0.021487384615384613
0.017940923076923077
0.025033846153846153
0.03045784615384615
0.01272553846153846
-0.012934153846153845
-0.0035464615384615383
0.016897846153846156
0.025659692307692307
0.0
-0.033169846153846154
-0.040679999999999994
-0.03442153846153846
0.002086153846153846
0.03108369230769231
0.021278769230769233
0.009596307692307692
0.010639384615384617
0.025659692307692307
0.03567323076923076
0.02482523076923077
0.0050067692307692304
-0.014603076923076923
-0.010639384615384617
0.018775384615384614
0.029206153846153847
0.006049846153846154
-0.032544
-0.05069353846153846
-0.04631261538461538
-0.026494153846153844
-0.0012516923076923076
0.0014603076923076922
-0.0016689230769230767
-0.0025033846153846152
0.013768615384615384
0.02545107692307692
-0.0014603076923076922
-0.04652123076923077
-0.09304246153846155
-0.100344
-0.0771876923076923
-0.04860738461538461
-0.014185846153846153
0.0006258461538461538
0.02044430769230769
0.05069353846153846
0.05736923076923077
0.03629907692307692
-0.027745846153846152
-0.10096984615384616
-0.12621230769230768
-0.10660246153846153
-0.058412307692307694
-0.018983999999999997
-0.0014603076923076922
0.009387692307692307
0.022947692307692308
0.044435076923076924
0.0448523076923077
-0.0012516923076923076
-0.07656184615384615
-0.12934153846153845
-0.14603076923076924
-0.13393107692307693
-0.10096984615384616
-0.06967753846153846
-0.035255999999999996
-0.0002086153846153846
0.02545107692307692
0.04526953846153846
0.026494153846153844
-0.03024923076923077
-0.086784
-0.11703323076923078
-0.09137353846153846
-0.02858030769230769
0.03609046153846154
0.07238953846153846
0.10618523076923077
0.14728246153846153
0.17502830769230768
0.17461107692307692
0.10660246153846153
0.01981846153846154
-0.03963692307692308
-0.05048492307692308
0.002086153846153846
0.07405846153846153
0.14206707692307693
0.18212123076923076
0.19338646153846153
0.2056947692307692
0.18629353846153843
0.13330523076923076
0.05027630769230769
-0.044435076923076924
-0.09179076923076923
-0.08594953846153845
-0.03942830769230769
0.015854769230769228
0.055491692307692304
0.08866153846153846
0.12913292307692306
0.14978584615384616
0.1218313846153846
0.04839876923076923
-0.040054153846153843
-0.09971815384615385
-0.11056615384615384
-0.07969107692307692
-0.027328615384615382
0.027745846153846152
