0.07677046153846154
0.12642092307692307
0.1652233846153846
0.1693956923076923
0.15166338461538462
0.09283384615384616
0.009596307692307692
-0.042348923076923076
-0.07009476923076922
-0.053614153846153846
-0.022947692307692308
0.006258461538461538
0.05590892307692308
0.0855323076923077
0.11536430769230768
0.11578153846153846
0.08240307692307691
0.021696
-0.06425353846153846
-0.10096984615384616
-0.0974233846153846
-0.04902461538461538
0.017940923076923077
0.073224
0.13080184615384613
0.16063384615384615
0.16710092307692306
0.13184492307692308
0.06675692307692307
-0.0018775384615384615
-0.05757784615384615
-0.07948246153846153
-0.07489292307692308
-0.04672984615384615
-0.02753723076923077
-0.0077187692307692304
0.04401784615384615
0.10827138461538462
0.12955015384615384
0.09179076923076923
0.02586830769230769
-0.03567323076923076
-0.05653476923076922
-0.03838523076923077
-0.0018775384615384615
0.024199384615384616
0.03275261538461539
0.04526953846153846
0.056951999999999996
0.04902461538461538
0.017315076923076923
-0.03692492307692308
-0.09491999999999999
-0.12454338461538461
-0.10347323076923076
-0.05090215384615384
0.006049846153846154
0.058829538461538454
0.09658892307692307
0.12934153846153845
0.14519630769230768
0.13247076923076923
0.09325107692307691
0.026702769230769228
-0.03775938461538462
-0.053614153846153846
-0.04130584615384615
-0.03358707692307692
-0.030875076923076922
-0.032544
-0.009596307692307692
0.01940123076923077
0.03066646153846154
0.025033846153846153
-0.010013538461538461
-0.058829538461538454
-0.07927384615384615
-0.06487938461538462
-0.04839876923076923
-0.037967999999999995
-0.02586830769230769
-0.005215384615384615
0.02899753846153846
0.06362769230769232
0.06425353846153846
0.02211323076923077
-0.054240000000000003
-0.10827138461538462
-0.11578153846153846
-0.09596307692307693
-0.06467076923076923
-0.04172307692307692
-0.006884307692307692
0.03400430769230769
0.08052553846153847
0.11202646153846153
0.09721476923076922
0.04714707692307692
-0.0014603076923076922
-0.021696
-0.019609846153846155
-0.012308307692307691
-0.022530461538461537
-0.03921969230769231
-0.04172307692307692
-0.02086153846153846
0.02232184615384615
0.042348923076923076
0.02023569230769231
-0.006258461538461538
-0.02858030769230769
-0.03212676923076923
-0.022530461538461537
-0.008136
0.028788923076923077
0.06946892307692307
0.12350030769230769
0.16856123076923077
0.17982646153846152
0.15896492307692306
0.0771876923076923
0.0
-0.014811692307692307
0.0022947692307692304
0.031918153846153846
0.056951999999999996
0.086784
0.138312
0.18253846153846154
0.21111876923076925
0.19797599999999999
0.13372246153846154
0.08010830769230769
0.042974769230769226
0.030040615384615384
0.03045784615384615
0.02524246153846154
0.02524246153846154
0.020027076923076922
0.053614153846153846
0.100344
0.10430769230769231
0.059664
-0.008136
-0.05611753846153846
-0.0828203076923077
-0.07218092307692307
-0.04985907692307692
-0.03921969230769231
-0.024408000000000003
0.018983999999999997
0.08636676923076922
0.124752
0.0897046153846154
0.0070929230769230765
-0.061124307692307686
-0.10910584615384614
-0.11578153846153846
-0.08219446153846154
-0.05528307692307692
-0.033169846153846154
-0.0022947692307692304
0.030040615384615384
0.05757784615384615
0.04526953846153846
-0.003129230769230769
-0.05090215384615384
-0.08574092307692306
-0.06633969230769231
-0.017523692307692306
0.0006258461538461538
-0.001043076923076923
-0.007510153846153846
-0.018775384615384614
-0.017523692307692306
-0.01981846153846154
-0.05069353846153846
-0.09387692307692307
-0.13309661538461537
-0.12642092307692307
-0.09283384615384616
-0.06592246153846154
-0.04714707692307692
-0.042557538461538466
-0.016897846153846156
0.02273907692307692
0.07426707692307692
0.10764553846153846
0.061750153846153844
0.0025033846153846152
-0.03838523076923077
-0.054657230769230764
-0.03775938461538462
-0.03838523076923077
-0.03400430769230769
-0.034630153846153845
-0.02023569230769231
0.03775938461538462
0.040262769230769234
-0.0022947692307692304
-0.05653476923076922
-0.09867507692307692
-0.09387692307692307
-0.07238953846153846
-0.02795446153846154
-0.015228923076923076
-0.020652923076923076
-0.011891076923076923
-0.003963692307692307
0.021278769230769233
0.01814953846153846
0.004172307692307692
-0.02273907692307692
-0.041514461538461535
-0.02273907692307692
-0.011473846153846154
-0.0002086153846153846
-0.015437538461538461
-0.023990769230769232
0.0070929230769230765
0.04568676923076923
0.07697907692307693
0.06425353846153846
0.04631261538461538
0.042348923076923076
0.0446436923076923
0.07343261538461537
0.07656184615384615
0.04902461538461538
0.018775384615384614
-0.0014603076923076922
0.015228923076923076
0.03650769230769231
0.046104
0.03755076923076923
0.012934153846153845
0.0012516923076923076
0.006258461538461538
0.023364923076923075
0.023990769230769232
0.006258461538461538
-0.001043076923076923
0.012099692307692308
0.03421292307692308
