-0.08490646153846154
-0.08031692307692308
-0.047981538461538464
-0.014394461538461538
0.015228923076923076
0.03024923076923077
0.06154153846153846
0.092208
0.10347323076923076
0.10848000000000001
0.073224
0.016272
-0.01814953846153846
-0.015854769230769228
0.019609846153846155
0.03921969230769231
0.037967999999999995
0.03609046153846154
0.034630153846153845
0.04631261538461538
0.03901107692307692
-0.005632615384615384
-0.07051199999999999
-0.12808984615384614
-0.12808984615384614
-0.08740984615384616
-0.0448523076923077
-0.01043076923076923
0.012934153846153845
0.04526953846153846
0.07697907692307693
0.07531015384615385
0.03045784615384615
-0.05382276923076923
-0.14978584615384616
-0.20381723076923075
-0.19317784615384614
-0.14394461538461537
-0.07510153846153846
-0.016480615384615385
0.03150092307692308
0.09387692307692307
0.12725538461538463
0.11056615384615384
0.049233230769230765
-0.03775938461538462
-0.09867507692307692
-0.11849353846153846
-0.086784
-0.030040615384615384
0.017940923076923077
0.07113784615384615
0.1136953846153846
0.13914646153846155
0.13914646153846155
0.08031692307692308
-0.015020307692307692
-0.10910584615384614
-0.157296
-0.13852061538461538
-0.08594953846153845
-0.02545107692307692
0.028163076923076923
0.06863446153846153
0.09784061538461537
0.09179076923076923
0.05298830769230769
-0.021070153846153846
-0.09930092307692308
-0.11536430769230768
-0.09658892307692307
-0.048816000000000005
-0.0033378461538461535
0.04214030769230769
0.09679753846153846
0.12391753846153845
0.15103753846153847
0.13935507692307691
0.08177723076923075
0.006884307692307692
-0.059664
-0.07072061538461538
-0.04693846153846153
0.0002086153846153846
0.054657230769230764
0.09053907692307692
0.12308307692307692
0.15416676923076922
0.16772676923076923
0.12579507692307693
0.034630153846153845
-0.06008123076923077
-0.11765907692307691
-0.10472492307692308
-0.06300184615384616
-0.020652923076923076
0.02524246153846154
0.06300184615384616
0.10827138461538462
0.13393107692307693
0.10618523076923077
0.03504738461538461
-0.05736923076923077
-0.09909230769230769
-0.08198584615384615
-0.051528
-0.008761846153846153
0.014603076923076923
0.023990769230769232
0.03233538461538461
0.047772923076923074
0.06884307692307692
0.03755076923076923
-0.025033846153846153
-0.07551876923076924
-0.10076123076923077
-0.0936683076923077
-0.058829538461538454
-0.010639384615384617
0.01668923076923077
0.03588184615384615
0.051319384615384614
0.06195876923076923
0.045895384615384616
0.004798153846153846
-0.028163076923076923
-0.06571384615384615
-0.07551876923076924
-0.06216738461538462
-0.03838523076923077
-0.004798153846153846
0.03609046153846154
0.07030338461538461
0.09199938461538461
0.10055261538461538
0.084072
0.04714707692307692
-0.011473846153846154
-0.03588184615384615
-0.031918153846153846
-0.009596307692307692
0.022530461538461537
0.050067692307692306
0.09658892307692307
0.12725538461538463
0.14415323076923076
0.14269292307692305
0.10535076923076922
0.04568676923076923
0.0004172307692307692
-0.01272553846153846
-0.010848
-0.010013538461538461
-0.015020307692307692
-0.006675692307692307
0.021278769230769233
0.053405538461538456
0.07238953846153846
0.06049846153846154
0.021278769230769233
-0.004589538461538461
-0.024199384615384616
-0.04214030769230769
-0.054657230769230764
-0.061124307692307686
-0.03692492307692308
0.0008344615384615384
0.04401784615384615
0.07593599999999999
0.07489292307692308
0.032544
-0.03045784615384615
-0.06154153846153846
-0.07572738461538461
-0.06988615384615385
-0.042974769230769226
-0.02044430769230769
0.016272
0.054240000000000003
0.09325107692307691
0.10222153846153846
0.06404492307692307
0.01668923076923077
-0.03609046153846154
-0.06341907692307691
-0.0828203076923077
-0.0936683076923077
-0.0853236923076923
-0.06571384615384615
-0.0016689230769230767
0.056951999999999996
0.08991323076923076
0.06529661538461538
-0.017523692307692306
-0.07384984615384615
-0.11223507692307692
-0.11849353846153846
-0.10660246153846153
-0.10597661538461538
-0.08636676923076922
-0.04526953846153846
0.02858030769230769
0.10326461538461539
0.12266584615384615
0.08448923076923077
0.014603076923076923
-0.03609046153846154
-0.046104
-0.03859384615384615
-0.026911384615384615
-0.00855323076923077
0.03066646153846154
0.08824430769230769
0.1506203076923077
0.184416
0.16292861538461537
0.09971815384615385
0.03296123076923077
0.004172307692307692
0.00855323076923077
0.01814953846153846
0.029623384615384614
0.041514461538461535
0.06863446153846153
0.1207883076923077
0.15333230769230768
0.1435273846153846
0.09721476923076922
0.045895384615384616
0.02899753846153846
0.03901107692307692
0.05048492307692308
0.05528307692307692
0.04631261538461538
0.030875076923076922
0.04526953846153846
0.07781353846153846
0.09408553846153846
0.06717415384615384
0.017315076923076923
-0.015020307692307692
-0.02357353846153846
-0.01668923076923077
-0.022530461538461537
