0.0029206153846153843
0.03150092307692308
0.019609846153846155
0.01272553846153846
0.022530461538461537
0.05298830769230769
0.10159569230769232
0.12850707692307692
0.1287156923076923
0.086784
0.045060923076923075
0.028163076923076923
0.026911384615384615
0.03963692307692308
0.03296123076923077
0.037342153846153844
0.05173661538461538
0.07781353846153846
0.10347323076923076
0.07697907692307693
0.03650769230769231
0.010639384615384617
0.007927384615384614
0.012516923076923077
0.015437538461538461
0.01272553846153846
-0.023990769230769232
-0.04547815384615384
-0.03296123076923077
-0.012099692307692308
-0.003963692307692307
-0.027328615384615382
-0.037342153846153844
-0.029623384615384614
-0.007927384615384614
0.03337846153846154
0.03838523076923077
0.012308307692307691
-0.033169846153846154
-0.06800861538461538
-0.06070707692307692
-0.04693846153846153
-0.043392
-0.05820369230769231
-0.059664
-0.03129230769230769
0.02044430769230769
0.06717415384615384
0.07405846153846153
0.06905169230769231
0.05528307692307692
0.04944184615384615
0.054657230769230764
0.02545107692307692
-0.020027076923076922
-0.06216738461538462
-0.07343261538461537
-0.06154153846153846
-0.06195876923076923
-0.046104
-0.042974769230769226
-0.04422646153846154
-0.03483876923076923
-0.016063384615384615
0.015854769230769228
-0.010222153846153844
-0.07134646153846153
-0.10368184615384615
-0.08636676923076922
-0.047981538461538464
-0.02899753846153846
-0.01814953846153846
-0.016897846153846156
-0.006258461538461538
0.021904615384615383
0.045895384615384616
0.05173661538461538
0.01814953846153846
-0.0025033846153846152
0.016063384615384615
0.05069353846153846
0.09512861538461538
0.10722830769230769
0.09512861538461538
0.07635323076923077
0.0771876923076923
0.09012184615384615
0.07802215384615384
0.05069353846153846
-0.003963692307692307
-0.04735569230769231
-0.04652123076923077
-0.014394461538461538
0.02899753846153846
0.04422646153846154
0.04672984615384615
0.07113784615384615
0.09450276923076922
0.100344
0.07510153846153846
0.022947692307692308
-0.025659692307692307
-0.051319384615384614
-0.038176615384615385
-0.010639384615384617
0.02858030769230769
0.06195876923076923
0.08094276923076923
0.11202646153846153
0.11432123076923076
0.08010830769230769
0.004798153846153846
-0.07697907692307693
-0.10222153846153846
-0.08866153846153846
-0.02858030769230769
0.045895384615384616
0.0963803076923077
0.13205353846153844
0.15208061538461537
0.16897846153846155
0.14018953846153845
0.06070707692307692
-0.031918153846153846
-0.11181784615384616
-0.1368516923076923
-0.11953661538461538
-0.06759138461538462
-0.017732307692307693
0.015646153846153844
0.04714707692307692
0.07551876923076924
0.10535076923076922
0.08177723076923075
0.01940123076923077
-0.05403138461538461
-0.10952307692307692
-0.11056615384615384
-0.09158215384615384
-0.05590892307692308
-0.015228923076923076
0.03609046153846154
0.09158215384615384
0.11390399999999999
0.11703323076923078
0.07781353846153846
0.003129230769230769
-0.05194523076923077
-0.06675692307692307
-0.03421292307692308
0.006049846153846154
0.04193169230769231
0.08949599999999999
0.1205796923076923
0.1353913846153846
0.12955015384615384
0.08031692307692308
-0.005215384615384615
-0.09262523076923077
-0.12642092307692307
-0.10910584615384614
-0.05799507692307692
0.008344615384615384
0.06800861538461538
0.12224861538461537
0.1489513846153846
0.15562707692307692
0.11244369230769231
0.023364923076923075
-0.05611753846153846
-0.11578153846153846
-0.11911938461538461
-0.08302892307692307
-0.05236246153846154
-0.009804923076923077
0.02482523076923077
0.05716061538461538
0.10159569230769232
0.10910584615384614
0.07948246153846153
0.01981846153846154
-0.0446436923076923
-0.056951999999999996
-0.01981846153846154
0.024408000000000003
0.058412307692307694
0.06926030769230769
0.07280676923076923
0.092208
0.07238953846153846
0.008344615384615384
-0.08428061538461538
-0.17690584615384616
-0.20402584615384614
-0.173568
-0.09950953846153845
-0.030040615384615384
0.011473846153846154
0.053614153846153846
0.07092923076923077
0.07092923076923077
0.042557538461538466
-0.02524246153846154
-0.10722830769230769
-0.18149538461538461
-0.1908830769230769
-0.13267938461538462
-0.059038153846153844
-0.016063384615384615
0.017732307692307693
0.06216738461538462
0.06154153846153846
0.054240000000000003
0.027120000000000002
-0.031709538461538456
-0.07489292307692308
-0.09429415384615383
-0.048816000000000005
-0.0025033846153846152
0.03650769230769231
0.08866153846153846
0.11828492307692307
0.13852061538461538
0.130176
0.09846646153846153
0.03233538461538461
-0.03588184615384615
-0.06926030769230769
-0.073224
-0.02858030769230769
0.02273907692307692
0.06425353846153846
0.09450276923076922
0.11348676923076922
0.14477907692307693
0.14916
0.10931446153846153
0.03379569230769231
-0.035464615384615386
-0.05298830769230769
-0.047772923076923074
0.0002086153846153846
0.06258461538461538
0.0974233846153846
