0.10722830769230769
0.14436184615384615
0.1476996923076923
0.10159569230769232
0.01668923076923077
-0.09199938461538461
-0.17628
-0.19192615384615386
-0.15562707692307692
-0.09325107692307691
-0.03775938461538462
0.007510153846153846
0.03692492307692308
0.06905169230769231
0.08866153846153846
0.0609156923076923
0.009179076923076922
-0.04568676923076923
-0.07072061538461538
-0.06467076923076923
-0.03379569230769231
0.006258461538461538
0.03296123076923077
0.06800861538461538
0.10743692307692307
0.1314276923076923
0.11974523076923077
0.05069353846153846
-0.024616615384615383
-0.07113784615384615
-0.08010830769230769
-0.040679999999999994
0.016272
0.065088
0.0974233846153846
0.143736
0.1792006153846154
0.17273353846153844
0.11828492307692307
0.018775384615384614
-0.06028984615384615
-0.1070196923076923
-0.10994030769230768
-0.0853236923076923
-0.056951999999999996
-0.0077187692307692304
0.04839876923076923
0.11494707692307692
0.16626646153846153
0.16501476923076921
0.1028473846153846
0.009804923076923077
-0.065088
-0.086784
-0.05194523076923077
0.005841230769230769
0.06529661538461538
0.1151556923076923
0.157296
0.1785747692307692
0.16584923076923075
0.11745046153846153
0.04088861538461538
-0.02211323076923077
-0.03650769230769231
-0.011056615384615385
0.02357353846153846
0.058829538461538454
0.08636676923076922
0.11870215384615385
0.16188553846153847
0.18483323076923078
0.16334584615384617
0.09533723076923077
0.02023569230769231
-0.03296123076923077
-0.042557538461538466
-0.017732307692307693
0.004798153846153846
0.029832
0.06300184615384616
0.10117846153846152
0.13935507692307691
0.15625292307692307
0.12412615384615384
0.05298830769230769
-0.0002086153846153846
-0.011473846153846154
0.0029206153846153843
0.029623384615384614
0.052153846153846155
0.06425353846153846
0.073224
0.09429415384615383
0.10430769230769231
0.07238953846153846
0.013560000000000001
-0.04672984615384615
-0.0855323076923077
-0.09116492307692307
-0.073224
-0.05236246153846154
-0.027745846153846152
-0.009596307692307692
0.01940123076923077
0.04839876923076923
0.037342153846153844
0.0008344615384615384
-0.05778646153846154
-0.09930092307692308
-0.10347323076923076
-0.08824430769230769
-0.06821723076923077
-0.054657230769230764
-0.024199384615384616
0.020652923076923076
0.0771876923076923
0.11432123076923076
0.08907876923076924
0.025659692307692307
-0.045895384615384616
-0.08866153846153846
-0.10138707692307691
-0.10764553846153846
-0.09450276923076922
-0.06759138461538462
-0.01397723076923077
0.06362769230769232
0.10785415384615385
0.111192
0.06946892307692307
0.0035464615384615383
-0.03108369230769231
-0.03275261538461539
-0.02586830769230769
-0.02086153846153846
-0.013768615384615384
-0.0043809230769230765
0.030040615384615384
0.06967753846153846
0.07635323076923077
0.04756430769230769
-0.009804923076923077
-0.05924676923076923
-0.07510153846153846
-0.06967753846153846
-0.0609156923076923
-0.06404492307692307
-0.05757784615384615
-0.012099692307692308
0.051528
0.09512861538461538
0.07113784615384615
0.0029206153846153843
-0.06884307692307692
-0.10952307692307692
-0.10409907692307692
-0.09095630769230768
-0.06946892307692307
-0.05799507692307692
-0.029206153846153847
0.02795446153846154
0.06738276923076922
0.07948246153846153
0.035464615384615386
-0.014603076923076923
-0.04568676923076923
-0.06341907692307691
-0.03775938461538462
-0.02357353846153846
-0.012516923076923077
0.014394461538461538
0.048816000000000005
0.0988836923076923
0.11473846153846154
0.08824430769230769
0.026076923076923077
-0.03713353846153846
-0.04860738461538461
-0.03129230769230769
0.0002086153846153846
0.02023569230769231
0.022530461538461537
0.033169846153846154
0.05236246153846154
0.08386338461538462
0.08177723076923075
0.03442153846153846
-0.017732307692307693
-0.04714707692307692
-0.042557538461538466
-0.028163076923076923
-0.017732307692307693
-0.027745846153846152
-0.022947692307692308
0.01940123076923077
0.052153846153846155
0.07009476923076922
0.03650769230769231
-0.03650769230769231
-0.08699261538461538
-0.11765907692307691
-0.100344
-0.06717415384615384
-0.05382276923076923
-0.042348923076923076
-0.01814953846153846
0.03963692307692308
0.08490646153846154
0.08302892307692307
0.03609046153846154
-0.015020307692307692
-0.03921969230769231
-0.04109723076923077
-0.017523692307692306
-0.009596307692307692
-0.010222153846153844
-0.012934153846153845
-0.009804923076923077
0.02524246153846154
0.03421292307692308
0.017523692307692306
-0.018775384615384614
-0.055491692307692304
-0.042974769230769226
-0.015437538461538461
0.0002086153846153846
-0.0043809230769230765
0.0008344615384615384
0.031918153846153846
0.07426707692307692
0.11327815384615383
0.10430769230769231
0.05653476923076922
0.017940923076923077
0.010013538461538461
0.02899753846153846
0.04944184615384615
0.04756430769230769
0.01272553846153846
-0.022530461538461537
-0.018358153846153843
-0.0014603076923076922
0.013142769230769229
