0.051319384615384614
0.06300184615384616
0.0934596923076923
0.1097316923076923
0.09137353846153846
0.05611753846153846
0.0006258461538461538
-0.02545107692307692
-0.02795446153846154
0.0025033846153846152
0.04756430769230769
0.06905169230769231
0.08219446153846154
0.09450276923076922
0.11202646153846153
0.09575446153846154
0.043600615384615383
-0.01814953846153846
-0.07927384615384615
-0.09679753846153846
-0.0609156923076923
-0.008344615384615384
0.04109723076923077
0.07551876923076924
0.09596307692307693
0.11244369230769231
0.12370892307692308
0.1136953846153846
0.06654830769230768
0.018983999999999997
-0.012934153846153845
-0.010639384615384617
0.009804923076923077
0.015646153846153844
0.016480615384615385
0.009179076923076922
0.02273907692307692
0.03880246153846154
0.035255999999999996
-0.0025033846153846152
-0.056951999999999996
-0.07760492307692309
-0.06738276923076922
-0.014394461538461538
0.03755076923076923
0.08094276923076923
0.10743692307692307
0.10201292307692307
0.11411261538461538
0.10722830769230769
0.06571384615384615
0.005424
-0.061124307692307686
-0.09304246153846155
-0.08219446153846154
-0.03984553846153846
0.0029206153846153843
0.03421292307692308
0.06404492307692307
0.10138707692307691
0.14457046153846154
0.14394461538461537
0.11494707692307692
0.07551876923076924
0.029623384615384614
0.035464615384615386
0.050067692307692306
0.05319692307692307
0.035464615384615386
-0.015228923076923076
-0.02044430769230769
-0.007927384615384614
0.014603076923076923
0.021904615384615383
-0.0077187692307692304
-0.010013538461538461
-0.012308307692307691
-0.0029206153846153843
0.01272553846153846
0.005215384615384615
-0.01856676923076923
-0.03421292307692308
-0.006467076923076923
0.023990769230769232
0.02357353846153846
0.0008344615384615384
-0.03400430769230769
-0.05653476923076922
-0.04985907692307692
-0.03671630769230769
-0.023782153846153845
-0.008970461538461538
0.003755076923076923
0.030040615384615384
0.05403138461538461
0.06654830769230768
0.03942830769230769
-0.010639384615384617
-0.038176615384615385
-0.04088861538461538
-0.016480615384615385
-0.005841230769230769
-0.021278769230769233
-0.040262769230769234
-0.03504738461538461
-0.006675692307692307
0.021904615384615383
0.03212676923076923
0.006258461538461538
-0.019192615384615384
-0.034630153846153845
-0.021487384615384613
-0.009387692307692307
-0.043392
-0.06800861538461538
-0.06133292307692308
-0.011473846153846154
0.052153846153846155
0.0897046153846154
0.09596307692307693
0.05820369230769231
0.026285538461538457
0.03963692307692308
0.06592246153846154
0.06133292307692308
0.012308307692307691
-0.019192615384615384
0.008136
0.07113784615384615
0.12329169230769231
0.12454338461538461
0.09930092307692308
0.05236246153846154
0.02273907692307692
0.027745846153846152
0.048816000000000005
0.06717415384615384
0.05403138461538461
0.05757784615384615
0.08845292307692308
0.124752
0.12433476923076923
0.07238953846153846
0.006258461538461538
-0.03838523076923077
-0.027120000000000002
0.018775384615384614
0.04526953846153846
0.035464615384615386
0.01272553846153846
0.016480615384615385
0.04380923076923077
0.05382276923076923
0.03379569230769231
-0.012516923076923077
-0.041514461538461535
-0.035464615384615386
-0.0016689230769230767
0.02524246153846154
0.02524246153846154
0.021070153846153846
0.014603076923076923
0.03880246153846154
0.06195876923076923
0.04985907692307692
0.016063384615384615
-0.029832
-0.05653476923076922
-0.062376
-0.04318338461538461
-0.03066646153846154
-0.049233230769230765
-0.06341907692307691
-0.06362769230769232
-0.037967999999999995
-0.012308307692307691
-0.022947692307692308
-0.06070707692307692
-0.08907876923076924
-0.08490646153846154
-0.061750153846153844
-0.04380923076923077
-0.04193169230769231
-0.05090215384615384
-0.06300184615384616
-0.05507446153846154
-0.03024923076923077
-0.02211323076923077
-0.05194523076923077
-0.06592246153846154
-0.04214030769230769
0.0043809230769230765
0.05382276923076923
0.07697907692307693
0.08428061538461538
0.06362769230769232
0.058829538461538454
0.06759138461538462
0.05820369230769231
0.029414769230769227
-0.016480615384615385
-0.027328615384615382
-0.01272553846153846
0.01814953846153846
0.049233230769230765
0.034630153846153845
0.016272
0.02023569230769231
0.03108369230769231
0.04088861538461538
0.026285538461538457
-0.018358153846153843
-0.06592246153846154
-0.06967753846153846
-0.04735569230769231
-0.021070153846153846
-0.01272553846153846
-0.033169846153846154
-0.03024923076923077
-0.02795446153846154
-0.009596307692307692
0.027328615384615382
0.029414769230769227
0.017523692307692306
0.007301538461538462
0.03108369230769231
0.06154153846153846
0.05236246153846154
0.012099692307692308
-0.02586830769230769
-0.03504738461538461
-0.03108369230769231
-0.019609846153846155
-0.02044430769230769
-0.02899753846153846
-0.017523692307692306
0.029206153846153847
0.07697907692307693
0.09012184615384615
0.07259815384615384
0.005215384615384615
-0.04944184615384615
-0.0609156923076923
-0.05799507692307692
