0.1693956923076923
0.09387692307692307
0.0002086153846153846
-0.05799507692307692
-0.05027630769230769
-0.02315630769230769
0.017315076923076923
0.06926030769230769
0.11703323076923078
0.1597993846153846
0.1718990769230769
0.154584
0.09283384615384616
0.0014603076923076922
-0.06759138461538462
-0.0855323076923077
-0.040262769230769234
0.02023569230769231
0.086784
0.127464
0.13643446153846153
0.13184492307692308
0.08323753846153846
0.021696
-0.05382276923076923
-0.11724184615384614
-0.13518276923076925
-0.10368184615384615
-0.028371692307692306
0.031709538461538456
0.061124307692307686
0.07051199999999999
0.0744756923076923
0.07030338461538461
0.021070153846153846
-0.05382276923076923
-0.12412615384615384
-0.1693956923076923
-0.16418030769230768
-0.12037107692307693
-0.055491692307692304
-0.011891076923076923
0.017940923076923077
0.051528
0.055491692307692304
0.034630153846153845
-0.023364923076923075
-0.0963803076923077
-0.14686523076923075
-0.14936861538461538
-0.10076123076923077
-0.04172307692307692
0.024408000000000003
0.07635323076923077
0.10681107692307691
0.12433476923076923
0.11202646153846153
0.07426707692307692
0.013351384615384614
-0.05298830769230769
-0.0855323076923077
-0.07614461538461538
-0.03650769230769231
0.026285538461538457
0.08887015384615385
0.13247076923076923
0.15291507692307693
0.14519630769230768
0.09429415384615383
0.018358153846153843
-0.05820369230769231
-0.10952307692307692
-0.08991323076923076
-0.04109723076923077
0.014394461538461538
0.06946892307692307
0.10159569230769232
0.13247076923076923
0.14290153846153844
0.127464
0.07823076923076923
0.011473846153846154
-0.044435076923076924
-0.06383630769230769
-0.019609846153846155
0.046104
0.0963803076923077
0.13935507692307691
0.184416
0.20819815384615384
0.20423446153846153
0.16167692307692308
0.08636676923076922
0.010639384615384617
-0.040679999999999994
-0.03337846153846154
0.005424
0.03984553846153846
0.07802215384615384
0.10618523076923077
0.12788123076923075
0.1476996923076923
0.132888
0.07489292307692308
-0.005424
-0.07030338461538461
-0.10868861538461538
-0.11348676923076922
-0.09408553846153846
-0.058412307692307694
-0.009804923076923077
0.031709538461538456
0.08782707692307692
0.11452984615384615
0.07218092307692307
-0.01981846153846154
-0.11202646153846153
-0.14123261538461537
-0.13330523076923076
-0.10117846153846152
-0.042557538461538466
0.014394461538461538
0.059038153846153844
0.09241661538461539
0.1205796923076923
0.10889723076923077
0.04172307692307692
-0.037967999999999995
-0.09304246153846155
-0.10389046153846154
-0.07134646153846153
-0.03150092307692308
-0.009596307692307692
0.013351384615384614
0.05590892307692308
0.09408553846153846
0.0974233846153846
0.05403138461538461
-0.026911384615384615
-0.0963803076923077
-0.12412615384615384
-0.10159569230769232
-0.05027630769230769
-0.009179076923076922
0.030875076923076922
0.06550523076923077
0.09763200000000001
0.11202646153846153
0.08240307692307691
0.025033846153846153
-0.04401784615384615
-0.08094276923076923
-0.06738276923076922
-0.03108369230769231
0.0016689230769230767
0.029623384615384614
0.05090215384615384
0.07927384615384615
0.10848000000000001
0.11536430769230768
0.07531015384615385
-0.009804923076923077
-0.07218092307692307
-0.09408553846153846
-0.07405846153846153
-0.03024923076923077
0.006049846153846154
0.030040615384615384
0.04318338461538461
0.06884307692307692
0.07760492307692309
0.032544
-0.03129230769230769
-0.09554584615384615
-0.14144123076923076
-0.13914646153846155
-0.10389046153846154
-0.06487938461538462
-0.03567323076923076
0.002086153846153846
0.05048492307692308
0.09095630769230768
0.092208
0.045895384615384616
-0.02795446153846154
-0.10722830769230769
-0.14457046153846154
-0.14164984615384615
-0.12433476923076923
-0.09930092307692308
-0.06362769230769232
-0.013142769230769229
0.049233230769230765
0.10076123076923077
0.09846646153846153
0.044435076923076924
-0.023364923076923075
-0.07030338461538461
-0.08490646153846154
-0.078648
-0.06529661538461538
-0.056951999999999996
-0.040054153846153843
-0.010848
0.022947692307692308
0.03942830769230769
0.011265230769230769
-0.03692492307692308
-0.05924676923076923
-0.04839876923076923
-0.012099692307692308
0.024616615384615383
0.03024923076923077
0.04380923076923077
0.07468430769230769
0.09930092307692308
0.0988836923076923
0.05382276923076923
-0.008761846153846153
-0.06550523076923077
-0.09763200000000001
-0.08344615384615384
-0.051528
-0.029623384615384614
-0.003129230769230769
0.047772923076923074
0.12308307692307692
0.1787833846153846
0.1927606153846154
0.16334584615384617
0.0963803076923077
0.031709538461538456
-0.004798153846153846
-0.017732307692307693
-0.014185846153846153
-0.008970461538461538
0.021278769230769233
0.07510153846153846
0.10347323076923076
0.10931446153846153
0.07760492307692309
0.011056615384615385
-0.03400430769230769
-0.04214030769230769
