0.1178676923076923
0.10868861538461538
0.07551876923076924
0.008344615384615384
-0.05090215384615384
-0.062376
-0.04631261538461538
-0.009804923076923077
0.031709538461538456
0.053405538461538456
0.055491692307692304
0.07009476923076922
0.10597661538461538
0.12162276923076921
0.0974233846153846
0.042348923076923076
0.0070929230769230765
0.0002086153846153846
-0.0008344615384615384
0.02023569230769231
0.034630153846153845
0.052153846153846155
0.06654830769230768
0.05319692307692307
0.02899753846153846
-0.015228923076923076
-0.07134646153846153
-0.10681107692307691
-0.0961716923076923
-0.062376
-0.01710646153846154
0.023990769230769232
0.047772923076923074
0.05945538461538461
0.05674338461538461
0.03379569230769231
-0.019609846153846155
-0.0828203076923077
-0.1489513846153846
-0.17440246153846153
-0.13497415384615385
-0.06863446153846153
-0.0008344615384615384
0.049233230769230765
0.07906523076923076
0.10827138461538462
0.13601723076923075
0.14164984615384615
0.10910584615384614
0.040262769230769234
-0.01272553846153846
-0.026494153846153844
-0.0077187692307692304
0.01814953846153846
0.03963692307692308
0.06905169230769231
0.10660246153846153
0.13872923076923074
0.1422756923076923
0.11557292307692307
0.06258461538461538
0.00855323076923077
-0.010639384615384617
0.012516923076923077
0.042557538461538466
0.05799507692307692
0.065088
0.07572738461538461
0.09533723076923077
0.11035753846153845
0.10096984615384616
0.04380923076923077
-0.01814953846153846
-0.042557538461538466
-0.02858030769230769
-0.006675692307692307
-0.006884307692307692
-0.0043809230769230765
0.02357353846153846
0.06675692307692307
0.0974233846153846
0.11452984615384615
0.09179076923076923
0.03421292307692308
-0.003963692307692307
-0.007510153846153846
0.02044430769230769
0.035464615384615386
0.032544
0.03108369230769231
0.03024923076923077
0.04401784615384615
0.06571384615384615
0.06592246153846154
0.016063384615384615
-0.042348923076923076
-0.06759138461538462
-0.056326153846153845
-0.03129230769230769
-0.03108369230769231
-0.03775938461538462
-0.029414769230769227
0.012099692307692308
0.06487938461538462
0.08198584615384615
0.05444861538461539
-0.007510153846153846
-0.056326153846153845
-0.07030338461538461
-0.05611753846153846
-0.047981538461538464
-0.07697907692307693
-0.08699261538461538
-0.06571384615384615
-0.014185846153846153
0.048816000000000005
0.052153846153846155
0.022947692307692308
-0.013142769230769229
-0.02023569230769231
0.005215384615384615
0.03045784615384615
0.04422646153846154
0.011473846153846154
-0.008136
0.005215384615384615
0.029832
0.0446436923076923
0.00855323076923077
-0.04318338461538461
-0.08073415384615384
-0.0771876923076923
-0.04756430769230769
-0.03442153846153846
-0.026076923076923077
-0.042557538461538466
-0.047981538461538464
0.0012516923076923076
0.04714707692307692
0.05382276923076923
0.0070929230769230765
-0.03942830769230769
-0.040679999999999994
-0.021278769230769233
0.004798153846153846
0.0035464615384615383
0.001043076923076923
0.004589538461538461
0.027328615384615382
0.07593599999999999
0.09241661538461539
0.06529661538461538
-0.003129230769230769
-0.031918153846153846
-0.011473846153846154
0.021696
0.06571384615384615
0.08574092307692306
0.1028473846153846
0.1045163076923077
0.12621230769230768
0.1597993846153846
0.13476553846153844
0.07384984615384615
-0.0043809230769230765
-0.04526953846153846
-0.03108369230769231
-0.010013538461538461
0.008761846153846153
0.0008344615384615384
-0.003755076923076923
0.02482523076923077
0.06049846153846154
0.07489292307692308
0.03963692307692308
-0.0014603076923076922
-0.02858030769230769
-0.027120000000000002
-0.00855323076923077
-0.013142769230769229
-0.021487384615384613
-0.04860738461538461
-0.052571076923076915
-0.026702769230769228
-0.01814953846153846
-0.029414769230769227
-0.07384984615384615
-0.09033046153846153
-0.08323753846153846
-0.050067692307692306
0.0035464615384615383
0.003755076923076923
0.006675692307692307
0.02211323076923077
0.051319384615384614
0.08636676923076922
0.08991323076923076
0.07343261538461537
0.015854769230769228
-0.016897846153846156
0.006675692307692307
0.042557538461538466
0.07113784615384615
0.05924676923076923
0.05236246153846154
0.05799507692307692
0.06884307692307692
0.10180430769230768
0.09074769230769231
0.07468430769230769
0.06028984615384615
0.0446436923076923
0.07614461538461538
0.07677046153846154
0.065088
0.03233538461538461
-0.01272553846153846
-0.0012516923076923076
0.025033846153846153
0.04944184615384615
0.05862092307692307
0.07677046153846154
0.09575446153846154
0.10326461538461539
0.12016246153846154
0.08782707692307692
0.019609846153846155
-0.0446436923076923
-0.07468430769230769
-0.07802215384615384
-0.10409907692307692
-0.12329169230769231
-0.13747753846153846
-0.1316363076923077
-0.09930092307692308
-0.05653476923076922
-0.004589538461538461
-0.02211323076923077
-0.08740984615384616
-0.12642092307692307
-0.13622584615384614
-0.1218313846153846
-0.11181784615384616
-0.10660246153846153
