-0.059872615384615385
-0.09137353846153846
-0.08094276923076923
-0.050067692307692306
0.0008344615384615384
0.031709538461538456
0.06571384615384615
0.1207883076923077
0.14832553846153845
0.14999446153846155
0.10180430769230768
0.027120000000000002
-0.01814953846153846
-0.03859384615384615
-0.026076923076923077
-0.003755076923076923
0.007927384615384614
0.013560000000000001
0.03567323076923076
0.07677046153846154
0.086784
0.061750153846153844
-0.003963692307692307
-0.07030338461538461
-0.0934596923076923
-0.08761846153846153
-0.06717415384615384
-0.06404492307692307
-0.03921969230769231
0.007927384615384614
0.04819015384615385
0.07948246153846153
0.07614461538461538
0.03609046153846154
-0.02545107692307692
-0.06341907692307691
-0.06321046153846153
-0.03150092307692308
0.0006258461538461538
0.006675692307692307
0.011473846153846154
0.030040615384615384
0.061124307692307686
0.08824430769230769
0.0826116923076923
0.042348923076923076
-0.006467076923076923
-0.025659692307692307
-0.005841230769230769
0.015020307692307692
0.04172307692307692
0.051528
0.05799507692307692
0.07468430769230769
0.07238953846153846
0.06821723076923077
0.011891076923076923
-0.052153846153846155
-0.08845292307692308
-0.092208
-0.054657230769230764
-0.046104
-0.026911384615384615
0.004798153846153846
0.04860738461538461
0.10827138461538462
0.11578153846153846
0.078648
0.0006258461538461538
-0.06654830769230768
-0.07593599999999999
-0.051528
-0.021696
-0.005632615384615384
0.010013538461538461
0.026494153846153844
0.06300184615384616
0.10159569230769232
0.10514215384615383
0.08323753846153846
0.044435076923076924
0.012308307692307691
-0.0014603076923076922
0.005215384615384615
0.0016689230769230767
-0.014603076923076923
-0.0050067692307692304
0.021904615384615383
0.06842584615384616
0.09137353846153846
0.06049846153846154
0.008761846153846153
-0.03921969230769231
-0.05194523076923077
-0.05319692307692307
-0.05716061538461538
-0.06717415384615384
-0.06654830769230768
-0.029832
0.014603076923076923
0.0678
0.08177723076923075
0.04380923076923077
0.0043809230769230765
-0.022530461538461537
-0.0050067692307692304
0.013351384615384614
0.009179076923076922
0.008970461538461538
0.010639384615384617
0.04318338461538461
0.07885661538461539
0.08761846153846153
0.06195876923076923
0.017315076923076923
-0.012934153846153845
-0.02795446153846154
-0.017940923076923077
-0.017940923076923077
-0.031918153846153846
-0.042348923076923076
-0.032544
0.011891076923076923
0.022530461538461537
0.003755076923076923
-0.03275261538461539
-0.0798996923076923
-0.08949599999999999
-0.07197230769230768
-0.03984553846153846
-0.04380923076923077
-0.08156861538461539
-0.08949599999999999
-0.06362769230769232
-0.012099692307692308
0.026702769230769228
0.03108369230769231
0.013142769230769229
-0.00855323076923077
-0.01272553846153846
0.0002086153846153846
0.014185846153846153
0.01814953846153846
0.023364923076923075
0.05027630769230769
0.08240307692307691
0.0936683076923077
0.06988615384615385
0.016480615384615385
-0.02273907692307692
-0.028163076923076923
-0.012308307692307691
0.006675692307692307
0.018775384615384614
0.018983999999999997
0.013768615384615384
0.024408000000000003
0.05069353846153846
0.059038153846153844
0.03150092307692308
-0.018775384615384614
-0.042348923076923076
-0.022530461538461537
0.008970461538461538
0.01940123076923077
-0.003129230769230769
0.0008344615384615384
0.03275261538461539
0.065088
0.07051199999999999
0.043600615384615383
0.01814953846153846
-0.011473846153846154
-0.006258461538461538
0.007301538461538462
0.026285538461538457
0.05716061538461538
0.062376
0.08365476923076923
0.09679753846153846
0.111192
0.10868861538461538
0.06633969230769231
0.034630153846153845
0.005841230769230769
0.026285538461538457
0.04756430769230769
0.03275261538461539
0.02211323076923077
-0.011891076923076923
-0.005632615384615384
0.02545107692307692
0.03859384615384615
0.026911384615384615
-0.021278769230769233
-0.0448523076923077
-0.043392
-0.017315076923076923
0.004589538461538461
0.0070929230769230765
0.016063384615384615
0.017315076923076923
0.040054153846153843
0.05111076923076923
0.023364923076923075
-0.010848
-0.04109723076923077
-0.03650769230769231
0.006675692307692307
0.05924676923076923
0.08156861538461539
0.07280676923076923
0.06633969230769231
0.065088
0.08094276923076923
0.09137353846153846
0.05590892307692308
0.016272
-0.0022947692307692304
0.004798153846153846
0.02545107692307692
0.028163076923076923
0.021278769230769233
-0.0035464615384615383
-0.016063384615384615
-0.017315076923076923
-0.015437538461538461
-0.016480615384615385
-0.040262769230769234
-0.04318338461538461
-0.027745846153846152
0.016272
0.04735569230769231
0.02795446153846154
0.0035464615384615383
-0.03609046153846154
-0.0448523076923077
-0.02795446153846154
-0.03775938461538462
-0.03942830769230769
-0.04860738461538461
-0.030040615384615384
0.00855323076923077
0.02315630769230769
