0.006049846153846154
0.010848
0.015646153846153844
0.0002086153846153846
-0.01710646153846154
-0.06675692307692307
-0.09387692307692307
-0.12204
-0.12516923076923075
-0.08448923076923077
-0.05236246153846154
-0.008344615384615384
0.003755076923076923
0.023364923076923075
0.03671630769230769
0.012099692307692308
-0.026702769230769228
-0.11724184615384614
-0.17294215384615383
-0.18337292307692307
-0.14603076923076924
-0.05090215384615384
0.021278769230769233
0.09033046153846153
0.13184492307692308
0.13706030769230768
0.12266584615384615
0.05403138461538461
-0.028788923076923077
-0.10430769230769231
-0.14916
-0.14790830769230767
-0.12808984615384614
-0.07218092307692307
-0.017523692307692306
0.03400430769230769
0.09179076923076923
0.11765907692307691
0.09512861538461538
0.01272553846153846
-0.08323753846153846
-0.1424843076923077
-0.13914646153846155
-0.10055261538461538
-0.04172307692307692
0.023782153846153845
0.0853236923076923
0.14728246153846153
0.17419384615384614
0.15959076923076923
0.10868861538461538
0.025033846153846153
-0.05674338461538461
-0.09325107692307691
-0.07781353846153846
-0.03024923076923077
0.024408000000000003
0.07405846153846153
0.11974523076923077
0.1656406153846154
0.17273353846153844
0.1368516923076923
0.059872615384615385
-0.042348923076923076
-0.0961716923076923
-0.10743692307692307
-0.08177723076923075
-0.033169846153846154
0.006049846153846154
0.05757784615384615
0.09679753846153846
0.10952307692307692
0.09116492307692307
0.005424
-0.09158215384615384
-0.15604430769230768
-0.16876984615384616
-0.13476553846153844
-0.08115138461538463
-0.007301538461538462
0.042348923076923076
0.08490646153846154
0.11599015384615384
0.10555938461538462
0.05194523076923077
-0.04526953846153846
-0.12037107692307693
-0.16063384615384615
-0.14686523076923075
-0.08782707692307692
-0.03984553846153846
0.012099692307692308
0.05382276923076923
0.10013538461538461
0.12391753846153845
0.07927384615384615
0.0043809230769230765
-0.09012184615384615
-0.15833907692307692
-0.16647507692307692
-0.14164984615384615
-0.09533723076923077
-0.05236246153846154
-0.013560000000000001
0.03588184615384615
0.07697907692307693
0.08991323076923076
0.045895384615384616
-0.02023569230769231
-0.07384984615384615
-0.08887015384615385
-0.05298830769230769
-0.01814953846153846
0.029832
0.07468430769230769
0.11807630769230769
0.16167692307692308
0.15833907692307692
0.12329169230769231
0.04860738461538461
-0.028163076923076923
-0.06675692307692307
-0.06759138461538462
-0.02545107692307692
0.01814953846153846
0.05194523076923077
0.08219446153846154
0.11494707692307692
0.1449876923076923
0.13330523076923076
0.07426707692307692
0.008344615384615384
-0.028788923076923077
-0.04172307692307692
-0.01272553846153846
0.03567323076923076
0.04902461538461538
0.06884307692307692
0.10117846153846152
0.14018953846153845
0.16167692307692308
0.12099692307692309
0.07426707692307692
0.02545107692307692
-0.00855323076923077
-0.011891076923076923
-0.004798153846153846
0.026702769230769228
0.05611753846153846
0.09179076923076923
0.13664307692307692
0.17023015384615386
0.16689230769230767
0.10994030769230768
0.045060923076923075
-0.009179076923076922
-0.02273907692307692
0.0
0.018775384615384614
0.031918153846153846
0.026494153846153844
0.02795446153846154
0.03296123076923077
0.026285538461538457
-0.0016689230769230767
-0.06592246153846154
-0.10785415384615385
-0.11306953846153844
-0.08949599999999999
-0.06258461538461538
-0.050067692307692306
-0.03275261538461539
-0.014185846153846153
0.03504738461538461
0.07238953846153846
0.05486584615384615
0.0043809230769230765
-0.058829538461538454
-0.08365476923076923
-0.07426707692307692
-0.056951999999999996
-0.029206153846153847
-0.006675692307692307
0.035464615384615386
0.0961716923076923
0.1506203076923077
0.17648861538461538
0.13914646153846155
0.09095630769230768
0.04693846153846153
0.029414769230769227
0.04839876923076923
0.04985907692307692
0.04860738461538461
0.03629907692307692
0.058829538461538454
0.11265230769230769
0.138312
0.13476553846153844
0.08574092307692306
0.03609046153846154
0.006258461538461538
0.0070929230769230765
0.030875076923076922
0.03942830769230769
0.03609046153846154
0.03275261538461539
0.054240000000000003
0.08198584615384615
0.09137353846153846
0.07635323076923077
0.03838523076923077
0.02044430769230769
0.03775938461538462
0.05924676923076923
0.05945538461538461
0.03421292307692308
0.02086153846153846
0.033169846153846154
0.08115138461538463
0.12704676923076924
0.11411261538461538
0.06863446153846153
0.005841230769230769
-0.02315630769230769
-0.028788923076923077
-0.03609046153846154
-0.025033846153846153
-0.005215384615384615
0.048816000000000005
0.09971815384615385
0.13476553846153844
0.1368516923076923
0.06383630769230769
-0.018358153846153843
-0.07760492307692309
-0.0892873846153846
-0.07405846153846153
-0.07092923076923077
-0.06550523076923077
-0.04944184615384615
-0.0014603076923076922
0.043600615384615383
0.06613107692307692
