-0.01814953846153846
-0.018358153846153843
-0.0025033846153846152
0.02273907692307692
0.078648
0.14540492307692307
0.1710646153846154
0.12454338461538461
0.03838523076923077
-0.020652923076923076
-0.04318338461538461
-0.027745846153846152
-0.017940923076923077
-0.02023569230769231
-0.008344615384615384
0.014394461538461538
0.06842584615384616
0.09429415384615383
0.06759138461538462
0.024408000000000003
-0.028163076923076923
-0.043392
-0.03233538461538461
-0.012308307692307691
-0.0033378461538461535
-0.008344615384615384
0.010013538461538461
0.03421292307692308
0.06425353846153846
0.056326153846153845
-0.008344615384615384
-0.06884307692307692
-0.10660246153846153
-0.09179076923076923
-0.05048492307692308
-0.01668923076923077
0.013351384615384614
0.02795446153846154
0.07510153846153846
0.11098338461538461
0.11724184615384614
0.10848000000000001
0.05653476923076922
0.01668923076923077
-0.0025033846153846152
0.008344615384615384
0.01856676923076923
0.0035464615384615383
0.0012516923076923076
0.009804923076923077
0.04819015384615385
0.07885661538461539
0.07343261538461537
0.04839876923076923
0.001043076923076923
-0.013768615384615384
-0.006675692307692307
0.01043076923076923
0.025659692307692307
0.0022947692307692304
0.006884307692307692
0.03609046153846154
0.06759138461538462
0.07635323076923077
0.035464615384615386
-0.003129230769230769
-0.03400430769230769
-0.03838523076923077
-0.01272553846153846
0.015228923076923076
0.03337846153846154
0.03650769230769231
0.06070707692307692
0.08761846153846153
0.10368184615384615
0.0974233846153846
0.06362769230769232
0.03233538461538461
-0.009387692307692307
-0.026285538461538457
-0.03609046153846154
-0.05736923076923077
-0.08657538461538461
-0.11724184615384614
-0.08949599999999999
-0.05319692307692307
-0.05048492307692308
-0.054240000000000003
-0.05799507692307692
-0.04985907692307692
-0.03692492307692308
-0.025659692307692307
-0.02482523076923077
-0.04693846153846153
-0.058829538461538454
-0.04526953846153846
-0.024616615384615383
-0.011891076923076923
-0.01043076923076923
-0.018358153846153843
-0.027328615384615382
-0.015020307692307692
0.007301538461538462
0.003963692307692307
-0.02795446153846154
-0.07259815384615384
-0.08115138461538463
-0.04819015384615385
-0.0043809230769230765
0.049233230769230765
0.07572738461538461
0.08761846153846153
0.09909230769230769
0.1207883076923077
0.11640738461538462
0.03755076923076923
-0.05194523076923077
-0.10994030769230768
-0.13184492307692308
-0.124752
-0.08657538461538461
-0.035464615384615386
0.012516923076923077
0.04756430769230769
0.08386338461538462
0.12329169230769231
0.11724184615384614
0.07843938461538462
0.02211323076923077
-0.018775384615384614
-0.015228923076923076
0.0008344615384615384
0.02482523076923077
0.05048492307692308
0.07635323076923077
0.10576799999999999
0.12996738461538462
0.13393107692307693
0.08052553846153847
0.0014603076923076922
-0.05236246153846154
-0.05507446153846154
-0.020652923076923076
0.021904615384615383
0.065088
0.08469784615384615
0.10389046153846154
0.11557292307692307
0.11160923076923077
0.07134646153846153
-0.015646153846153844
-0.09325107692307691
-0.13351384615384615
-0.10660246153846153
-0.05319692307692307
-0.0012516923076923076
0.04672984615384615
0.08782707692307692
0.12934153846153845
0.1476996923076923
0.13747753846153846
0.09429415384615383
0.03212676923076923
-0.01272553846153846
-0.0018775384615384615
0.03629907692307692
0.08949599999999999
0.13476553846153844
0.14269292307692305
0.14519630769230768
0.12621230769230768
0.09596307692307693
0.049233230769230765
-0.022947692307692308
-0.07405846153846153
-0.08344615384615384
-0.035464615384615386
0.040262769230769234
0.09325107692307691
0.12725538461538463
0.13893784615384613
0.13393107692307693
0.12579507692307693
0.07885661538461539
0.0043809230769230765
-0.06529661538461538
-0.1218313846153846
-0.12245723076923076
-0.0897046153846154
-0.04214030769230769
0.0035464615384615383
0.03692492307692308
0.0717636923076923
0.08240307692307691
0.07635323076923077
0.03233538461538461
-0.030040615384615384
-0.06821723076923077
-0.06905169230769231
-0.026702769230769228
0.027120000000000002
0.06070707692307692
0.07531015384615385
0.08469784615384615
0.08010830769230769
0.07697907692307693
0.0448523076923077
-0.018983999999999997
-0.06800861538461538
-0.08615815384615384
-0.06696553846153847
-0.03880246153846154
0.002712
0.03212676923076923
0.0448523076923077
0.06487938461538462
0.05799507692307692
0.02795446153846154
-0.01940123076923077
-0.06988615384615385
-0.10535076923076922
-0.11807630769230769
-0.09074769230769231
-0.04547815384615384
-0.01814953846153846
0.002086153846153846
0.04088861538461538
0.08866153846153846
0.09325107692307691
0.04672984615384615
-0.010848
-0.07697907692307693
-0.11056615384615384
-0.09095630769230768
-0.03859384615384615
0.03337846153846154
0.08428061538461538
0.1289243076923077
0.15500123076923078
0.14290153846153844
0.12037107692307693
0.06341907692307691
-0.017315076923076923
-0.08386338461538462
