-0.10618523076923077
-0.07614461538461538
-0.031709538461538456
0.03150092307692308
0.07760492307692309
0.10368184615384615
0.13121907692307694
0.12099692307692309
0.08198584615384615
0.015437538461538461
-0.03483876923076923
-0.04276615384615385
-0.01856676923076923
0.008136
0.025033846153846153
0.05820369230769231
0.07092923076923077
0.09763200000000001
0.11056615384615384
0.07635323076923077
0.02357353846153846
-0.043392
-0.06341907692307691
-0.05319692307692307
-0.027328615384615382
0.011265230769230769
0.04672984615384615
0.09533723076923077
0.1368516923076923
0.16021661538461537
0.13372246153846154
0.06404492307692307
-0.014603076923076923
-0.08720123076923077
-0.10222153846153846
-0.08302892307692307
-0.043392
-0.003963692307692307
0.022530461538461537
0.06821723076923077
0.10868861538461538
0.12913292307692306
0.09241661538461539
0.015228923076923076
-0.058412307692307694
-0.10618523076923077
-0.09512861538461538
-0.07051199999999999
-0.055491692307692304
-0.043392
-0.03379569230769231
-0.0016689230769230767
0.019609846153846155
0.01668923076923077
-0.010848
-0.058412307692307694
-0.06675692307692307
-0.0448523076923077
-0.009596307692307692
0.011682461538461537
0.004798153846153846
0.002086153846153846
0.008344615384615384
0.03963692307692308
0.056951999999999996
0.034630153846153845
-0.011473846153846154
-0.04860738461538461
-0.03775938461538462
-0.01043076923076923
0.01710646153846154
0.023364923076923075
0.01272553846153846
0.02899753846153846
0.06571384615384615
0.10952307692307692
0.11724184615384614
0.07843938461538462
0.024616615384615383
-0.021070153846153846
-0.025033846153846153
-0.02357353846153846
-0.01814953846153846
-0.005841230769230769
-0.005632615384615384
0.02795446153846154
0.07551876923076924
0.10514215384615383
0.09658892307692307
0.046104
0.003963692307692307
-0.005424
0.011473846153846154
0.022530461538461537
0.015228923076923076
0.02044430769230769
0.04318338461538461
0.07969107692307692
0.10514215384615383
0.09241661538461539
0.053614153846153846
-0.003963692307692307
-0.03880246153846154
-0.05403138461538461
-0.050067692307692306
-0.04944184615384615
-0.06300184615384616
-0.03713353846153846
0.0070929230769230765
0.078648
0.11557292307692307
0.09512861538461538
0.051528
-0.014185846153846153
-0.05090215384615384
-0.08156861538461539
-0.10076123076923077
-0.10514215384615383
-0.09930092307692308
-0.05403138461538461
0.0050067692307692304
0.047772923076923074
0.03901107692307692
-0.021487384615384613
-0.08010830769230769
-0.10117846153846152
-0.07572738461538461
-0.03775938461538462
-0.015437538461538461
0.0016689230769230767
0.014394461538461538
0.050067692307692306
0.08720123076923077
0.0828203076923077
0.029414769230769227
-0.05570030769230769
-0.10618523076923077
-0.10117846153846152
-0.06425353846153846
-0.035464615384615386
-0.015437538461538461
0.008136
0.03901107692307692
0.08135999999999999
0.11077476923076923
0.09700615384615385
0.043392
0.003129230769230769
-0.012308307692307691
-0.002712
0.008136
0.0
0.014394461538461538
0.042557538461538466
0.09158215384615384
0.15354092307692307
0.1869193846153846
0.1760713846153846
0.10994030769230768
0.045060923076923075
0.03024923076923077
0.051319384615384614
0.0717636923076923
0.06467076923076923
0.06425353846153846
0.09491999999999999
0.12829846153846153
0.13706030769230768
0.09074769230769231
0.027120000000000002
-0.01043076923076923
-0.012308307692307691
0.02795446153846154
0.05048492307692308
0.045895384615384616
0.028788923076923077
0.013560000000000001
0.02273907692307692
0.024408000000000003
0.01856676923076923
-0.01043076923076923
-0.06070707692307692
-0.07551876923076924
-0.05924676923076923
-0.01981846153846154
0.024408000000000003
0.03609046153846154
0.040262769230769234
0.054240000000000003
0.07426707692307692
0.0828203076923077
0.059872615384615385
0.008761846153846153
-0.03421292307692308
-0.03901107692307692
-0.015437538461538461
-0.0002086153846153846
-0.022947692307692308
-0.040054153846153843
-0.03483876923076923
-0.0022947692307692304
0.03504738461538461
0.03233538461538461
0.009387692307692307
-0.04109723076923077
-0.07197230769230768
-0.05027630769230769
-0.023990769230769232
-0.004589538461538461
-0.01940123076923077
-0.03483876923076923
-0.021070153846153846
0.0004172307692307692
0.017940923076923077
0.0006258461538461538
-0.023782153846153845
-0.03775938461538462
-0.017315076923076923
0.027745846153846152
0.029414769230769227
0.015020307692307692
-0.0033378461538461535
-0.015646153846153844
0.0012516923076923076
0.025659692307692307
0.06133292307692308
0.08386338461538462
0.09116492307692307
0.0974233846153846
0.08866153846153846
0.06738276923076922
0.021904615384615383
-0.026911384615384615
-0.04756430769230769
-0.027745846153846152
0.01981846153846154
0.03880246153846154
0.04172307692307692
0.03504738461538461
0.02795446153846154
0.04819015384615385
0.04631261538461538
0.042974769230769226
0.023990769230769232
