-0.01272553846153846
0.005632615384615384
0.03755076923076923
0.08699261538461538
0.10055261538461538
0.07885661538461539
0.05090215384615384
0.02899753846153846
0.03275261538461539
0.046104
0.052153846153846155
0.0446436923076923
0.05069353846153846
0.07572738461538461
0.09387692307692307
0.09179076923076923
0.046104
-0.026285538461538457
-0.07489292307692308
-0.07885661538461539
-0.03588184615384615
0.0004172307692307692
0.018983999999999997
0.03108369230769231
0.044435076923076924
0.08198584615384615
0.1028473846153846
0.10430769230769231
0.07781353846153846
0.04088861538461538
0.03984553846153846
0.04756430769230769
0.05382276923076923
0.043600615384615383
0.019609846153846155
0.007927384615384614
0.01668923076923077
0.05027630769230769
0.06654830769230768
0.046104
0.017315076923076923
0.005215384615384615
0.01397723076923077
0.03588184615384615
0.05173661538461538
0.029206153846153847
-0.010013538461538461
-0.012308307692307691
0.010848
0.01668923076923077
-0.0012516923076923076
-0.025033846153846153
-0.03483876923076923
-0.02273907692307692
0.02273907692307692
0.06884307692307692
0.062376
0.02086153846153846
-0.009804923076923077
-0.017523692307692306
-0.02211323076923077
-0.033169846153846154
-0.04422646153846154
-0.05194523076923077
-0.04172307692307692
-0.003755076923076923
0.030040615384615384
0.026285538461538457
-0.003129230769230769
-0.03650769230769231
-0.05757784615384615
-0.05069353846153846
-0.02899753846153846
-0.022947692307692308
-0.02899753846153846
-0.018983999999999997
0.005841230769230769
0.03692492307692308
0.0448523076923077
0.011473846153846154
-0.03671630769230769
-0.07885661538461539
-0.06884307692307692
-0.02044430769230769
0.017523692307692306
0.033169846153846154
0.023782153846153845
0.024408000000000003
0.03358707692307692
0.03629907692307692
0.015437538461538461
-0.03692492307692308
-0.08782707692307692
-0.11056615384615384
-0.09825784615384614
-0.06842584615384616
-0.045895384615384616
-0.028788923076923077
0.0
0.03358707692307692
0.06592246153846154
0.07134646153846153
0.02211323076923077
-0.053614153846153846
-0.10493353846153847
-0.11870215384615385
-0.10889723076923077
-0.07113784615384615
-0.020027076923076922
0.028788923076923077
0.06759138461538462
0.10117846153846152
0.10743692307692307
0.05799507692307692
-0.029832
-0.09909230769230769
-0.11452984615384615
-0.09137353846153846
-0.03650769230769231
0.013768615384615384
0.03567323076923076
0.049233230769230765
0.06028984615384615
0.06884307692307692
0.052153846153846155
0.007301538461538462
-0.02753723076923077
-0.05298830769230769
-0.043600615384615383
-0.013768615384615384
0.009804923076923077
0.05319692307692307
0.08824430769230769
0.12433476923076923
0.1358086153846154
0.10263876923076923
0.04672984615384615
-0.03692492307692308
-0.10013538461538461
-0.11286092307692308
-0.08010830769230769
-0.02858030769230769
0.01814953846153846
0.07614461538461538
0.12016246153846154
0.14039815384615384
0.13372246153846154
0.06905169230769231
-0.01397723076923077
-0.08094276923076923
-0.1151556923076923
-0.09950953846153845
-0.04672984615384615
0.02044430769230769
0.078648
0.12558646153846154
0.15896492307692306
0.1693956923076923
0.13893784615384613
0.05507446153846154
-0.028788923076923077
-0.06946892307692307
-0.06341907692307691
-0.021070153846153846
0.018358153846153843
0.04819015384615385
0.09158215384615384
0.1356
0.15875630769230767
0.15520984615384617
0.103056
0.028371692307692306
-0.03275261538461539
-0.054240000000000003
-0.02524246153846154
0.013768615384615384
0.05382276923076923
0.08219446153846154
0.09867507692307692
0.12412615384615384
0.1397723076923077
0.11849353846153846
0.06216738461538462
-0.005632615384615384
-0.05653476923076922
-0.06049846153846154
-0.04172307692307692
-0.024408000000000003
-0.008344615384615384
0.009804923076923077
0.051528
0.078648
0.06946892307692307
0.009179076923076922
-0.07531015384615385
-0.11765907692307691
-0.10827138461538462
-0.06008123076923077
-0.008970461538461538
0.04631261538461538
0.09074769230769231
0.1314276923076923
0.16730953846153845
0.1706473846153846
0.12391753846153845
0.04172307692307692
-0.03024923076923077
-0.07635323076923077
-0.06279323076923077
-0.02315630769230769
0.014811692307692307
0.05403138461538461
0.09012184615384615
0.12454338461538461
0.13518276923076925
0.11327815384615383
0.05382276923076923
-0.016897846153846156
-0.06195876923076923
-0.06362769230769232
-0.03609046153846154
-0.010013538461538461
0.016480615384615385
0.043600615384615383
0.0771876923076923
0.10952307692307692
0.11682461538461539
0.08824430769230769
0.02044430769230769
-0.03504738461538461
-0.05027630769230769
-0.02795446153846154
0.013351384615384614
0.05319692307692307
0.10326461538461539
0.1368516923076923
0.16271999999999998
0.1785747692307692
0.14561353846153846
0.07197230769230768
-0.015646153846153844
-0.05778646153846154
-0.06070707692307692
-0.05444861538461539
