-0.06216738461538462
-0.013142769230769229
0.028163076923076923
0.06216738461538462
0.09491999999999999
0.10785415384615385
0.06633969230769231
-0.02044430769230769
-0.10117846153846152
-0.12934153846153845
-0.09971815384615385
-0.024408000000000003
0.04860738461538461
0.09471138461538461
0.12037107692307693
0.12496061538461539
0.10994030769230768
0.056951999999999996
-0.02482523076923077
-0.11181784615384616
-0.17481969230769231
-0.16480615384615382
-0.09262523076923077
-0.012308307692307691
0.05277969230769231
0.10013538461538461
0.130176
0.13184492307692308
0.10681107692307691
0.05590892307692308
-0.03337846153846154
-0.10764553846153846
-0.13330523076923076
-0.10743692307692307
-0.054240000000000003
-0.017315076923076923
0.03045784615384615
0.07551876923076924
0.11056615384615384
0.12245723076923076
0.08177723076923075
0.010222153846153844
-0.08323753846153846
-0.13393107692307693
-0.12558646153846154
-0.08907876923076924
-0.03129230769230769
0.025659692307692307
0.08094276923076923
0.11703323076923078
0.12704676923076924
0.10472492307692308
0.0446436923076923
-0.03358707692307692
-0.09408553846153846
-0.116616
-0.10243015384615384
-0.04672984615384615
0.01981846153846154
0.055491692307692304
0.07614461538461538
0.08761846153846153
0.07072061538461538
0.018358153846153843
-0.07030338461538461
-0.14436184615384615
-0.18149538461538461
-0.16292861538461537
-0.09950953846153845
-0.045895384615384616
-0.0025033846153846152
0.03609046153846154
0.08219446153846154
0.10889723076923077
0.09575446153846154
0.04401784615384615
-0.026702769230769228
-0.06967753846153846
-0.08386338461538462
-0.06946892307692307
-0.042348923076923076
-0.005841230769230769
0.03984553846153846
0.08386338461538462
0.12266584615384615
0.1353913846153846
0.09304246153846155
0.023364923076923075
-0.037967999999999995
-0.06967753846153846
-0.037967999999999995
-0.001043076923076923
0.03233538461538461
0.06738276923076922
0.09137353846153846
0.1356
0.14999446153846155
0.12642092307692307
0.07635323076923077
-0.006884307692307692
-0.05778646153846154
-0.06258461538461538
-0.04172307692307692
-0.0025033846153846152
0.026285538461538457
0.06216738461538462
0.09971815384615385
0.116616
0.11640738461538462
0.07885661538461539
0.017523692307692306
-0.042348923076923076
-0.06988615384615385
-0.04526953846153846
-0.0008344615384615384
0.04318338461538461
0.07405846153846153
0.10263876923076923
0.13267938461538462
0.12955015384615384
0.0934596923076923
0.03859384615384615
0.0006258461538461538
-0.018775384615384614
-0.014811692307692307
0.02211323076923077
0.06049846153846154
0.09304246153846155
0.12037107692307693
0.15562707692307692
0.17544553846153846
0.14728246153846153
0.07009476923076922
-0.014603076923076923
-0.06800861538461538
-0.0853236923076923
-0.059664
-0.035255999999999996
-0.010848
0.027328615384615382
0.05048492307692308
0.08115138461538463
0.08761846153846153
0.06446215384615385
0.02357353846153846
-0.03609046153846154
-0.05444861538461539
-0.056951999999999996
-0.049233230769230765
-0.029414769230769227
-0.020652923076923076
0.008970461538461538
0.03984553846153846
0.05945538461538461
0.06258461538461538
0.012516923076923077
-0.05757784615384615
-0.11599015384615384
-0.13267938461538462
-0.10096984615384616
-0.06341907692307691
-0.03483876923076923
-0.003755076923076923
0.037342153846153844
0.05924676923076923
0.05236246153846154
0.0002086153846153846
-0.06592246153846154
-0.10910584615384614
-0.12996738461538462
-0.10952307692307692
-0.08782707692307692
-0.086784
-0.08365476923076923
-0.06049846153846154
-0.023364923076923075
0.0029206153846153843
-0.0035464615384615383
-0.040054153846153843
-0.08094276923076923
-0.09575446153846154
-0.06321046153846153
-0.017315076923076923
0.006049846153846154
0.01981846153846154
0.04714707692307692
0.08574092307692306
0.11619876923076923
0.11202646153846153
0.07885661538461539
0.027745846153846152
-0.01272553846153846
-0.004589538461538461
0.012934153846153845
0.03421292307692308
0.045895384615384616
0.05507446153846154
0.09471138461538461
0.1314276923076923
0.1612596923076923
0.15667015384615385
0.09992676923076924
0.040262769230769234
0.02357353846153846
0.053614153846153846
0.06446215384615385
0.05090215384615384
0.04944184615384615
0.05444861538461539
0.08991323076923076
0.12162276923076921
0.12829846153846153
0.09700615384615385
0.017523692307692306
-0.007927384615384614
0.01856676923076923
0.058412307692307694
0.09325107692307691
0.08740984615384616
0.0826116923076923
0.08115138461538463
0.09074769230769231
0.10326461538461539
0.07030338461538461
0.02545107692307692
-0.010639384615384617
-0.016897846153846156
0.012516923076923077
0.040679999999999994
0.046104
0.02795446153846154
0.022947692307692308
0.042348923076923076
0.07280676923076923
0.07030338461538461
0.02315630769230769
-0.024199384615384616
-0.07113784615384615
-0.09179076923076923
-0.08240307692307691
-0.065088
-0.03775938461538462
-0.024408000000000003
0.018775384615384614
