0.05862092307692307
0.0897046153846154
0.08574092307692306
0.035464615384615386
-0.009804923076923077
-0.03150092307692308
-0.03504738461538461
-0.03421292307692308
-0.056951999999999996
-0.0798996923076923
-0.06300184615384616
-0.01272553846153846
0.026911384615384615
0.026494153846153844
-0.005215384615384615
-0.04860738461538461
-0.07426707692307692
-0.06154153846153846
-0.01940123076923077
0.003129230769230769
-0.019609846153846155
-0.03212676923076923
-0.002086153846153846
0.047772923076923074
0.07238953846153846
0.050067692307692306
0.0008344615384615384
-0.049233230769230765
-0.07426707692307692
-0.05778646153846154
-0.020652923076923076
-0.006675692307692307
0.0077187692307692304
0.04985907692307692
0.1028473846153846
0.14707384615384617
0.13893784615384613
0.08594953846153845
0.021696
-0.027328615384615382
-0.045060923076923075
-0.0448523076923077
-0.024408000000000003
-0.009804923076923077
0.007301538461538462
0.05570030769230769
0.1097316923076923
0.12955015384615384
0.08615815384615384
0.015646153846153844
-0.026494153846153844
-0.03609046153846154
-0.026076923076923077
-0.016480615384615385
-0.008344615384615384
0.003129230769230769
0.01940123076923077
0.04130584615384615
0.05173661538461538
0.03129230769230769
-0.029623384615384614
-0.0855323076923077
-0.10201292307692307
-0.09512861538461538
-0.06821723076923077
-0.03129230769230769
0.009179076923076922
0.05778646153846154
0.09304246153846155
0.103056
0.07489292307692308
-0.0070929230769230765
-0.08907876923076924
-0.13309661538461537
-0.14331876923076922
-0.11703323076923078
-0.09700615384615385
-0.0880356923076923
-0.06654830769230768
-0.023990769230769232
0.03504738461538461
0.05090215384615384
0.018358153846153843
-0.04172307692307692
-0.0936683076923077
-0.09408553846153846
-0.07677046153846154
-0.05444861538461539
-0.031918153846153846
-0.015020307692307692
0.009179076923076922
0.04088861538461538
0.05048492307692308
0.02023569230769231
-0.03650769230769231
-0.08907876923076924
-0.10138707692307691
-0.0717636923076923
-0.014185846153846153
0.016480615384615385
0.02023569230769231
0.03045784615384615
0.07134646153846153
0.12162276923076921
0.11870215384615385
0.07948246153846153
0.012516923076923077
-0.03609046153846154
-0.033169846153846154
-0.003129230769230769
0.021904615384615383
0.0012516923076923076
-0.015854769230769228
0.003755076923076923
0.03233538461538461
0.06216738461538462
0.06070707692307692
0.04109723076923077
0.01668923076923077
-0.00855323076923077
0.011891076923076923
0.047772923076923074
0.06675692307692307
0.059038153846153844
0.04965046153846154
0.06487938461538462
0.08469784615384615
0.09533723076923077
0.08010830769230769
0.058829538461538454
0.050067692307692306
0.05862092307692307
0.092208
0.111192
0.10180430769230768
0.08490646153846154
0.08991323076923076
0.11807630769230769
0.11098338461538461
0.08323753846153846
0.049233230769230765
0.018358153846153843
0.01856676923076923
0.02482523076923077
0.047981538461538464
0.06279323076923077
0.03609046153846154
0.018358153846153843
0.018983999999999997
0.03483876923076923
0.03692492307692308
0.005424
-0.016897846153846156
-0.032544
-0.025659692307692307
-0.02232184615384615
-0.04714707692307692
-0.08469784615384615
-0.1151556923076923
-0.0961716923076923
-0.05778646153846154
-0.011265230769230769
0.015854769230769228
0.015646153846153844
0.02044430769230769
0.013351384615384614
0.016480615384615385
-0.003963692307692307
-0.04944184615384615
-0.07697907692307693
-0.08386338461538462
-0.05799507692307692
-0.023990769230769232
0.0035464615384615383
0.021696
0.021070153846153846
0.03567323076923076
0.08615815384615384
0.10618523076923077
0.07426707692307692
0.019609846153846155
-0.013142769230769229
-0.008970461538461538
0.0016689230769230767
0.012099692307692308
0.01272553846153846
0.013560000000000001
0.03024923076923077
0.06592246153846154
0.08866153846153846
0.08574092307692306
0.0446436923076923
-0.020652923076923076
-0.03150092307692308
0.003963692307692307
0.049233230769230765
0.09596307692307693
0.1207883076923077
0.13393107692307693
0.14436184615384615
0.14853415384615384
0.14811692307692306
0.09512861538461538
0.011891076923076923
-0.03379569230769231
-0.03609046153846154
-0.0016689230769230767
0.03692492307692308
0.07280676923076923
0.10138707692307691
0.10952307692307692
0.11286092307692308
0.10639384615384614
0.05799507692307692
-0.02899753846153846
-0.10681107692307691
-0.13643446153846153
-0.10576799999999999
-0.06133292307692308
-0.02044430769230769
0.001043076923076923
0.015020307692307692
0.05570030769230769
0.07384984615384615
0.05528307692307692
-0.013142769230769229
-0.09846646153846153
-0.14039815384615384
-0.14144123076923076
-0.09971815384615385
-0.04693846153846153
0.0
0.03650769230769231
0.06884307692307692
0.09199938461538461
0.07301538461538462
0.021904615384615383
-0.05716061538461538
-0.12454338461538461
-0.13497415384615385
-0.10681107692307691
-0.05069353846153846
0.012308307692307691
0.049233230769230765
