0.10868861538461538
0.06467076923076923
0.052153846153846155
0.04735569230769231
0.07238953846153846
0.092208
0.09199938461538461
0.11599015384615384
0.14185846153846154
0.1666836923076923
0.15103753846153847
0.09429415384615383
0.025659692307692307
-0.0448523076923077
-0.06362769230769232
-0.04276615384615385
-0.028163076923076923
-0.02524246153846154
-0.014185846153846153
0.029414769230769227
0.07155507692307693
0.09721476923076922
0.08448923076923077
0.022947692307692308
-0.030040615384615384
-0.058829538461538454
-0.058412307692307694
-0.05820369230769231
-0.059664
-0.052571076923076915
-0.040679999999999994
0.012099692307692308
0.07218092307692307
0.10785415384615385
0.08115138461538463
0.026285538461538457
-0.008970461538461538
-0.03233538461538461
-0.012099692307692308
-0.009179076923076922
-0.03296123076923077
-0.042348923076923076
-0.03483876923076923
0.010848
0.03755076923076923
0.040679999999999994
0.04109723076923077
0.028788923076923077
0.030875076923076922
0.026494153846153844
0.026911384615384615
0.008136
-0.03296123076923077
-0.04193169230769231
-0.040054153846153843
-0.014603076923076923
-0.010013538461538461
-0.035464615384615386
-0.03483876923076923
-0.03755076923076923
-0.007510153846153846
0.03442153846153846
0.04088861538461538
0.04109723076923077
0.019609846153846155
0.02273907692307692
0.03901107692307692
0.040054153846153843
0.05277969230769231
0.050067692307692306
0.05528307692307692
0.06675692307692307
0.09012184615384615
0.09387692307692307
0.033169846153846154
-0.0077187692307692304
-0.03692492307692308
-0.03045784615384615
0.011473846153846154
0.032544
0.05716061538461538
0.05090215384615384
0.06300184615384616
0.06946892307692307
0.03755076923076923
-0.010013538461538461
-0.09867507692307692
-0.13205353846153844
-0.12767261538461538
-0.1045163076923077
-0.05382276923076923
-0.03692492307692308
-0.004589538461538461
0.008344615384615384
0.009387692307692307
0.02795446153846154
-0.010848
-0.05757784615384615
-0.10764553846153846
-0.12391753846153845
-0.0934596923076923
-0.07510153846153846
-0.027120000000000002
-0.0018775384615384615
0.012516923076923077
0.030875076923076922
0.026494153846153844
0.026285538461538457
-0.013351384615384614
-0.06404492307692307
-0.08907876923076924
-0.07614461538461538
-0.03629907692307692
-0.026494153846153844
-0.006675692307692307
0.026285538461538457
0.056326153846153845
0.08073415384615384
0.06529661538461538
0.024408000000000003
-0.05069353846153846
-0.12016246153846154
-0.13643446153846153
-0.12412615384615384
-0.07969107692307692
-0.030040615384615384
0.013351384615384614
0.05090215384615384
0.07510153846153846
0.08302892307692307
0.03984553846153846
-0.01814953846153846
-0.06675692307692307
-0.0880356923076923
-0.07280676923076923
-0.05173661538461538
-0.0002086153846153846
0.045895384615384616
0.07364123076923076
0.09199938461538461
0.09533723076923077
0.07885661538461539
0.01940123076923077
-0.03859384615384615
-0.07697907692307693
-0.06821723076923077
-0.021696
0.021696
0.07030338461538461
0.09784061538461537
0.12016246153846154
0.132888
0.1178676923076923
0.08824430769230769
0.009804923076923077
-0.06654830769230768
-0.100344
-0.08949599999999999
-0.03692492307692308
0.012099692307692308
0.073224
0.11974523076923077
0.1424843076923077
0.15896492307692306
0.12704676923076924
0.05277969230769231
-0.02482523076923077
-0.07280676923076923
-0.056951999999999996
-0.004798153846153846
0.037342153846153844
0.06362769230769232
0.07656184615384615
0.08198584615384615
0.07781353846153846
0.05924676923076923
-0.002086153846153846
-0.0717636923076923
-0.12433476923076923
-0.12725538461538463
-0.06592246153846154
-0.009804923076923077
0.04652123076923077
0.07030338461538461
0.08302892307692307
0.09283384615384616
0.06654830769230768
0.017940923076923077
-0.0826116923076923
-0.15082892307692305
-0.16793538461538463
-0.15270646153846154
-0.08344615384615384
-0.02232184615384615
0.03755076923076923
0.08594953846153845
0.12391753846153845
0.14957723076923077
0.11974523076923077
0.06195876923076923
-0.026285538461538457
-0.08156861538461539
-0.07259815384615384
-0.043392
0.01710646153846154
0.06529661538461538
0.08907876923076924
0.09971815384615385
0.11035753846153845
0.1289243076923077
0.09930092307692308
0.025033846153846153
-0.03880246153846154
-0.06884307692307692
-0.05716061538461538
-0.007510153846153846
0.05570030769230769
0.10201292307692307
0.12683815384615382
0.14290153846153844
0.127464
0.0853236923076923
0.020652923076923076
-0.05090215384615384
-0.09325107692307691
-0.09158215384615384
-0.04526953846153846
0.0008344615384615384
0.040054153846153843
0.06216738461538462
0.0826116923076923
0.10076123076923077
0.09137353846153846
0.07468430769230769
0.02086153846153846
-0.024199384615384616
-0.027120000000000002
0.0
0.05862092307692307
0.08574092307692306
0.10535076923076922
0.12767261538461538
0.1356
0.14269292307692305
