0.04130584615384615
-0.002086153846153846
-0.021487384615384613
-0.03400430769230769
-0.041514461538461535
-0.0446436923076923
-0.029623384615384614
0.013142769230769229
0.07948246153846153
0.13998092307692306
0.15228923076923076
0.11891076923076922
0.06070707692307692
0.030875076923076922
0.03275261538461539
0.040262769230769234
0.06404492307692307
0.0892873846153846
0.12683815384615382
0.16105107692307694
0.18212123076923076
0.16271999999999998
0.09658892307692307
0.016063384615384615
-0.050067692307692306
-0.06696553846153847
-0.06592246153846154
-0.05507446153846154
-0.04318338461538461
-0.007927384615384614
0.05173661538461538
0.10514215384615383
0.1368516923076923
0.10347323076923076
0.03942830769230769
-0.03212676923076923
-0.0828203076923077
-0.09325107692307691
-0.0988836923076923
-0.09575446153846154
-0.07030338461538461
-0.009596307692307692
0.07072061538461538
0.119328
0.11828492307692307
0.08198584615384615
0.03150092307692308
-0.004798153846153846
-0.02357353846153846
-0.030875076923076922
-0.038176615384615385
-0.042557538461538466
-0.020652923076923076
0.035464615384615386
0.09471138461538461
0.10994030769230768
0.07843938461538462
0.012516923076923077
-0.04172307692307692
-0.05111076923076923
-0.0448523076923077
-0.03358707692307692
-0.03629907692307692
-0.042974769230769226
-0.013351384615384614
0.03504738461538461
0.05799507692307692
0.02545107692307692
-0.03692492307692308
-0.09491999999999999
-0.11745046153846153
-0.09930092307692308
-0.08428061538461538
-0.05611753846153846
-0.019192615384615384
0.025659692307692307
0.0853236923076923
0.1136953846153846
0.11452984615384615
0.07969107692307692
0.029414769230769227
-0.004172307692307692
-0.010222153846153844
0.013142769230769229
0.01940123076923077
0.026702769230769228
0.033169846153846154
0.06258461538461538
0.11724184615384614
0.12788123076923075
0.09930092307692308
0.031918153846153846
-0.014811692307692307
-0.022530461538461537
-0.01814953846153846
-0.0006258461538461538
-0.008970461538461538
0.0002086153846153846
0.02315630769230769
0.05674338461538461
0.09304246153846155
0.07009476923076922
0.04380923076923077
0.02795446153846154
0.03421292307692308
0.05590892307692308
0.051528
0.03358707692307692
-0.007301538461538462
-0.02753723076923077
-0.010848
0.026285538461538457
0.059872615384615385
0.053614153846153846
0.03859384615384615
0.03483876923076923
0.058829538461538454
0.08574092307692306
0.07823076923076923
0.04631261538461538
0.0025033846153846152
-0.0008344615384615384
0.029623384615384614
0.045060923076923075
0.03901107692307692
0.005841230769230769
-0.01043076923076923
-0.0012516923076923076
0.006884307692307692
0.018358153846153843
-0.015228923076923076
-0.05069353846153846
-0.06258461538461538
-0.04860738461538461
0.011473846153846154
0.02858030769230769
0.028163076923076923
0.016063384615384615
0.015228923076923076
0.04819015384615385
0.05611753846153846
0.047981538461538464
-0.0018775384615384615
-0.026076923076923077
-0.0025033846153846152
0.03504738461538461
0.08428061538461538
0.08845292307692308
0.06946892307692307
0.05570030769230769
0.06049846153846154
0.07781353846153846
0.06905169230769231
0.028371692307692306
-0.04276615384615385
-0.08094276923076923
-0.05173661538461538
0.0035464615384615383
0.050067692307692306
0.06592246153846154
0.07572738461538461
0.07155507692307693
0.05090215384615384
0.03859384615384615
0.014394461538461538
-0.026494153846153844
-0.06633969230769231
-0.06800861538461538
-0.04568676923076923
-0.03379569230769231
-0.016063384615384615
-0.015020307692307692
-0.014185846153846153
-0.005841230769230769
0.003755076923076923
0.0070929230769230765
-0.040679999999999994
-0.08010830769230769
-0.0934596923076923
-0.06988615384615385
-0.006467076923076923
0.03233538461538461
0.05236246153846154
0.040054153846153843
0.022530461538461537
0.013560000000000001
-0.03337846153846154
-0.08594953846153845
-0.14081538461538462
-0.17628
-0.15896492307692306
-0.11494707692307692
-0.05653476923076922
-0.026702769230769228
-0.010013538461538461
0.019609846153846155
0.03504738461538461
0.027328615384615382
-0.01856676923076923
-0.06404492307692307
-0.10347323076923076
-0.127464
-0.10535076923076922
-0.05778646153846154
-0.0006258461538461538
0.022530461538461537
0.051528
0.08636676923076922
0.08490646153846154
0.07009476923076922
0.0004172307692307692
-0.07238953846153846
-0.10159569230769232
-0.09262523076923077
-0.035255999999999996
0.02086153846153846
0.08073415384615384
0.124752
0.1489513846153846
0.17315076923076922
0.15354092307692307
0.08866153846153846
-0.008136
-0.09408553846153846
-0.11140061538461538
-0.073224
-0.012099692307692308
0.03838523076923077
0.07781353846153846
0.11536430769230768
0.13455692307692307
0.13914646153846155
0.09471138461538461
0.02482523076923077
-0.04860738461538461
-0.11181784615384616
-0.09596307692307693
-0.04318338461538461
0.02586830769230769
0.0771876923076923
0.09846646153846153
0.12955015384615384
0.13893784615384613
0.1314276923076923
