0.03379569230769231
-0.013560000000000001
-0.08490646153846154
-0.1422756923076923
-0.16480615384615382
-0.13893784615384613
-0.08782707692307692
-0.03963692307692308
-0.018983999999999997
-0.003129230769230769
0.02357353846153846
0.03275261538461539
0.01272553846153846
-0.040054153846153843
-0.09158215384615384
-0.10722830769230769
-0.0826116923076923
-0.022947692307692308
0.018775384615384614
0.04819015384615385
0.0828203076923077
0.10618523076923077
0.14269292307692305
0.13497415384615385
0.06446215384615385
-0.01710646153846154
-0.09053907692307692
-0.10472492307692308
-0.07468430769230769
-0.029832
0.016897846153846156
0.04109723076923077
0.06571384615384615
0.10096984615384616
0.11724184615384614
0.08887015384615385
0.040262769230769234
-0.013142769230769229
-0.04109723076923077
-0.027745846153846152
0.002086153846153846
0.03421292307692308
0.04756430769230769
0.054657230769230764
0.0798996923076923
0.11098338461538461
0.09262523076923077
0.03045784615384615
-0.03379569230769231
-0.0897046153846154
-0.0988836923076923
-0.053405538461538456
0.0022947692307692304
0.04714707692307692
0.08156861538461539
0.11327815384615383
0.15103753846153847
0.16876984615384616
0.14686523076923075
0.06654830769230768
-0.03650769230769231
-0.09554584615384615
-0.10785415384615385
-0.09241661538461539
-0.07802215384615384
-0.06279323076923077
-0.031918153846153846
0.016063384615384615
0.061750153846153844
0.08428061538461538
0.055491692307692304
-0.03629907692307692
-0.10597661538461538
-0.12329169230769231
-0.10722830769230769
-0.07781353846153846
-0.044435076923076924
0.009804923076923077
0.06529661538461538
0.12767261538461538
0.1597993846153846
0.13330523076923076
0.06195876923076923
-0.03421292307692308
-0.08824430769230769
-0.09554584615384615
-0.07259815384615384
-0.026494153846153844
0.011056615384615385
0.05194523076923077
0.1028473846153846
0.14999446153846155
0.1558356923076923
0.09450276923076922
0.021070153846153846
-0.02023569230769231
-0.02858030769230769
-0.017523692307692306
-0.0035464615384615383
0.011682461538461537
0.03984553846153846
0.08198584615384615
0.1178676923076923
0.12308307692307692
0.07802215384615384
0.003963692307692307
-0.04714707692307692
-0.06195876923076923
-0.04214030769230769
-0.010013538461538461
0.014185846153846153
0.043600615384615383
0.07927384615384615
0.12558646153846154
0.16626646153846153
0.16334584615384617
0.11828492307692307
0.05653476923076922
0.010013538461538461
-0.00855323076923077
-0.0077187692307692304
0.01981846153846154
0.042557538461538466
0.07843938461538462
0.12975876923076923
0.16418030769230768
0.1783661538461538
0.12579507692307693
0.04631261538461538
-0.005841230769230769
-0.021278769230769233
-0.014394461538461538
-0.014394461538461538
-0.0077187692307692304
0.007510153846153846
0.040262769230769234
0.0961716923076923
0.1356
0.127464
0.07030338461538461
0.002086153846153846
-0.033169846153846154
-0.04735569230769231
-0.045895384615384616
-0.03838523076923077
-0.03504738461538461
-0.010639384615384617
0.03275261538461539
0.08344615384615384
0.09825784615384614
0.05570030769230769
0.003963692307692307
-0.04214030769230769
-0.05277969230769231
-0.028788923076923077
-0.013768615384615384
0.0016689230769230767
0.02232184615384615
0.05799507692307692
0.09450276923076922
0.10263876923076923
0.07238953846153846
0.013560000000000001
-0.026076923076923077
-0.042974769230769226
-0.03650769230769231
-0.030040615384615384
-0.042348923076923076
-0.03984553846153846
-0.017940923076923077
0.03108369230769231
0.07656184615384615
0.07468430769230769
0.02753723076923077
-0.03504738461538461
-0.06633969230769231
-0.06821723076923077
-0.05486584615384615
-0.029623384615384614
-0.016897846153846156
-0.0035464615384615383
0.016063384615384615
0.04318338461538461
0.058829538461538454
0.02795446153846154
-0.02357353846153846
-0.06863446153846153
-0.07906523076923076
-0.065088
-0.05319692307692307
-0.04318338461538461
-0.03024923076923077
0.009179076923076922
0.06049846153846154
0.09012184615384615
0.07969107692307692
0.021070153846153846
-0.037342153846153844
-0.06759138461538462
-0.07259815384615384
-0.05716061538461538
-0.04839876923076923
-0.046104
-0.02586830769230769
0.010848
0.03629907692307692
0.026285538461538457
-0.003755076923076923
-0.042557538461538466
-0.07092923076923077
-0.052153846153846155
-0.021070153846153846
-0.005424
-0.017523692307692306
-0.01981846153846154
0.012934153846153845
0.05173661538461538
0.09554584615384615
0.09450276923076922
0.06258461538461538
0.04088861538461538
0.02858030769230769
0.029623384615384614
0.01710646153846154
-0.016480615384615385
-0.04193169230769231
-0.04214030769230769
-0.008761846153846153
0.04693846153846153
0.07635323076923077
0.0609156923076923
0.03400430769230769
0.02482523076923077
0.02211323076923077
0.015646153846153844
0.002086153846153846
-0.023990769230769232
-0.03629907692307692
-0.018983999999999997
0.012099692307692308
0.022947692307692308
-0.0002086153846153846
-0.03045784615384615
-0.03921969230769231
