0.12642092307692307
0.1779489230769231
0.19818461538461538
0.157296
0.103056
0.06258461538461538
0.04839876923076923
0.04714707692307692
0.028163076923076923
0.011265230769230769
-0.006675692307692307
0.016897846153846156
0.05403138461538461
0.07572738461538461
0.08135999999999999
0.040054153846153843
0.0035464615384615383
-0.019609846153846155
-0.021696
-0.022947692307692308
-0.03504738461538461
-0.03275261538461539
-0.01272553846153846
0.05236246153846154
0.10764553846153846
0.1356
0.1207883076923077
0.05298830769230769
0.012099692307692308
-0.011473846153846154
-0.01668923076923077
-0.028371692307692306
-0.058412307692307694
-0.05382276923076923
-0.025659692307692307
0.032544
0.06717415384615384
0.062376
0.03942830769230769
-0.008761846153846153
-0.02211323076923077
-0.015854769230769228
-0.017315076923076923
-0.021904615384615383
-0.03609046153846154
-0.014811692307692307
0.027745846153846152
0.05820369230769231
0.06362769230769232
0.026494153846153844
-0.02023569230769231
-0.06759138461538462
-0.06487938461538462
-0.03108369230769231
-0.026285538461538457
-0.030040615384615384
-0.045060923076923075
-0.012516923076923077
0.05403138461538461
0.09512861538461538
0.09491999999999999
0.05194523076923077
0.026494153846153844
0.03233538461538461
0.054657230769230764
0.03963692307692308
0.0029206153846153843
-0.0077187692307692304
-0.004172307692307692
0.03150092307692308
0.05570030769230769
0.05611753846153846
0.03775938461538462
0.003755076923076923
-0.011682461538461537
-0.01397723076923077
0.008136
0.013351384615384614
-0.0070929230769230765
-0.010013538461538461
0.0012516923076923076
0.03921969230769231
0.056326153846153845
0.037967999999999995
0.00855323076923077
-0.010639384615384617
0.004798153846153846
0.028788923076923077
0.04318338461538461
0.012516923076923077
-0.01940123076923077
-0.013142769230769229
0.01940123076923077
0.06425353846153846
0.05611753846153846
0.03358707692307692
0.024408000000000003
0.030875076923076922
0.07259815384615384
0.09262523076923077
0.08761846153846153
0.06404492307692307
0.041514461538461535
0.04985907692307692
0.06967753846153846
0.086784
0.05778646153846154
0.01272553846153846
-0.0012516923076923076
-0.003963692307692307
0.0043809230769230765
-0.010639384615384617
-0.051528
-0.086784
-0.09700615384615385
-0.051528
-0.024408000000000003
-0.02482523076923077
-0.02899753846153846
-0.04547815384615384
-0.02482523076923077
-0.013768615384615384
-0.002086153846153846
-0.011891076923076923
-0.061124307692307686
-0.06738276923076922
-0.05716061538461538
-0.024199384615384616
-0.002086153846153846
-0.017315076923076923
-0.011891076923076923
0.004798153846153846
0.04985907692307692
0.07134646153846153
0.03713353846153846
-0.018775384615384614
-0.0717636923076923
-0.04819015384615385
-0.010848
0.024199384615384616
0.05778646153846154
0.03713353846153846
0.035464615384615386
0.03755076923076923
0.05277969230769231
0.06446215384615385
0.008970461538461538
-0.04902461538461538
-0.07906523076923076
-0.07030338461538461
-0.05236246153846154
-0.032544
-0.0014603076923076922
0.014185846153846153
0.04526953846153846
0.08386338461538462
0.10806276923076923
0.08010830769230769
0.0035464615384615383
-0.042974769230769226
-0.054240000000000003
-0.018983999999999997
0.02545107692307692
0.05757784615384615
0.08073415384615384
0.06863446153846153
0.08323753846153846
0.07489292307692308
0.03045784615384615
-0.021070153846153846
-0.10180430769230768
-0.13664307692307692
-0.13372246153846154
-0.09596307692307693
-0.04214030769230769
-0.013768615384615384
0.024616615384615383
0.05111076923076923
0.0771876923076923
0.06633969230769231
-0.003129230769230769
-0.09304246153846155
-0.1785747692307692
-0.17982646153846152
-0.1368516923076923
-0.07364123076923076
-0.011891076923076923
0.024199384615384616
0.08636676923076922
0.10910584615384614
0.09930092307692308
0.0771876923076923
0.0016689230769230767
-0.07009476923076922
-0.11098338461538461
-0.08866153846153846
-0.011682461538461537
0.05298830769230769
0.10117846153846152
0.1218313846153846
0.12600369230769232
0.12350030769230769
0.09179076923076923
0.02586830769230769
-0.050067692307692306
-0.10931446153846153
-0.12245723076923076
-0.08073415384615384
-0.014811692307692307
0.05862092307692307
0.11473846153846154
0.14102399999999998
0.14144123076923076
0.1151556923076923
0.052153846153846155
-0.04401784615384615
-0.12704676923076924
-0.15771323076923077
-0.12996738461538462
-0.07051199999999999
0.007510153846153846
0.07656184615384615
0.12245723076923076
0.15187199999999998
0.1424843076923077
0.09450276923076922
0.012308307692307691
-0.08073415384615384
-0.14477907692307693
-0.14728246153846153
-0.08386338461538462
0.0014603076923076922
0.07134646153846153
0.12162276923076921
0.14561353846153846
0.12099692307692309
0.07343261538461537
0.0029206153846153843
-0.08198584615384615
-0.14436184615384615
-0.17669723076923077
-0.13726892307692307
-0.07343261538461537
-0.01668923076923077
