0.07384984615384615
0.12120553846153845
0.15813046153846153
0.168144
0.12287446153846153
0.025033846153846153
-0.06279323076923077
-0.10660246153846153
-0.08490646153846154
-0.017523692307692306
0.07009476923076922
0.16042523076923076
0.22593046153846155
0.2601433846153846
0.24637476923076923
0.18525046153846153
0.07885661538461539
-0.04047138461538462
-0.11056615384615384
-0.10576799999999999
-0.05319692307692307
-0.0016689230769230767
0.05277969230769231
0.1045163076923077
0.1504116923076923
0.1706473846153846
0.1449876923076923
0.078648
-0.03421292307692308
-0.11640738461538462
-0.14144123076923076
-0.11578153846153846
-0.07259815384615384
-0.046104
-0.0025033846153846152
0.030040615384615384
0.06717415384615384
0.07259815384615384
0.026494153846153844
-0.05111076923076923
-0.14582215384615385
-0.19046584615384615
-0.19296923076923078
-0.14686523076923075
-0.07593599999999999
-0.01272553846153846
0.052153846153846155
0.10827138461538462
0.1506203076923077
0.14707384615384617
0.07802215384615384
-0.01272553846153846
-0.09262523076923077
-0.12600369230769232
-0.09533723076923077
-0.06654830769230768
-0.03483876923076923
-0.005841230769230769
0.010222153846153844
0.03963692307692308
0.047772923076923074
0.03692492307692308
-0.011265230769230769
-0.07134646153846153
-0.07906523076923076
-0.056951999999999996
-0.02086153846153846
0.017732307692307693
0.04172307692307692
0.05277969230769231
0.06696553846153847
0.0855323076923077
0.0798996923076923
0.028163076923076923
-0.03921969230769231
-0.07134646153846153
-0.052153846153846155
-0.0035464615384615383
0.04088861538461538
0.09429415384615383
0.12808984615384614
0.14665661538461539
0.17419384615384614
0.17315076923076922
0.1368516923076923
0.058829538461538454
-0.003963692307692307
-0.024199384615384616
-0.01981846153846154
0.0035464615384615383
0.01981846153846154
0.03275261538461539
0.05528307692307692
0.10764553846153846
0.1395636923076923
0.12579507692307693
0.08887015384615385
0.018983999999999997
-0.042974769230769226
-0.05674338461538461
-0.043392
-0.008970461538461538
0.03692492307692308
0.07927384615384615
0.13852061538461538
0.15833907692307692
0.13038461538461538
0.0897046153846154
0.03421292307692308
-0.008344615384615384
-0.02753723076923077
0.0018775384615384615
0.042974769230769226
0.06446215384615385
0.08052553846153847
0.09137353846153846
0.11557292307692307
0.12141415384615384
0.10409907692307692
0.06195876923076923
-0.009804923076923077
-0.04109723076923077
-0.025659692307692307
-0.003129230769230769
0.011265230769230769
0.02211323076923077
0.04401784615384615
0.06070707692307692
0.07781353846153846
0.07802215384615384
0.040679999999999994
-0.006675692307692307
-0.05528307692307692
-0.07551876923076924
-0.07113784615384615
-0.06216738461538462
-0.040262769230769234
-0.011473846153846154
0.03108369230769231
0.06821723076923077
0.08386338461538462
0.06321046153846153
0.014185846153846153
-0.029414769230769227
-0.054657230769230764
-0.049233230769230765
-0.047981538461538464
-0.04631261538461538
-0.03024923076923077
-0.008136
0.026494153846153844
0.037967999999999995
0.015646153846153844
-0.03984553846153846
-0.09387692307692307
-0.12496061538461539
-0.12433476923076923
-0.09679753846153846
-0.08699261538461538
-0.0771876923076923
-0.06133292307692308
-0.029832
0.009179076923076922
0.025033846153846153
0.01397723076923077
-0.03045784615384615
-0.06529661538461538
-0.0828203076923077
-0.09179076923076923
-0.08720123076923077
-0.086784
-0.06863446153846153
-0.026702769230769228
0.018358153846153843
0.06571384615384615
0.07426707692307692
0.050067692307692306
0.022530461538461537
-0.009804923076923077
-0.016897846153846156
-0.026494153846153844
-0.03129230769230769
-0.035255999999999996
-0.017523692307692306
0.04172307692307692
0.08052553846153847
0.09325107692307691
0.04985907692307692
0.003129230769230769
-0.007301538461538462
-0.005424
0.015437538461538461
0.006049846153846154
-0.018983999999999997
-0.027120000000000002
-0.006884307692307692
0.03692492307692308
0.05653476923076922
0.031709538461538456
-0.03024923076923077
-0.07739630769230768
-0.08991323076923076
-0.07238953846153846
-0.05236246153846154
-0.05069353846153846
-0.029832
0.006675692307692307
0.055491692307692304
0.10597661538461538
0.11098338461538461
0.06341907692307691
-0.011891076923076923
-0.06863446153846153
-0.08156861538461539
-0.08031692307692308
-0.08198584615384615
-0.09262523076923077
-0.06654830769230768
-0.0008344615384615384
0.06028984615384615
0.10952307692307692
0.09408553846153846
0.046104
-0.0002086153846153846
-0.02899753846153846
-0.016480615384615385
-0.014394461538461538
-0.017732307692307693
-0.017940923076923077
0.011891076923076923
0.06529661538461538
0.10180430769230768
0.10806276923076923
0.055491692307692304
0.0033378461538461535
-0.017940923076923077
-0.014811692307692307
0.018775384615384614
0.03567323076923076
0.04547815384615384
0.06028984615384615
0.08657538461538461
0.13726892307692307
0.13893784615384613
