0.09700615384615385
0.09304246153846155
0.04819015384615385
-0.027120000000000002
-0.1218313846153846
-0.1908830769230769
-0.19192615384615386
-0.14081538461538462
-0.061124307692307686
0.0012516923076923076
0.04318338461538461
0.07760492307692309
0.09137353846153846
0.08615815384615384
0.03942830769230769
-0.037967999999999995
-0.10076123076923077
-0.11995384615384615
-0.10055261538461538
-0.06967753846153846
-0.01940123076923077
0.02899753846153846
0.051528
0.06759138461538462
0.06529661538461538
0.031918153846153846
-0.03629907692307692
-0.11181784615384616
-0.14457046153846154
-0.14102399999999998
-0.10055261538461538
-0.044435076923076924
0.004589538461538461
0.0448523076923077
0.05820369230769231
0.07927384615384615
0.07969107692307692
0.04422646153846154
-0.014811692307692307
-0.07238953846153846
-0.07134646153846153
-0.054657230769230764
-0.010848
0.03567323076923076
0.05298830769230769
0.08469784615384615
0.10409907692307692
0.111192
0.0963803076923077
0.04672984615384615
0.007301538461538462
-0.011891076923076923
0.005424
0.05444861538461539
0.08240307692307691
0.1028473846153846
0.10931446153846153
0.10868861538461538
0.10430769230769231
0.06738276923076922
0.013560000000000001
-0.052571076923076915
-0.09596307692307693
-0.10389046153846154
-0.08073415384615384
-0.048816000000000005
-0.021487384615384613
0.026911384615384615
0.065088
0.09992676923076924
0.1136953846153846
0.0892873846153846
0.05382276923076923
-0.002712
-0.03880246153846154
-0.04130584615384615
-0.03442153846153846
-0.0012516923076923076
0.027328615384615382
0.041514461538461535
0.06362769230769232
0.06884307692307692
0.053405538461538456
0.016480615384615385
-0.003129230769230769
0.005424
0.021904615384615383
0.04965046153846154
0.055491692307692304
0.06383630769230769
0.05570030769230769
0.054240000000000003
0.0717636923076923
0.05027630769230769
0.018358153846153843
-0.03024923076923077
-0.050067692307692306
-0.03421292307692308
-0.009179076923076922
0.01668923076923077
0.011473846153846154
0.03066646153846154
0.06967753846153846
0.10785415384615385
0.11828492307692307
0.08302892307692307
0.031709538461538456
-0.030040615384615384
-0.04819015384615385
-0.02753723076923077
-0.011891076923076923
0.0002086153846153846
0.0043809230769230765
0.029832
0.07218092307692307
0.09679753846153846
0.08010830769230769
0.023782153846153845
-0.016897846153846156
-0.03504738461538461
-0.030040615384615384
0.0022947692307692304
0.014811692307692307
0.007301538461538462
0.008970461538461538
0.03233538461538461
0.07468430769230769
0.09825784615384614
0.0798996923076923
0.028788923076923077
-0.01856676923076923
-0.027120000000000002
-0.0022947692307692304
0.02482523076923077
0.029832
0.01981846153846154
0.020027076923076922
0.05444861538461539
0.09596307692307693
0.11035753846153845
0.10263876923076923
0.07030338461538461
0.05799507692307692
0.07760492307692309
0.0974233846153846
0.10389046153846154
0.07405846153846153
0.054657230769230764
0.06675692307692307
0.09763200000000001
0.1218313846153846
0.10597661538461538
0.05674338461538461
0.01043076923076923
0.01668923076923077
0.03650769230769231
0.05319692307692307
0.051528
0.027745846153846152
0.028163076923076923
0.03609046153846154
0.05757784615384615
0.056951999999999996
0.021070153846153846
-0.020652923076923076
-0.06654830769230768
-0.058829538461538454
-0.023364923076923075
-0.015020307692307692
-0.027328615384615382
-0.028788923076923077
0.0077187692307692304
0.04902461538461538
0.06613107692307692
0.05528307692307692
0.007927384615384614
-0.06258461538461538
-0.08907876923076924
-0.07426707692307692
-0.05757784615384615
-0.04109723076923077
-0.028788923076923077
0.0006258461538461538
0.03588184615384615
0.06613107692307692
0.05736923076923077
0.010013538461538461
-0.028163076923076923
-0.04735569230769231
-0.03859384615384615
-0.030875076923076922
-0.0448523076923077
-0.06800861538461538
-0.07739630769230768
-0.065088
-0.03921969230769231
-0.016063384615384615
-0.029414769230769227
-0.04693846153846153
-0.042557538461538466
-0.040262769230769234
-0.051319384615384614
-0.07510153846153846
-0.08636676923076922
-0.09033046153846153
-0.08073415384615384
-0.034630153846153845
0.006258461538461538
0.0
-0.03921969230769231
-0.08052553846153847
-0.103056
-0.09867507692307692
-0.08469784615384615
-0.08031692307692308
-0.08344615384615384
-0.05736923076923077
-0.010013538461538461
0.019192615384615384
0.012516923076923077
-0.03880246153846154
-0.09575446153846154
-0.127464
-0.11432123076923076
-0.07155507692307693
-0.04672984615384615
-0.03880246153846154
-0.02795446153846154
0.0025033846153846152
0.040262769230769234
0.05590892307692308
0.026494153846153844
-0.03921969230769231
-0.0853236923076923
-0.08010830769230769
-0.033169846153846154
0.015646153846153844
0.03337846153846154
0.04047138461538462
0.06592246153846154
0.10096984615384616
0.13643446153846153
0.13914646153846155
0.10013538461538461
