-0.04380923076923077
-0.006049846153846154
0.032544
0.058829538461538454
0.04380923076923077
-0.005215384615384615
-0.04109723076923077
-0.058829538461538454
-0.03671630769230769
-0.02211323076923077
-0.020652923076923076
-0.003755076923076923
0.02273907692307692
0.07927384615384615
0.11828492307692307
0.11536430769230768
0.062376
-0.01668923076923077
-0.07051199999999999
-0.08156861538461539
-0.07051199999999999
-0.07405846153846153
-0.07614461538461538
-0.0678
-0.03358707692307692
0.0006258461538461538
0.015854769230769228
0.006258461538461538
-0.03671630769230769
-0.06279323076923077
-0.06300184615384616
-0.05319692307692307
-0.05319692307692307
-0.048816000000000005
-0.030875076923076922
-0.0022947692307692304
0.05444861538461539
0.10576799999999999
0.11452984615384615
0.07197230769230768
0.011265230769230769
-0.016272
-0.021696
-0.024408000000000003
-0.015437538461538461
-0.018983999999999997
0.007510153846153846
0.07280676923076923
0.12391753846153845
0.1543753846153846
0.12016246153846154
0.06070707692307692
0.005215384615384615
-0.03045784615384615
-0.03567323076923076
-0.05444861538461539
-0.05799507692307692
-0.05736923076923077
-0.016897846153846156
0.035464615384615386
0.04839876923076923
0.03880246153846154
-0.022530461538461537
-0.0678
-0.0771876923076923
-0.06258461538461538
-0.03337846153846154
-0.04944184615384615
-0.05236246153846154
-0.009179076923076922
0.045895384615384616
0.11223507692307692
0.12558646153846154
0.09262523076923077
0.03504738461538461
-0.02524246153846154
-0.02586830769230769
-0.012308307692307691
0.012934153846153845
0.032544
0.05090215384615384
0.08866153846153846
0.10743692307692307
0.11578153846153846
0.06842584615384616
0.014185846153846153
-0.021278769230769233
-0.05194523076923077
-0.030040615384615384
-0.018983999999999997
-0.024616615384615383
-0.037342153846153844
-0.03692492307692308
0.015854769230769228
0.05590892307692308
0.06863446153846153
0.049233230769230765
0.0025033846153846152
-0.015228923076923076
-0.01668923076923077
-0.029832
-0.06300184615384616
-0.08782707692307692
-0.06529661538461538
-0.006675692307692307
0.05570030769230769
0.06946892307692307
0.056951999999999996
0.03150092307692308
0.003755076923076923
0.014185846153846153
0.028163076923076923
0.051528
0.05590892307692308
0.05048492307692308
0.06133292307692308
0.06759138461538462
0.08031692307692308
0.06487938461538462
0.016480615384615385
-0.03233538461538461
-0.03775938461538462
-0.014394461538461538
0.00855323076923077
0.014811692307692307
-0.003755076923076923
-0.012516923076923077
-0.005215384615384615
0.031709538461538456
0.05173661538461538
0.02858030769230769
0.01272553846153846
0.005424
0.006884307692307692
0.014394461538461538
-0.0002086153846153846
-0.03024923076923077
-0.055491692307692304
-0.05069353846153846
-0.008344615384615384
0.04047138461538462
0.05820369230769231
0.03567323076923076
0.01043076923076923
-0.004172307692307692
0.0008344615384615384
0.011473846153846154
-0.019192615384615384
-0.045895384615384616
-0.04172307692307692
-0.007510153846153846
0.04047138461538462
0.024199384615384616
-0.014394461538461538
-0.05757784615384615
-0.09199938461538461
-0.08428061538461538
-0.0828203076923077
-0.07113784615384615
-0.07948246153846153
-0.0897046153846154
-0.08073415384615384
-0.06028984615384615
-0.018358153846153843
-0.013351384615384614
-0.01272553846153846
-0.013560000000000001
-0.0025033846153846152
0.027745846153846152
0.011056615384615385
-0.015228923076923076
-0.04819015384615385
-0.06341907692307691
-0.02232184615384615
0.014811692307692307
0.04172307692307692
0.0448523076923077
0.03755076923076923
0.06446215384615385
0.07823076923076923
0.10096984615384616
0.10222153846153846
0.05945538461538461
0.03713353846153846
0.026285538461538457
0.059038153846153844
0.06800861538461538
0.04902461538461538
0.04652123076923077
0.03150092307692308
0.04047138461538462
0.04693846153846153
0.05069353846153846
0.010639384615384617
-0.040054153846153843
-0.03921969230769231
-0.018775384615384614
0.030875076923076922
0.04819015384615385
0.054657230769230764
0.06154153846153846
0.0446436923076923
0.04631261538461538
0.02044430769230769
-0.017523692307692306
-0.04965046153846154
-0.0892873846153846
-0.07197230769230768
-0.031918153846153846
0.003963692307692307
0.03609046153846154
0.04047138461538462
0.05611753846153846
0.06049846153846154
0.06195876923076923
0.03942830769230769
-0.02586830769230769
-0.08845292307692308
-0.13247076923076923
-0.09596307692307693
-0.037342153846153844
0.001043076923076923
0.03150092307692308
0.04422646153846154
0.0717636923076923
0.06028984615384615
0.022530461538461537
-0.026911384615384615
-0.09304246153846155
-0.12099692307692309
-0.1097316923076923
-0.05570030769230769
0.006675692307692307
0.05590892307692308
0.09950953846153845
0.11578153846153846
0.12516923076923075
0.11244369230769231
0.04902461538461538
-0.025033846153846153
-0.08198584615384615
-0.1028473846153846
-0.08699261538461538
-0.03442153846153846
