0.06592246153846154
0.030040615384615384
-0.02023569230769231
-0.06341907692307691
-0.07468430769230769
-0.07051199999999999
-0.052153846153846155
-0.04819015384615385
-0.049233230769230765
-0.04130584615384615
-0.03567323076923076
-0.04756430769230769
-0.09930092307692308
-0.1489513846153846
-0.17023015384615386
-0.16209415384615386
-0.11265230769230769
-0.06884307692307692
-0.04672984615384615
-0.02545107692307692
0.003755076923076923
0.029206153846153847
0.012099692307692308
-0.03629907692307692
-0.10639384615384614
-0.1721076923076923
-0.18149538461538461
-0.1462393846153846
-0.07218092307692307
-0.0012516923076923076
0.044435076923076924
0.09825784615384614
0.12662953846153846
0.13080184615384613
0.10055261538461538
0.033169846153846154
-0.03066646153846154
-0.07134646153846153
-0.05590892307692308
-0.017523692307692306
0.022530461538461537
0.05236246153846154
0.06425353846153846
0.08761846153846153
0.09992676923076924
0.09304246153846155
0.05319692307692307
0.0029206153846153843
-0.024199384615384616
-0.02753723076923077
-0.0016689230769230767
0.0446436923076923
0.10806276923076923
0.14457046153846154
0.15959076923076923
0.1860849230769231
0.18086953846153844
0.1207883076923077
0.03212676923076923
-0.04526953846153846
-0.0771876923076923
-0.06550523076923077
-0.005841230769230769
0.08365476923076923
0.1506203076923077
0.1867107692307692
0.20131384615384615
0.21049292307692305
0.1777403076923077
0.10096984615384616
0.026911384615384615
-0.031709538461538456
-0.025659692307692307
0.008136
0.03838523076923077
0.06946892307692307
0.07697907692307693
0.09512861538461538
0.09053907692307692
0.06049846153846154
0.016897846153846156
-0.05653476923076922
-0.11327815384615383
-0.12642092307692307
-0.08991323076923076
-0.03775938461538462
0.006675692307692307
0.04568676923076923
0.06654830769230768
0.08845292307692308
0.09283384615384616
0.06049846153846154
0.0018775384615384615
-0.07197230769230768
-0.11640738461538462
-0.12725538461538463
-0.10868861538461538
-0.06154153846153846
-0.015228923076923076
0.030040615384615384
0.06362769230769232
0.08448923076923077
0.06362769230769232
-0.012099692307692308
-0.08469784615384615
-0.13101046153846155
-0.13497415384615385
-0.09241661538461539
-0.031918153846153846
0.012099692307692308
0.02753723076923077
0.03024923076923077
0.030040615384615384
0.019192615384615384
-0.02524246153846154
-0.08031692307692308
-0.11494707692307692
-0.1207883076923077
-0.08386338461538462
-0.029414769230769227
0.01668923076923077
0.04693846153846153
0.06028984615384615
0.08177723076923075
0.09074769230769231
0.061124307692307686
0.001043076923076923
-0.06946892307692307
-0.09512861538461538
-0.07551876923076924
-0.03275261538461539
0.012934153846153845
0.042557538461538466
0.06717415384615384
0.09387692307692307
0.138312
0.154584
0.1151556923076923
0.03963692307692308
-0.030040615384615384
-0.04944184615384615
-0.032544
0.0006258461538461538
0.016063384615384615
0.029206153846153847
0.06633969230769231
0.11411261538461538
0.143736
0.12600369230769232
0.06738276923076922
-0.011265230769230769
-0.06863446153846153
-0.08636676923076922
-0.05653476923076922
-0.019609846153846155
0.005215384615384615
0.05820369230769231
0.11286092307692308
0.1424843076923077
0.13038461538461538
0.073224
-0.011265230769230769
-0.09074769230769231
-0.10952307692307692
-0.06738276923076922
-0.019192615384615384
0.009596307692307692
0.02023569230769231
0.03045784615384615
0.054657230769230764
0.07030338461538461
0.05590892307692308
-0.002712
-0.07781353846153846
-0.11348676923076922
-0.10013538461538461
-0.065088
-0.03483876923076923
-0.0029206153846153843
0.03650769230769231
0.09095630769230768
0.14060676923076923
0.1506203076923077
0.11599015384615384
0.03421292307692308
-0.0446436923076923
-0.07885661538461539
-0.08156861538461539
-0.07364123076923076
-0.06383630769230769
-0.04401784615384615
0.0012516923076923076
0.06946892307692307
0.13372246153846154
0.16167692307692308
0.12808984615384614
0.065088
0.012099692307692308
-0.017315076923076923
-0.023990769230769232
-0.03588184615384615
-0.054657230769230764
-0.05945538461538461
-0.0446436923076923
-0.013351384615384614
0.015854769230769228
0.018775384615384614
0.005841230769230769
-0.005424
0.013560000000000001
0.05069353846153846
0.06592246153846154
0.06467076923076923
0.051319384615384614
0.05236246153846154
0.06967753846153846
0.09012184615384615
0.0855323076923077
0.03442153846153846
-0.007510153846153846
-0.021278769230769233
-0.008344615384615384
0.02545107692307692
0.044435076923076924
0.06133292307692308
0.08761846153846153
0.11411261538461538
0.14415323076923076
0.14081538461538462
0.09554584615384615
0.04318338461538461
0.004798153846153846
-0.005841230769230769
0.003963692307692307
0.016480615384615385
0.03129230769230769
0.0609156923076923
0.1070196923076923
0.15082892307692305
0.16689230769230767
0.14081538461538462
0.09325107692307691
0.052571076923076915
0.022530461538461537
