0.053614153846153846
-0.015020307692307692
-0.06070707692307692
-0.07468430769230769
-0.061750153846153844
-0.03045784615384615
-0.005215384615384615
0.02023569230769231
0.06070707692307692
0.08323753846153846
0.07843938461538462
0.03901107692307692
-0.021278769230769233
-0.06216738461538462
-0.0717636923076923
-0.035464615384615386
-0.006884307692307692
0.0025033846153846152
0.021278769230769233
0.045895384615384616
0.06842584615384616
0.07781353846153846
0.05319692307692307
-0.006884307692307692
-0.05319692307692307
-0.08177723076923075
-0.06654830769230768
-0.03504738461538461
-0.02273907692307692
-0.010013538461538461
0.009596307692307692
0.058412307692307694
0.11536430769230768
0.13309661538461537
0.08615815384615384
0.028163076923076923
-0.012934153846153845
-0.016897846153846156
0.0029206153846153843
0.014394461538461538
0.03609046153846154
0.050067692307692306
0.08010830769230769
0.12704676923076924
0.1558356923076923
0.1316363076923077
0.0798996923076923
0.031918153846153846
-0.0014603076923076922
0.010013538461538461
0.02482523076923077
0.05027630769230769
0.06696553846153847
0.09554584615384615
0.154584
0.17273353846153844
0.16084246153846155
0.0988836923076923
0.015646153846153844
-0.03358707692307692
-0.042974769230769226
-0.016480615384615385
-0.007510153846153846
-0.015020307692307692
-0.006884307692307692
0.02795446153846154
0.06863446153846153
0.0717636923076923
0.03692492307692308
-0.017315076923076923
-0.052153846153846155
-0.05799507692307692
-0.04526953846153846
-0.018775384615384614
-0.021070153846153846
-0.03150092307692308
-0.02357353846153846
0.0012516923076923076
0.03650769230769231
0.016480615384615385
-0.03713353846153846
-0.0892873846153846
-0.10931446153846153
-0.08636676923076922
-0.06133292307692308
-0.03379569230769231
-0.026494153846153844
-0.014394461538461538
0.026494153846153844
0.07092923076923077
0.08657538461538461
0.05048492307692308
-0.010639384615384617
-0.05444861538461539
-0.058829538461538454
-0.03880246153846154
-0.026702769230769228
-0.01981846153846154
-0.008344615384615384
0.016272
0.05382276923076923
0.07614461538461538
0.073224
0.013351384615384614
-0.056951999999999996
-0.06300184615384616
-0.03129230769230769
-0.003129230769230769
-0.006258461538461538
0.009596307692307692
0.05507446153846154
0.09554584615384615
0.130176
0.13184492307692308
0.10138707692307691
0.037967999999999995
-0.006884307692307692
-0.001043076923076923
0.02044430769230769
0.04985907692307692
0.06550523076923077
0.092208
0.1151556923076923
0.13601723076923075
0.15541846153846153
0.12621230769230768
0.06487938461538462
-0.0043809230769230765
-0.027328615384615382
0.004172307692307692
0.03609046153846154
0.05069353846153846
0.05048492307692308
0.05403138461538461
0.07843938461538462
0.103056
0.09158215384615384
0.030875076923076922
-0.021278769230769233
-0.025659692307692307
-0.0077187692307692304
0.027328615384615382
0.034630153846153845
0.019609846153846155
0.023990769230769232
0.05090215384615384
0.09700615384615385
0.12099692307692309
0.08991323076923076
0.012308307692307691
-0.05799507692307692
-0.08907876923076924
-0.08052553846153847
-0.053405538461538456
-0.053405538461538456
-0.05298830769230769
-0.03963692307692308
-0.009596307692307692
0.02795446153846154
0.01043076923076923
-0.04318338461538461
-0.10368184615384615
-0.13622584615384614
-0.1353913846153846
-0.11348676923076922
-0.07405846153846153
-0.0717636923076923
-0.065088
-0.02795446153846154
0.005841230769230769
0.015437538461538461
-0.03880246153846154
-0.09846646153846153
-0.130176
-0.14060676923076923
-0.10764553846153846
-0.07802215384615384
-0.065088
-0.06362769230769232
-0.054657230769230764
-0.012099692307692308
0.016897846153846156
0.021278769230769233
0.003755076923076923
-0.013768615384615384
-0.005424
0.021487384615384613
0.0609156923076923
0.065088
0.03838523076923077
0.019192615384615384
0.018983999999999997
0.047772923076923074
0.059038153846153844
0.04422646153846154
0.025033846153846153
-0.0012516923076923076
-0.009179076923076922
-0.021904615384615383
-0.03567323076923076
-0.047772923076923074
-0.07405846153846153
-0.07593599999999999
-0.042974769230769226
0.005424
0.013768615384615384
-0.014394461538461538
-0.03629907692307692
-0.043392
-0.03337846153846154
-0.03233538461538461
-0.051528
-0.07280676923076923
-0.08010830769230769
-0.06008123076923077
-0.02858030769230769
-0.011891076923076923
-0.010222153846153844
-0.008136
0.010639384615384617
0.040262769230769234
0.06571384615384615
0.05674338461538461
0.026494153846153844
-0.006884307692307692
-0.01668923076923077
0.0
0.008136
0.00855323076923077
-0.0029206153846153843
-0.0008344615384615384
0.01272553846153846
0.026494153846153844
0.02586830769230769
-0.02211323076923077
-0.0892873846153846
-0.11181784615384616
-0.08010830769230769
-0.029623384615384614
0.018983999999999997
0.054657230769230764
0.07531015384615385
0.07572738461538461
0.06633969230769231
