0.0022947692307692304
0.05716061538461538
0.11578153846153846
0.11098338461538461
0.05736923076923077
-0.013560000000000001
-0.06759138461538462
-0.07510153846153846
-0.06487938461538462
-0.03129230769230769
-0.011891076923076923
0.0004172307692307692
0.025033846153846153
0.03838523076923077
0.06654830769230768
0.07009476923076922
0.0446436923076923
-0.003755076923076923
-0.03609046153846154
-0.016063384615384615
-0.004798153846153846
0.008344615384615384
-0.0043809230769230765
-0.0008344615384615384
0.044435076923076924
0.07113784615384615
0.07238953846153846
0.017940923076923077
-0.03629907692307692
-0.07009476923076922
-0.06926030769230769
-0.030875076923076922
-0.004798153846153846
0.018358153846153843
0.026494153846153844
0.059664
0.10597661538461538
0.10389046153846154
0.06654830769230768
0.001043076923076923
-0.053405538461538456
-0.0717636923076923
-0.051528
-0.0077187692307692304
0.007301538461538462
0.007927384615384614
0.018775384615384614
0.04819015384615385
0.08094276923076923
0.07343261538461537
0.04547815384615384
0.0033378461538461535
-0.02586830769230769
-0.02524246153846154
-0.019192615384615384
-0.012099692307692308
-0.020027076923076922
-0.025659692307692307
-0.015646153846153844
0.007927384615384614
0.03400430769230769
0.026494153846153844
0.005215384615384615
-0.001043076923076923
-0.013351384615384614
-0.007927384615384614
0.005424
-0.013142769230769229
-0.040679999999999994
-0.0448523076923077
0.0
0.04819015384615385
0.05090215384615384
0.023364923076923075
-0.01668923076923077
-0.031709538461538456
-0.011056615384615385
0.023782153846153845
0.044435076923076924
0.044435076923076924
0.04860738461538461
0.059038153846153844
0.08219446153846154
0.08490646153846154
0.06654830769230768
0.043600615384615383
0.01981846153846154
0.04109723076923077
0.0678
0.0853236923076923
0.07405846153846153
0.021487384615384613
-0.001043076923076923
-0.014185846153846153
-0.020652923076923076
-0.011265230769230769
-0.013768615384615384
-0.015437538461538461
-0.013142769230769229
0.006675692307692307
0.03150092307692308
0.01940123076923077
-0.020027076923076922
-0.051319384615384614
-0.054657230769230764
-0.037967999999999995
0.003963692307692307
0.035255999999999996
0.03713353846153846
0.03713353846153846
0.026702769230769228
0.026911384615384615
0.008970461538461538
-0.03483876923076923
-0.07572738461538461
-0.103056
-0.07343261538461537
-0.031918153846153846
-0.004172307692307692
0.017732307692307693
0.023364923076923075
0.040679999999999994
0.05194523076923077
0.050067692307692306
0.01814953846153846
-0.04756430769230769
-0.09971815384615385
-0.12516923076923075
-0.11327815384615383
-0.092208
-0.05820369230769231
-0.007301538461538462
0.02753723076923077
0.05236246153846154
0.04526953846153846
0.021696
-0.030040615384615384
-0.10430769230769231
-0.13205353846153844
-0.12329169230769231
-0.08156861538461539
-0.03150092307692308
0.01940123076923077
0.08177723076923075
0.1136953846153846
0.12621230769230768
0.09304246153846155
0.019609846153846155
-0.05194523076923077
-0.10722830769230769
-0.09429415384615383
-0.06028984615384615
-0.003755076923076923
0.05507446153846154
0.07551876923076924
0.11348676923076922
0.11682461538461539
0.09846646153846153
0.042974769230769226
-0.04652123076923077
-0.0853236923076923
-0.09825784615384614
-0.05799507692307692
-0.0016689230769230767
0.05799507692307692
0.12496061538461539
0.15959076923076923
0.19192615384615386
0.18170399999999998
0.13101046153846155
0.053614153846153846
-0.03984553846153846
-0.09471138461538461
-0.09450276923076922
-0.03942830769230769
0.023364923076923075
0.08949599999999999
0.16730953846153845
0.22405292307692307
0.25847446153846154
0.2374043076923077
0.154584
0.04672984615384615
-0.06195876923076923
-0.10597661538461538
-0.08240307692307691
-0.03337846153846154
0.026285538461538457
0.07551876923076924
0.11181784615384616
0.12808984615384614
0.119328
0.06738276923076922
-0.004172307692307692
-0.06821723076923077
-0.11473846153846154
-0.10764553846153846
-0.08574092307692306
-0.05590892307692308
-0.020027076923076922
0.007510153846153846
0.03838523076923077
0.03650769230769231
0.016897846153846156
-0.03212676923076923
-0.09554584615384615
-0.13205353846153844
-0.14081538461538462
-0.08177723076923075
-0.02232184615384615
0.014185846153846153
0.05298830769230769
0.0771876923076923
0.0961716923076923
0.07238953846153846
0.008136
-0.0897046153846154
-0.17252492307692308
-0.19359507692307693
-0.168144
-0.09325107692307691
-0.027328615384615382
0.027120000000000002
0.07030338461538461
0.07969107692307692
0.07697907692307693
0.028163076923076923
-0.040679999999999994
-0.100344
-0.12454338461538461
-0.10013538461538461
-0.06133292307692308
0.0022947692307692304
0.059872615384615385
0.08991323076923076
0.09575446153846154
0.08636676923076922
0.06613107692307692
0.012934153846153845
-0.037342153846153844
-0.06070707692307692
-0.06425353846153846
-0.03045784615384615
0.0035464615384615383
