0.035255999999999996
-0.02795446153846154
-0.0963803076923077
-0.1356
-0.12662953846153846
-0.06300184615384616
0.009179076923076922
0.05111076923076923
0.07697907692307693
0.11452984615384615
0.12600369230769232
0.09930092307692308
0.035464615384615386
-0.06884307692307692
-0.14686523076923075
-0.17231630769230769
-0.13267938461538462
-0.06008123076923077
-0.005632615384615384
0.03337846153846154
0.053614153846153846
0.07197230769230768
0.08386338461538462
0.05799507692307692
0.009179076923076922
-0.04756430769230769
-0.08699261538461538
-0.06467076923076923
-0.015020307692307692
0.03650769230769231
0.084072
0.1218313846153846
0.15103753846153847
0.1656406153846154
0.1612596923076923
0.1287156923076923
0.059664
-0.015228923076923076
-0.044435076923076924
-0.04526953846153846
-0.015228923076923076
0.03921969230769231
0.07656184615384615
0.10618523076923077
0.14311015384615386
0.17002153846153847
0.14999446153846155
0.08469784615384615
0.0006258461538461538
-0.07238953846153846
-0.08991323076923076
-0.062376
-0.018983999999999997
0.017315076923076923
0.02899753846153846
0.05799507692307692
0.06759138461538462
0.031709538461538456
-0.017940923076923077
-0.08219446153846154
-0.12350030769230769
-0.1368516923076923
-0.09846646153846153
-0.03713353846153846
-0.02086153846153846
0.004798153846153846
0.03609046153846154
0.06926030769230769
0.09721476923076922
0.07092923076923077
0.018775384615384614
-0.05611753846153846
-0.08761846153846153
-0.053614153846153846
-0.02315630769230769
0.0070929230769230765
0.017315076923076923
0.04401784615384615
0.08490646153846154
0.10868861538461538
0.10952307692307692
0.04547815384615384
-0.027745846153846152
-0.08448923076923077
-0.11035753846153845
-0.09533723076923077
-0.06738276923076922
-0.014603076923076923
0.01981846153846154
0.05111076923076923
0.08323753846153846
0.08240307692307691
0.04860738461538461
-0.031918153846153846
-0.08365476923076923
-0.0988836923076923
-0.08866153846153846
-0.04672984615384615
-0.015228923076923076
0.015854769230769228
0.04088861538461538
0.086784
0.13226215384615383
0.13372246153846154
0.1028473846153846
0.03713353846153846
-0.023990769230769232
-0.03567323076923076
-0.011265230769230769
0.02795446153846154
0.05382276923076923
0.07843938461538462
0.11724184615384614
0.14686523076923075
0.15249784615384615
0.10576799999999999
0.04652123076923077
-0.00855323076923077
-0.044435076923076924
-0.03045784615384615
-0.020027076923076922
-0.013768615384615384
-0.00855323076923077
0.018983999999999997
0.07134646153846153
0.10159569230769232
0.09930092307692308
0.046104
-0.02357353846153846
-0.07593599999999999
-0.09304246153846155
-0.07280676923076923
-0.05528307692307692
-0.033169846153846154
-0.003755076923076923
0.03504738461538461
0.08198584615384615
0.10368184615384615
0.08511507692307693
0.028371692307692306
-0.03233538461538461
-0.07238953846153846
-0.09095630769230768
-0.07948246153846153
-0.07092923076923077
-0.05716061538461538
-0.015854769230769228
0.029623384615384614
0.06592246153846154
0.04860738461538461
0.0014603076923076922
-0.05194523076923077
-0.09491999999999999
-0.08907876923076924
-0.07051199999999999
-0.03942830769230769
-0.01397723076923077
0.010639384615384617
0.065088
0.10868861538461538
0.12558646153846154
0.09763200000000001
0.04819015384615385
0.003755076923076923
-0.022947692307692308
-0.010013538461538461
0.0002086153846153846
0.012934153846153845
0.021070153846153846
0.052153846153846155
0.11098338461538461
0.13893784615384613
0.16021661538461537
0.1356
0.09241661538461539
0.07635323076923077
0.06425353846153846
0.05570030769230769
0.02524246153846154
0.005215384615384615
0.021070153846153846
0.06216738461538462
0.09825784615384614
0.10201292307692307
0.07656184615384615
0.02357353846153846
-0.017940923076923077
-0.026911384615384615
-0.025033846153846153
-0.025659692307692307
-0.02482523076923077
-0.017940923076923077
0.0043809230769230765
0.03942830769230769
0.05611753846153846
0.027745846153846152
-0.026076923076923077
-0.07280676923076923
-0.092208
-0.07364123076923076
-0.06028984615384615
-0.04318338461538461
-0.018983999999999997
0.006675692307692307
0.062376
0.08386338461538462
0.06321046153846153
0.012934153846153845
-0.04693846153846153
-0.07843938461538462
-0.09241661538461539
-0.08845292307692308
-0.09825784615384614
-0.086784
-0.04944184615384615
0.0025033846153846152
0.07364123076923076
0.0934596923076923
0.06028984615384615
-0.013560000000000001
-0.06675692307692307
-0.06154153846153846
-0.051528
-0.022530461538461537
-0.016480615384615385
-0.019609846153846155
0.010639384615384617
0.027328615384615382
0.05799507692307692
0.03504738461538461
-0.03838523076923077
-0.08448923076923077
-0.09137353846153846
-0.02545107692307692
0.02044430769230769
0.040262769230769234
0.06028984615384615
0.06905169230769231
0.11473846153846154
0.12767261538461538
0.10910584615384614
0.059038153846153844
-0.015646153846153844
-0.05444861538461539
