-0.11411261538461538
-0.08448923076923077
-0.059038153846153844
-0.037967999999999995
-0.023782153846153845
-0.01668923076923077
0.003129230769230769
0.017732307692307693
0.01272553846153846
-0.043392
-0.09679753846153846
-0.103056
-0.07739630769230768
-0.03379569230769231
-0.0029206153846153843
0.03150092307692308
0.04985907692307692
0.05757784615384615
0.06404492307692307
0.04652123076923077
0.01397723076923077
-0.03942830769230769
-0.07238953846153846
-0.054240000000000003
-0.0004172307692307692
0.065088
0.10222153846153846
0.12120553846153845
0.14916
0.18149538461538461
0.19672430769230767
0.1652233846153846
0.08949599999999999
-0.0006258461538461538
-0.04693846153846153
-0.01668923076923077
0.03504738461538461
0.08907876923076924
0.13747753846153846
0.168144
0.20110523076923076
0.1923433846153846
0.1397723076923077
0.054657230769230764
-0.04839876923076923
-0.10806276923076923
-0.11452984615384615
-0.06571384615384615
0.0002086153846153846
0.042348923076923076
0.07155507692307693
0.10243015384615384
0.1178676923076923
0.0855323076923077
0.014394461538461538
-0.08365476923076923
-0.1760713846153846
-0.21654276923076923
-0.19714153846153845
-0.13706030769230768
-0.07030338461538461
-0.017940923076923077
0.01814953846153846
0.04318338461538461
0.05277969230769231
0.023990769230769232
-0.03629907692307692
-0.0961716923076923
-0.14018953846153845
-0.12683815384615382
-0.06738276923076922
-0.021278769230769233
0.022530461538461537
0.05090215384615384
0.07635323076923077
0.09450276923076922
0.06967753846153846
0.006884307692307692
-0.08657538461538461
-0.15145476923076923
-0.16251138461538459
-0.13038461538461538
-0.08699261538461538
-0.03775938461538462
0.023364923076923075
0.06446215384615385
0.10055261538461538
0.10347323076923076
0.04756430769230769
-0.04109723076923077
-0.13226215384615383
-0.1783661538461538
-0.17231630769230769
-0.12245723076923076
-0.06675692307692307
-0.012934153846153845
0.037967999999999995
0.07030338461538461
0.1070196923076923
0.10722830769230769
0.06154153846153846
-0.01043076923076923
-0.05799507692307692
-0.03921969230769231
-0.0002086153846153846
0.03609046153846154
0.06362769230769232
0.08344615384615384
0.09992676923076924
0.11724184615384614
0.11140061538461538
0.06675692307692307
-0.011473846153846154
-0.07343261538461537
-0.07802215384615384
-0.04944184615384615
0.0043809230769230765
0.06279323076923077
0.10263876923076923
0.1045163076923077
0.09992676923076924
0.0963803076923077
0.05590892307692308
-0.024199384615384616
-0.0961716923076923
-0.12162276923076921
-0.12850707692307692
-0.08761846153846153
-0.023990769230769232
0.025659692307692307
0.06154153846153846
0.07906523076923076
0.10180430769230768
0.08761846153846153
0.05090215384615384
0.021696
-0.006884307692307692
-0.007510153846153846
0.012308307692307691
0.046104
0.07572738461538461
0.08845292307692308
0.1028473846153846
0.11828492307692307
0.1151556923076923
0.08323753846153846
0.018358153846153843
-0.06592246153846154
-0.1045163076923077
-0.0936683076923077
-0.06884307692307692
-0.03650769230769231
-0.006884307692307692
0.040679999999999994
0.08949599999999999
0.10952307692307692
0.11578153846153846
0.0897046153846154
0.025033846153846153
-0.029623384615384614
-0.04756430769230769
-0.04693846153846153
-0.04547815384615384
-0.03650769230769231
-0.00855323076923077
0.03296123076923077
0.07510153846153846
0.09658892307692307
0.06571384615384615
0.015646153846153844
-0.0012516923076923076
0.015854769230769228
0.05757784615384615
0.09784061538461537
0.12558646153846154
0.13810338461538463
0.1356
0.13601723076923075
0.13643446153846153
0.11432123076923076
0.05590892307692308
-0.012308307692307691
-0.049233230769230765
-0.04860738461538461
-0.025033846153846153
0.006884307692307692
0.02795446153846154
0.05194523076923077
0.09471138461538461
0.1287156923076923
0.143736
0.11870215384615385
0.05048492307692308
-0.013768615384615384
-0.05507446153846154
-0.07197230769230768
-0.07760492307692309
-0.07948246153846153
-0.06195876923076923
-0.023364923076923075
0.033169846153846154
0.08594953846153845
0.09095630769230768
0.05048492307692308
-0.004172307692307692
-0.027328615384615382
-0.007301538461538462
0.008136
0.014603076923076923
0.019609846153846155
0.026285538461538457
0.06362769230769232
0.11432123076923076
0.130176
0.07656184615384615
-0.011473846153846154
-0.07635323076923077
-0.09450276923076922
-0.07885661538461539
-0.07656184615384615
-0.06550523076923077
-0.0446436923076923
-0.01043076923076923
0.05194523076923077
0.08240307692307691
0.07092923076923077
0.01272553846153846
-0.059664
-0.084072
-0.06341907692307691
-0.029832
-0.01043076923076923
0.0006258461538461538
0.021904615384615383
0.06696553846153847
0.10347323076923076
0.09679753846153846
0.051319384615384614
-0.013351384615384614
-0.05048492307692308
-0.045895384615384616
-0.02023569230769231
0.012308307692307691
0.020652923076923076
