-0.10848000000000001
-0.10827138461538462
-0.05382276923076923
-0.0004172307692307692
0.05111076923076923
0.07510153846153846
0.08866153846153846
0.09554584615384615
0.05236246153846154
-0.007510153846153846
-0.08115138461538463
-0.1028473846153846
-0.08782707692307692
-0.08302892307692307
-0.05069353846153846
-0.015854769230769228
0.02795446153846154
0.06279323076923077
0.08156861538461539
0.08156861538461539
0.027745846153846152
-0.04860738461538461
-0.11724184615384614
-0.13080184615384613
-0.086784
-0.032544
0.031918153846153846
0.08219446153846154
0.14081538461538462
0.1783661538461538
0.16230276923076925
0.12642092307692307
0.04318338461538461
-0.03233538461538461
-0.07551876923076924
-0.07635323076923077
-0.017732307692307693
0.04965046153846154
0.12412615384615384
0.1721076923076923
0.1992276923076923
0.21800307692307694
0.1846246153846154
0.12579507692307693
0.04214030769230769
-0.02023569230769231
-0.021070153846153846
0.002086153846153846
0.05799507692307692
0.10576799999999999
0.13935507692307691
0.15562707692307692
0.15103753846153847
0.14749107692307692
0.08887015384615385
0.007510153846153846
-0.06300184615384616
-0.09304246153846155
-0.06529661538461538
-0.026911384615384615
0.037342153846153844
0.07468430769230769
0.10222153846153846
0.13497415384615385
0.14206707692307693
0.12350030769230769
0.044435076923076924
-0.033169846153846154
-0.08156861538461539
-0.08198584615384615
-0.047772923076923074
-0.011265230769230769
0.034630153846153845
0.05945538461538461
0.08615815384615384
0.09658892307692307
0.07280676923076923
0.009596307692307692
-0.08344615384615384
-0.15208061538461537
-0.1712732307692308
-0.13393107692307693
-0.07593599999999999
-0.012934153846153845
0.03963692307692308
0.06070707692307692
0.06550523076923077
0.04380923076923077
-0.01710646153846154
-0.0897046153846154
-0.15103753846153847
-0.1829556923076923
-0.17148184615384612
-0.11849353846153846
-0.04693846153846153
0.006675692307692307
0.061124307692307686
0.10514215384615383
0.12350030769230769
0.11974523076923077
0.06738276923076922
0.011265230769230769
-0.04631261538461538
-0.08094276923076923
-0.05757784615384615
-0.03901107692307692
-0.010848
0.016272
0.05048492307692308
0.09971815384615385
0.103056
0.06800861538461538
-0.003129230769230769
-0.07510153846153846
-0.10681107692307691
-0.10827138461538462
-0.06633969230769231
-0.015228923076923076
0.02586830769230769
0.06425353846153846
0.07405846153846153
0.06946892307692307
0.03421292307692308
-0.034630153846153845
-0.10389046153846154
-0.14853415384615384
-0.13998092307692306
-0.10201292307692307
-0.042348923076923076
0.017523692307692306
0.06487938461538462
0.11703323076923078
0.1424843076923077
0.14018953846153845
0.09784061538461537
0.016063384615384615
-0.03880246153846154
-0.059664
-0.04756430769230769
-0.018358153846153843
-0.007510153846153846
0.018358153846153843
0.04693846153846153
0.07155507692307693
0.09116492307692307
0.07051199999999999
0.03984553846153846
-0.010639384615384617
-0.04944184615384615
-0.042348923076923076
-0.02899753846153846
-0.019609846153846155
-0.015228923076923076
0.006884307692307692
0.04568676923076923
0.06905169230769231
0.054657230769230764
0.001043076923076923
-0.06717415384615384
-0.11056615384615384
-0.09804923076923076
-0.05778646153846154
-0.020652923076923076
0.008761846153846153
0.028163076923076923
0.05069353846153846
0.08720123076923077
0.11286092307692308
0.09471138461538461
0.04172307692307692
-0.004589538461538461
-0.01814953846153846
-0.014603076923076923
-0.007510153846153846
0.0022947692307692304
-0.004172307692307692
-0.0008344615384615384
0.02753723076923077
0.05528307692307692
0.06800861538461538
0.03713353846153846
0.004798153846153846
-0.003755076923076923
-0.0004172307692307692
0.021904615384615383
0.022530461538461537
0.021278769230769233
0.024408000000000003
0.035255999999999996
0.06759138461538462
0.06633969230769231
0.029832
-0.01940123076923077
-0.06216738461538462
-0.05611753846153846
-0.0050067692307692304
0.03400430769230769
0.0446436923076923
0.050067692307692306
0.07072061538461538
0.09596307692307693
0.11473846153846154
0.1045163076923077
0.05048492307692308
-0.0012516923076923076
-0.040054153846153843
-0.04214030769230769
-0.027120000000000002
-0.024199384615384616
-0.016897846153846156
-0.02586830769230769
-0.014185846153846153
0.019609846153846155
0.029623384615384614
0.014394461538461538
-0.01940123076923077
-0.03400430769230769
-0.022947692307692308
-0.003129230769230769
0.014394461538461538
-0.003755076923076923
-0.034630153846153845
-0.04526953846153846
-0.031709538461538456
-0.016897846153846156
-0.03838523076923077
-0.07697907692307693
-0.11223507692307692
-0.11974523076923077
-0.08761846153846153
-0.04652123076923077
-0.013142769230769229
-0.0008344615384615384
0.009387692307692307
0.03984553846153846
0.061124307692307686
0.07343261538461537
0.04714707692307692
-0.022530461538461537
-0.05736923076923077
-0.06133292307692308
-0.05444861538461539
-0.050067692307692306
-0.052153846153846155
