-0.05444861538461539
-0.0008344615384615384
0.05590892307692308
0.1028473846153846
0.13038461538461538
0.1151556923076923
0.05945538461538461
-0.02273907692307692
-0.09283384615384616
-0.10806276923076923
-0.07489292307692308
-0.022530461538461537
0.03337846153846154
0.09304246153846155
0.13351384615384615
0.15249784615384615
0.14916
0.11536430769230768
0.05382276923076923
-0.017940923076923077
-0.048816000000000005
-0.04130584615384615
-0.008136
0.03483876923076923
0.06738276923076922
0.086784
0.09763200000000001
0.10806276923076923
0.08428061538461538
0.049233230769230765
0.0012516923076923076
-0.051319384615384614
-0.04839876923076923
-0.023990769230769232
-0.0012516923076923076
0.016480615384615385
0.030040615384615384
0.07614461538461538
0.11578153846153846
0.11557292307692307
0.08991323076923076
0.03233538461538461
-0.02023569230769231
-0.05173661538461538
-0.042557538461538466
0.0008344615384615384
0.015228923076923076
0.0025033846153846152
-0.0008344615384615384
0.01668923076923077
0.03233538461538461
0.02482523076923077
0.0016689230769230767
-0.03421292307692308
-0.05862092307692307
-0.041514461538461535
-0.005424
0.021278769230769233
0.029623384615384614
0.026494153846153844
0.02211323076923077
0.030040615384615384
0.026702769230769228
0.0012516923076923076
-0.030040615384615384
-0.05653476923076922
-0.04547815384615384
-0.018358153846153843
0.003129230769230769
0.02023569230769231
0.023990769230769232
0.03921969230769231
0.06467076923076923
0.07009476923076922
0.05298830769230769
0.009804923076923077
-0.03483876923076923
-0.06362769230769232
-0.06738276923076922
-0.043392
-0.02524246153846154
-0.016480615384615385
-0.016480615384615385
0.009179076923076922
0.05027630769230769
0.0609156923076923
0.03609046153846154
-0.015020307692307692
-0.045060923076923075
-0.04380923076923077
-0.015020307692307692
0.014394461538461538
0.008136
0.0033378461538461535
0.014811692307692307
0.03755076923076923
0.06258461538461538
0.05236246153846154
0.015854769230769228
-0.031709538461538456
-0.04944184615384615
-0.02482523076923077
0.0002086153846153846
0.017315076923076923
0.016480615384615385
0.026702769230769228
0.049233230769230765
0.07468430769230769
0.08740984615384616
0.05528307692307692
0.03150092307692308
0.008970461538461538
0.003963692307692307
0.017940923076923077
0.006884307692307692
-0.005632615384615384
-0.011473846153846154
0.023782153846153845
0.073224
0.092208
0.07531015384615385
0.017940923076923077
-0.0448523076923077
-0.08073415384615384
-0.08991323076923076
-0.08135999999999999
-0.06884307692307692
-0.06008123076923077
-0.0446436923076923
-0.005215384615384615
0.03838523076923077
0.03609046153846154
-0.007927384615384614
-0.06654830769230768
-0.10493353846153847
-0.10722830769230769
-0.0936683076923077
-0.07843938461538462
-0.0771876923076923
-0.06341907692307691
-0.03609046153846154
0.004798153846153846
0.04276615384615385
0.02858030769230769
-0.008970461538461538
-0.05069353846153846
-0.05653476923076922
-0.03942830769230769
-0.04756430769230769
-0.056326153846153845
-0.051528
-0.016063384615384615
0.03337846153846154
0.08156861538461539
0.08824430769230769
0.031709538461538456
-0.03233538461538461
-0.07280676923076923
-0.06028984615384615
-0.03650769230769231
-0.0448523076923077
-0.04756430769230769
-0.030040615384615384
0.010639384615384617
0.050067692307692306
0.06717415384615384
0.051319384615384614
0.003129230769230769
-0.038176615384615385
-0.04422646153846154
-0.013142769230769229
0.016063384615384615
0.017732307692307693
0.027120000000000002
0.054240000000000003
0.10618523076923077
0.13935507692307691
0.11870215384615385
0.07656184615384615
0.011265230769230769
-0.017732307692307693
-0.0016689230769230767
0.02357353846153846
0.02586830769230769
-0.008761846153846153
-0.0012516923076923076
0.03880246153846154
0.09658892307692307
0.12516923076923075
0.0936683076923077
0.059872615384615385
0.021904615384615383
0.019609846153846155
0.024408000000000003
0.007510153846153846
0.0008344615384615384
-0.011473846153846154
0.01043076923076923
0.05611753846153846
0.08740984615384616
0.08907876923076924
0.053614153846153846
0.015646153846153844
-0.003963692307692307
0.02315630769230769
0.07197230769230768
0.07781353846153846
0.06258461538461538
0.04944184615384615
0.04902461538461538
0.06133292307692308
0.05507446153846154
0.023364923076923075
-0.026911384615384615
-0.040054153846153843
-0.008136
0.029414769230769227
0.06049846153846154
0.06592246153846154
0.05736923076923077
0.056951999999999996
0.0771876923076923
0.09241661538461539
0.07155507692307693
0.0448523076923077
0.03421292307692308
0.037967999999999995
0.04693846153846153
0.022530461538461537
-0.009387692307692307
-0.045060923076923075
-0.06759138461538462
-0.031918153846153846
0.015854769230769228
0.04839876923076923
0.03129230769230769
0.009804923076923077
0.02232184615384615
0.04318338461538461
0.07384984615384615
0.07030338461538461
0.050067692307692306
0.031709538461538456
0.029623384615384614
