0.06988615384615385
0.051528
0.015437538461538461
-0.021904615384615383
-0.020027076923076922
-0.005841230769230769
0.02858030769230769
0.03880246153846154
0.015020307692307692
0.011682461538461537
0.019192615384615384
0.05090215384615384
0.06154153846153846
0.04547815384615384
0.03775938461538462
0.027328615384615382
0.041514461538461535
0.048816000000000005
0.04214030769230769
0.03442153846153846
0.0
-0.002086153846153846
0.02482523076923077
0.05674338461538461
0.07238953846153846
0.05862092307692307
0.06487938461538462
0.06863446153846153
0.07739630769230768
0.07051199999999999
0.026285538461538457
-0.025659692307692307
-0.07030338461538461
-0.05048492307692308
-0.006675692307692307
0.016480615384615385
0.023990769230769232
0.006467076923076923
0.02357353846153846
0.04693846153846153
0.05674338461538461
0.029206153846153847
-0.05507446153846154
-0.1097316923076923
-0.1397723076923077
-0.13643446153846153
-0.11098338461538461
-0.09387692307692307
-0.07697907692307693
-0.05298830769230769
-0.0077187692307692304
0.024408000000000003
0.03337846153846154
0.0050067692307692304
-0.05027630769230769
-0.07802215384615384
-0.08156861538461539
-0.040262769230769234
0.018775384615384614
0.05507446153846154
0.08740984615384616
0.11828492307692307
0.17252492307692308
0.18232984615384615
0.1205796923076923
0.04214030769230769
-0.03838523076923077
-0.05674338461538461
-0.03045784615384615
0.02211323076923077
0.08907876923076924
0.10889723076923077
0.1287156923076923
0.15082892307692305
0.16647507692307692
0.16292861538461537
0.103056
0.03045784615384615
-0.02899753846153846
-0.041514461538461535
-0.03045784615384615
0.003963692307692307
0.06195876923076923
0.0988836923076923
0.1449876923076923
0.15291507692307693
0.12704676923076924
0.07969107692307692
0.0035464615384615383
-0.03567323076923076
-0.042557538461538466
0.0077187692307692304
0.0855323076923077
0.13309661538461537
0.17502830769230768
0.19651569230769228
0.2157083076923077
0.19818461538461538
0.12913292307692306
0.051319384615384614
-0.03921969230769231
-0.08866153846153846
-0.09450276923076922
-0.05945538461538461
0.010639384615384617
0.07468430769230769
0.13205353846153844
0.15750461538461538
0.14561353846153846
0.08386338461538462
-0.013560000000000001
-0.09408553846153846
-0.14936861538461538
-0.15208061538461537
-0.10597661538461538
-0.04401784615384615
0.0050067692307692304
0.02482523076923077
0.04276615384615385
0.03921969230769231
0.018358153846153843
-0.027328615384615382
-0.10159569230769232
-0.1397723076923077
-0.13455692307692307
-0.09074769230769231
-0.04276615384615385
-0.002712
0.032544
0.045060923076923075
0.06341907692307691
0.054657230769230764
0.011473846153846154
-0.059872615384615385
-0.14290153846153844
-0.1666836923076923
-0.15333230769230768
-0.11765907692307691
-0.07510153846153846
-0.032544
0.02753723076923077
0.05924676923076923
0.06362769230769232
0.024408000000000003
-0.056951999999999996
-0.12704676923076924
-0.18545907692307692
-0.17628
-0.11828492307692307
-0.07468430769230769
-0.021696
0.029414769230769227
0.07927384615384615
0.10681107692307691
0.10952307692307692
0.07802215384615384
0.007301538461538462
-0.05653476923076922
-0.09304246153846155
-0.05319692307692307
0.016480615384615385
0.05862092307692307
0.09596307692307693
0.1207883076923077
0.15750461538461538
0.1883796923076923
0.1846246153846154
0.138312
0.05924676923076923
0.016063384615384615
0.006258461538461538
0.010013538461538461
0.028788923076923077
0.03421292307692308
0.03400430769230769
0.03483876923076923
0.03629907692307692
0.03609046153846154
0.004172307692307692
-0.04172307692307692
-0.06863446153846153
-0.06383630769230769
-0.035464615384615386
-0.0002086153846153846
0.030875076923076922
0.040262769230769234
0.05194523076923077
0.07155507692307693
0.07364123076923076
0.052153846153846155
-0.0022947692307692304
-0.06070707692307692
-0.0974233846153846
-0.08991323076923076
-0.04652123076923077
-0.006467076923076923
0.05736923076923077
0.09930092307692308
0.12725538461538463
0.15208061538461537
0.13121907692307694
0.09721476923076922
0.008761846153846153
-0.06967753846153846
-0.07238953846153846
-0.04652123076923077
0.0008344615384615384
0.018358153846153843
0.028371692307692306
0.04401784615384615
0.03483876923076923
0.04422646153846154
0.03650769230769231
0.002712
-0.03588184615384615
-0.06550523076923077
-0.05048492307692308
-0.03045784615384615
-0.013560000000000001
0.0022947692307692304
0.028163076923076923
0.06550523076923077
0.08135999999999999
0.08428061538461538
0.040679999999999994
-0.01272553846153846
-0.03692492307692308
-0.03984553846153846
0.0033378461538461535
0.03671630769230769
0.06446215384615385
0.08907876923076924
0.09158215384615384
0.10409907692307692
0.08344615384615384
0.04526953846153846
0.0014603076923076922
-0.03921969230769231
-0.028163076923076923
0.0
0.04714707692307692
0.08845292307692308
0.09784061538461537
0.10931446153846153
