0.003755076923076923
-0.023782153846153845
-0.05048492307692308
-0.05486584615384615
-0.03129230769230769
0.026702769230769228
0.07280676923076923
0.08156861538461539
0.058412307692307694
0.011265230769230769
-0.031709538461538456
-0.05611753846153846
-0.07969107692307692
-0.1028473846153846
-0.10243015384615384
-0.09491999999999999
-0.05945538461538461
-0.0035464615384615383
0.023364923076923075
0.017523692307692306
-0.012934153846153845
-0.021070153846153846
0.0025033846153846152
0.018983999999999997
0.005632615384615384
-0.016063384615384615
-0.02232184615384615
-0.009596307692307692
0.02273907692307692
0.0446436923076923
0.02858030769230769
-0.01043076923076923
-0.04693846153846153
-0.06446215384615385
-0.041514461538461535
-0.0043809230769230765
0.026285538461538457
0.03859384615384615
0.05757784615384615
0.09304246153846155
0.1097316923076923
0.09930092307692308
0.043392
-0.018358153846153843
-0.054657230769230764
-0.05778646153846154
-0.040054153846153843
-0.047772923076923074
-0.06383630769230769
-0.06216738461538462
-0.017732307692307693
0.05736923076923077
0.10389046153846154
0.1070196923076923
0.07092923076923077
0.02086153846153846
-0.011265230769230769
-0.02357353846153846
-0.024199384615384616
-0.03609046153846154
-0.042557538461538466
-0.006049846153846154
0.05277969230769231
0.12808984615384614
0.16251138461538459
0.12683815384615382
0.07677046153846154
0.024199384615384616
0.004172307692307692
-0.008136
-0.021904615384615383
-0.03108369230769231
-0.03483876923076923
0.0008344615384615384
0.040679999999999994
0.07343261538461537
0.07092923076923077
0.028163076923076923
-0.0050067692307692304
-0.013560000000000001
0.007510153846153846
0.01981846153846154
0.015437538461538461
0.02044430769230769
0.03442153846153846
0.06654830769230768
0.09763200000000001
0.092208
0.0446436923076923
-0.013142769230769229
-0.031709538461538456
-0.015228923076923076
0.015020307692307692
0.03775938461538462
0.03609046153846154
0.03442153846153846
0.04214030769230769
0.058829538461538454
0.05716061538461538
0.02545107692307692
-0.020027076923076922
-0.05486584615384615
-0.05444861538461539
-0.05444861538461539
-0.059038153846153844
-0.07885661538461539
-0.09158215384615384
-0.06905169230769231
-0.03358707692307692
0.01043076923076923
0.012934153846153845
-0.012308307692307691
-0.03755076923076923
-0.05277969230769231
-0.03775938461538462
-0.025033846153846153
-0.02545107692307692
-0.044435076923076924
-0.047981538461538464
-0.035255999999999996
-0.024199384615384616
0.0
-0.002712
-0.014603076923076923
-0.008136
0.01043076923076923
0.0448523076923077
0.04172307692307692
0.007301538461538462
-0.02023569230769231
-0.034630153846153845
-0.014394461538461538
0.002086153846153846
0.007301538461538462
0.0077187692307692304
0.012308307692307691
0.03400430769230769
0.047772923076923074
0.05444861538461539
0.021278769230769233
-0.02315630769230769
-0.04568676923076923
-0.02899753846153846
0.03713353846153846
0.07531015384615385
0.09179076923076923
0.09909230769230769
0.09700615384615385
0.11056615384615384
0.1028473846153846
0.06592246153846154
-0.0014603076923076922
-0.061124307692307686
-0.059872615384615385
-0.026702769230769228
0.024199384615384616
0.07489292307692308
0.11098338461538461
0.13643446153846153
0.1543753846153846
0.1656406153846154
0.13789476923076924
0.08010830769230769
0.01043076923076923
-0.04756430769230769
-0.06529661538461538
-0.054240000000000003
-0.025033846153846153
-0.005424
0.021070153846153846
0.06884307692307692
0.10389046153846154
0.11223507692307692
0.061124307692307686
-0.040679999999999994
-0.12913292307692306
-0.1760713846153846
-0.154584
-0.09763200000000001
-0.03713353846153846
0.03921969230769231
0.08094276923076923
0.09512861538461538
0.08949599999999999
0.04047138461538462
-0.054657230769230764
-0.15917353846153848
-0.20819815384615384
-0.20486030769230767
-0.1787833846153846
-0.14206707692307693
-0.10430769230769231
-0.07593599999999999
-0.03880246153846154
-0.009596307692307692
-0.015020307692307692
-0.06362769230769232
-0.132888
-0.18379015384615385
-0.20778092307692309
-0.20277415384615383
-0.17481969230769231
-0.13622584615384614
-0.09512861538461538
-0.018358153846153843
0.05382276923076923
0.08219446153846154
0.07468430769230769
0.010848
-0.06550523076923077
-0.12120553846153845
-0.10910584615384614
-0.0446436923076923
0.008136
0.05862092307692307
0.10952307692307692
0.165432
0.1867107692307692
0.15813046153846153
0.0974233846153846
0.03442153846153846
0.0025033846153846152
0.006467076923076923
0.04422646153846154
0.09679753846153846
0.14999446153846155
0.18963138461538462
0.20944984615384615
0.21091015384615383
0.19693292307692306
0.13330523076923076
0.043600615384615383
-0.012516923076923077
-0.016272
0.029623384615384614
0.0936683076923077
0.16209415384615386
0.2059033846153846
0.22801661538461537
0.24512307692307692
0.2399076923076923
0.20131384615384615
0.1178676923076923
0.021904615384615383
