-0.132888
-0.12537784615384615
-0.09137353846153846
-0.06988615384615385
-0.03963692307692308
-0.013768615384615384
0.01814953846153846
0.041514461538461535
0.02899753846153846
-0.019192615384615384
-0.07572738461538461
-0.08615815384615384
-0.05820369230769231
-0.01710646153846154
0.010639384615384617
0.017523692307692306
0.02044430769230769
0.016897846153846156
0.016063384615384615
0.0035464615384615383
-0.03650769230769231
-0.0880356923076923
-0.11911938461538461
-0.09533723076923077
-0.04985907692307692
-0.02044430769230769
-0.009179076923076922
-0.014185846153846153
-0.006675692307692307
0.022530461538461537
0.047772923076923074
0.04756430769230769
0.00855323076923077
-0.044435076923076924
-0.07238953846153846
-0.07051199999999999
-0.05298830769230769
-0.03400430769230769
-0.021696
-0.006258461538461538
0.034630153846153845
0.09283384615384616
0.13601723076923075
0.11995384615384615
0.05444861538461539
0.0002086153846153846
-0.025033846153846153
-0.015437538461538461
0.0012516923076923076
0.008136
0.013768615384615384
0.02211323076923077
0.051319384615384614
0.07009476923076922
0.05277969230769231
-0.009387692307692307
-0.07113784615384615
-0.07197230769230768
-0.05090215384615384
-0.008344615384615384
0.018775384615384614
0.016897846153846156
0.03421292307692308
0.04839876923076923
0.07092923076923077
0.06633969230769231
0.03567323076923076
-0.005215384615384615
-0.049233230769230765
-0.03942830769230769
-0.018358153846153843
-0.0050067692307692304
-0.01272553846153846
-0.021070153846153846
0.011891076923076923
0.042557538461538466
0.07092923076923077
0.053614153846153846
0.006675692307692307
-0.02211323076923077
-0.044435076923076924
-0.013142769230769229
0.015228923076923076
0.017523692307692306
0.01940123076923077
0.014811692307692307
0.04714707692307692
0.05862092307692307
0.03275261538461539
-0.018775384615384614
-0.08615815384615384
-0.09825784615384614
-0.07760492307692309
-0.027120000000000002
0.014185846153846153
0.012099692307692308
0.01981846153846154
0.03921969230769231
0.09158215384615384
0.12329169230769231
0.0826116923076923
0.022947692307692308
-0.03212676923076923
-0.05048492307692308
-0.042557538461538466
-0.026702769230769228
-0.008970461538461538
-0.00855323076923077
-0.003755076923076923
0.018775384615384614
0.05653476923076922
0.07677046153846154
0.051319384615384614
0.011056615384615385
0.004798153846153846
0.029414769230769227
0.05590892307692308
0.07510153846153846
0.06529661538461538
0.04547815384615384
0.042348923076923076
0.06613107692307692
0.078648
0.02524246153846154
-0.05298830769230769
-0.09304246153846155
-0.08073415384615384
-0.03233538461538461
0.02086153846153846
0.04172307692307692
0.04193169230769231
0.04902461538461538
0.07510153846153846
0.084072
0.06258461538461538
0.01940123076923077
-0.041514461538461535
-0.06321046153846153
-0.05799507692307692
-0.03567323076923076
-0.015646153846153844
-0.01814953846153846
-0.007301538461538462
0.018775384615384614
0.07489292307692308
0.10681107692307691
0.08657538461538461
0.04214030769230769
-0.0008344615384615384
-0.003129230769230769
0.010848
0.02357353846153846
0.003755076923076923
-0.01710646153846154
-0.013768615384615384
-0.0014603076923076922
0.020027076923076922
0.017940923076923077
-0.007927384615384614
-0.05194523076923077
-0.06258461538461538
-0.03129230769230769
0.0025033846153846152
0.009387692307692307
-0.01272553846153846
-0.020652923076923076
-0.015437538461538461
-0.003755076923076923
0.0025033846153846152
-0.01043076923076923
-0.028788923076923077
-0.023990769230769232
0.0043809230769230765
0.044435076923076924
0.06717415384615384
0.04526953846153846
0.017315076923076923
0.012308307692307691
0.02232184615384615
0.024199384615384616
0.012934153846153845
-0.015228923076923076
-0.03671630769230769
-0.017315076923076923
0.024616615384615383
0.062376
0.05382276923076923
0.024199384615384616
0.014603076923076923
0.024408000000000003
0.05090215384615384
0.06216738461538462
0.044435076923076924
0.004589538461538461
-0.03066646153846154
-0.03358707692307692
-0.015020307692307692
0.0006258461538461538
-0.015646153846153844
-0.03337846153846154
-0.0035464615384615383
0.04756430769230769
0.08574092307692306
0.09116492307692307
0.08490646153846154
0.0892873846153846
0.09658892307692307
0.11745046153846153
0.1178676923076923
0.08010830769230769
0.02899753846153846
-0.011473846153846154
-0.001043076923076923
0.04088861538461538
0.078648
0.10660246153846153
0.11244369230769231
0.1358086153846154
0.17023015384615386
0.18274707692307693
0.15959076923076923
0.08344615384615384
0.027328615384615382
0.006049846153846154
0.027120000000000002
0.07364123076923076
0.08866153846153846
0.08761846153846153
0.07885661538461539
0.10952307692307692
0.13601723076923075
0.10952307692307692
0.06654830769230768
0.009179076923076922
-0.03296123076923077
-0.040679999999999994
-0.008970461538461538
0.04672984615384615
0.07009476923076922
0.07197230769230768
0.07760492307692309
0.08761846153846153
0.09533723076923077
