0.01940123076923077
0.03942830769230769
0.058829538461538454
0.09930092307692308
0.119328
0.12433476923076923
0.084072
0.02273907692307692
-0.008970461538461538
-0.023364923076923075
-0.0006258461538461538
0.04631261538461538
0.09429415384615383
0.12245723076923076
0.14018953846153845
0.16188553846153847
0.15520984615384617
0.12642092307692307
0.05653476923076922
-0.03150092307692308
-0.07259815384615384
-0.07635323076923077
-0.040262769230769234
-0.003963692307692307
0.009804923076923077
0.03713353846153846
0.07238953846153846
0.09867507692307692
0.08490646153846154
0.004172307692307692
-0.09325107692307691
-0.14936861538461538
-0.1462393846153846
-0.09950953846153845
-0.046104
0.01940123076923077
0.06905169230769231
0.09992676923076924
0.13455692307692307
0.13601723076923075
0.08866153846153846
-0.006884307692307692
-0.09095630769230768
-0.11494707692307692
-0.09596307692307693
-0.02545107692307692
0.06633969230769231
0.13601723076923075
0.165432
0.17398523076923075
0.16313723076923078
0.10722830769230769
0.024199384615384616
-0.061750153846153844
-0.103056
-0.09179076923076923
-0.042974769230769226
0.015854769230769228
0.056951999999999996
0.0934596923076923
0.11849353846153846
0.11703323076923078
0.08010830769230769
0.009179076923076922
-0.07677046153846154
-0.15374953846153847
-0.1867107692307692
-0.14123261538461537
-0.06926030769230769
-0.010222153846153844
0.0446436923076923
0.07906523076923076
0.11745046153846153
0.11974523076923077
0.06300184615384616
-0.012099692307692308
-0.11056615384615384
-0.1696043076923077
-0.16835261538461538
-0.13518276923076925
-0.06967753846153846
-0.008136
0.03400430769230769
0.07301538461538462
0.073224
0.03880246153846154
-0.023364923076923075
-0.11244369230769231
-0.1506203076923077
-0.14457046153846154
-0.08782707692307692
-0.011265230769230769
0.04172307692307692
0.0897046153846154
0.10994030769230768
0.12204
0.10347323076923076
0.03775938461538462
-0.058829538461538454
-0.14060676923076923
-0.16501476923076921
-0.13914646153846155
-0.07468430769230769
-0.014603076923076923
0.04547815384615384
0.09158215384615384
0.12433476923076923
0.15625292307692307
0.13935507692307691
0.07697907692307693
0.008344615384615384
-0.040679999999999994
-0.04193169230769231
0.003755076923076923
0.042348923076923076
0.08156861538461539
0.10868861538461538
0.11014892307692307
0.12350030769230769
0.11703323076923078
0.0826116923076923
0.021070153846153846
-0.03609046153846154
-0.04547815384615384
-0.018358153846153843
0.028788923076923077
0.05382276923076923
0.06216738461538462
0.08094276923076923
0.10868861538461538
0.13038461538461538
0.1178676923076923
0.06884307692307692
0.005424
-0.04318338461538461
-0.059664
-0.040679999999999994
0.0006258461538461538
0.04631261538461538
0.10389046153846154
0.1704387692307692
0.2125790769230769
0.21091015384615383
0.14874276923076923
0.06049846153846154
-0.01814953846153846
-0.0717636923076923
-0.06383630769230769
-0.03024923076923077
-0.003129230769230769
0.02273907692307692
0.04756430769230769
0.07843938461538462
0.09971815384615385
0.08824430769230769
0.05528307692307692
0.003963692307692307
-0.04109723076923077
-0.05236246153846154
-0.042348923076923076
-0.02899753846153846
-0.028163076923076923
0.002086153846153846
0.040262769230769234
0.06321046153846153
0.07802215384615384
0.059038153846153844
0.030040615384615384
-0.005215384615384615
-0.023782153846153845
-0.01668923076923077
-0.021278769230769233
-0.03775938461538462
-0.04401784615384615
-0.020652923076923076
-0.0016689230769230767
0.013768615384615384
0.010639384615384617
-0.015437538461538461
-0.03275261538461539
-0.03483876923076923
-0.004798153846153846
0.005841230769230769
0.0022947692307692304
-0.0035464615384615383
-0.0077187692307692304
0.014185846153846153
0.026494153846153844
0.018775384615384614
-0.018983999999999997
-0.06154153846153846
-0.0826116923076923
-0.08365476923076923
-0.059664
-0.03880246153846154
-0.015646153846153844
0.026285538461538457
0.06759138461538462
0.10535076923076922
0.10764553846153846
0.06195876923076923
0.0077187692307692304
-0.04756430769230769
-0.06696553846153847
-0.058412307692307694
-0.05319692307692307
-0.03921969230769231
-0.03024923076923077
0.016063384615384615
0.07927384615384615
0.12329169230769231
0.12829846153846153
0.08824430769230769
0.05382276923076923
0.020652923076923076
0.0077187692307692304
0.0043809230769230765
-0.024199384615384616
-0.058412307692307694
-0.04819015384615385
0.0
0.05674338461538461
0.09450276923076922
0.07635323076923077
0.04568676923076923
0.02545107692307692
0.04318338461538461
0.06842584615384616
0.05653476923076922
0.023782153846153845
-0.028163076923076923
-0.047981538461538464
-0.034630153846153845
-0.013351384615384614
-0.015020307692307692
-0.04672984615384615
-0.058412307692307694
-0.04088861538461538
-0.004798153846153846
0.019609846153846155
0.01856676923076923
0.0022947692307692304
-0.011473846153846154
-0.002086153846153846
