0.16042523076923076
0.10868861538461538
0.009387692307692307
-0.05674338461538461
-0.10889723076923077
-0.0880356923076923
-0.03692492307692308
0.016272
0.06946892307692307
0.07760492307692309
0.08720123076923077
0.07656184615384615
0.043600615384615383
-0.016897846153846156
-0.10138707692307691
-0.124752
-0.10806276923076923
-0.06195876923076923
0.006258461538461538
0.05924676923076923
0.10347323076923076
0.10660246153846153
0.10743692307692307
0.08073415384615384
-0.0006258461538461538
-0.07030338461538461
-0.13121907692307694
-0.13622584615384614
-0.10576799999999999
-0.05382276923076923
0.015854769230769228
0.05736923076923077
0.10368184615384615
0.12329169230769231
0.09512861538461538
0.02044430769230769
-0.08907876923076924
-0.1710646153846154
-0.2207150769230769
-0.2157083076923077
-0.16188553846153847
-0.10785415384615385
-0.044435076923076924
0.008970461538461538
0.05090215384615384
0.06341907692307691
0.029832
-0.0077187692307692304
-0.06133292307692308
-0.1028473846153846
-0.11599015384615384
-0.0936683076923077
-0.05173661538461538
-0.040679999999999994
-0.016480615384615385
0.014394461538461538
0.03421292307692308
0.04047138461538462
0.012934153846153845
-0.025033846153846153
-0.07113784615384615
-0.07593599999999999
-0.03942830769230769
-0.008970461538461538
0.03296123076923077
0.059038153846153844
0.08094276923076923
0.09199938461538461
0.07197230769230768
0.040679999999999994
-0.02086153846153846
-0.07572738461538461
-0.09596307692307693
-0.08177723076923075
-0.03775938461538462
-0.005841230769230769
0.023990769230769232
0.04819015384615385
0.06675692307692307
0.09304246153846155
0.08845292307692308
0.05111076923076923
-0.009804923076923077
-0.054657230769230764
-0.04756430769230769
-0.018983999999999997
0.016063384615384615
0.04276615384615385
0.07051199999999999
0.10472492307692308
0.11891076923076922
0.12308307692307692
0.10743692307692307
0.05590892307692308
-0.008344615384615384
-0.04902461538461538
-0.04109723076923077
-0.012934153846153845
0.005424
0.018983999999999997
0.03045784615384615
0.04422646153846154
0.0448523076923077
0.03504738461538461
0.007510153846153846
-0.03859384615384615
-0.05570030769230769
-0.06404492307692307
-0.05069353846153846
-0.021278769230769233
-0.011891076923076923
0.011682461538461537
0.03504738461538461
0.06425353846153846
0.07697907692307693
0.03755076923076923
-0.018775384615384614
-0.06154153846153846
-0.073224
-0.04902461538461538
-0.01043076923076923
0.01814953846153846
0.040679999999999994
0.05736923076923077
0.08448923076923077
0.09950953846153845
0.06446215384615385
0.010848
-0.05570030769230769
-0.09930092307692308
-0.09137353846153846
-0.06049846153846154
-0.021696
0.004589538461538461
0.027328615384615382
0.06717415384615384
0.10159569230769232
0.11223507692307692
0.07531015384615385
-0.012934153846153845
-0.07489292307692308
-0.09408553846153846
-0.07155507692307693
-0.03921969230769231
-0.03609046153846154
-0.021278769230769233
0.013560000000000001
0.07739630769230768
0.12558646153846154
0.12579507692307693
0.07802215384615384
0.012099692307692308
-0.01272553846153846
-0.004589538461538461
0.03421292307692308
0.06654830769230768
0.08574092307692306
0.11056615384615384
0.13935507692307691
0.1718990769230769
0.1652233846153846
0.12767261538461538
0.06049846153846154
0.009387692307692307
0.015854769230769228
0.03442153846153846
0.058412307692307694
0.04985907692307692
0.042974769230769226
0.06759138461538462
0.0988836923076923
0.12579507692307693
0.103056
0.05674338461538461
0.001043076923076923
-0.028788923076923077
-0.024199384615384616
-0.02044430769230769
-0.008136
-0.013560000000000001
-0.01272553846153846
0.016480615384615385
0.05674338461538461
0.07927384615384615
0.03942830769230769
-0.02023569230769231
-0.059038153846153844
-0.06487938461538462
-0.03838523076923077
-0.03129230769230769
-0.023364923076923075
-0.02315630769230769
-0.008344615384615384
0.04172307692307692
0.06195876923076923
0.05757784615384615
-0.00855323076923077
-0.07739630769230768
-0.0828203076923077
-0.059664
-0.02023569230769231
-0.011265230769230769
-0.014394461538461538
-0.003129230769230769
0.021070153846153846
0.04860738461538461
0.03921969230769231
-0.013768615384615384
-0.08010830769230769
-0.11327815384615383
-0.10389046153846154
-0.07280676923076923
-0.052153846153846155
-0.0609156923076923
-0.06425353846153846
-0.03150092307692308
0.01981846153846154
0.06905169230769231
0.08365476923076923
0.042348923076923076
-0.009804923076923077
-0.04756430769230769
-0.05590892307692308
-0.05236246153846154
-0.059038153846153844
-0.054240000000000003
-0.04318338461538461
0.014603076923076923
0.0936683076923077
0.1070196923076923
0.05236246153846154
-0.042974769230769226
-0.10243015384615384
-0.103056
-0.09596307692307693
-0.058412307692307694
-0.015646153846153844
0.008344615384615384
0.05069353846153846
0.09325107692307691
0.11014892307692307
0.08699261538461538
0.03483876923076923
-0.011265230769230769
