0.07614461538461538
0.11619876923076923
0.11578153846153846
0.0897046153846154
0.031918153846153846
-0.019609846153846155
-0.028788923076923077
-0.03233538461538461
-0.014185846153846153
-0.024408000000000003
-0.02482523076923077
0.006884307692307692
0.04109723076923077
0.0855323076923077
0.07739630769230768
0.03984553846153846
0.007510153846153846
-0.006049846153846154
0.019609846153846155
0.03755076923076923
0.02858030769230769
0.005632615384615384
-0.002086153846153846
0.02357353846153846
0.059038153846153844
0.07885661538461539
0.06821723076923077
0.05486584615384615
0.054240000000000003
0.0678
0.08887015384615385
0.07197230769230768
0.051319384615384614
0.04276615384615385
0.049233230769230765
0.0961716923076923
0.12621230769230768
0.111192
0.07697907692307693
0.051319384615384614
0.04985907692307692
0.04172307692307692
0.024408000000000003
0.01043076923076923
-0.014185846153846153
-0.013560000000000001
0.026285538461538457
0.078648
0.092208
0.05590892307692308
0.016480615384615385
-0.019609846153846155
-0.04756430769230769
-0.056951999999999996
-0.07781353846153846
-0.09867507692307692
-0.07823076923076923
-0.03129230769230769
0.02545107692307692
0.045060923076923075
0.03421292307692308
0.015854769230769228
-0.0043809230769230765
0.016063384615384615
0.037967999999999995
0.023990769230769232
-0.021904615384615383
-0.05924676923076923
-0.05611753846153846
-0.03358707692307692
-0.015646153846153844
-0.013351384615384614
-0.019192615384615384
-0.04172307692307692
-0.049233230769230765
-0.03921969230769231
-0.042557538461538466
-0.055491692307692304
-0.07927384615384615
-0.06738276923076922
-0.017940923076923077
0.009179076923076922
0.011265230769230769
-0.033169846153846154
-0.09471138461538461
-0.12370892307692308
-0.13622584615384614
-0.11745046153846153
-0.10493353846153847
-0.09137353846153846
-0.05444861538461539
-0.0029206153846153843
0.05820369230769231
0.07259815384615384
0.048816000000000005
-0.007510153846153846
-0.05403138461538461
-0.044435076923076924
-0.015437538461538461
-0.007301538461538462
-0.03024923076923077
-0.045060923076923075
-0.028163076923076923
0.021904615384615383
0.07405846153846153
0.07843938461538462
0.04193169230769231
-0.010639384615384617
-0.030875076923076922
-0.015228923076923076
-0.005424
-0.0014603076923076922
-0.005841230769230769
-0.0008344615384615384
0.014394461538461538
0.04652123076923077
0.06717415384615384
0.03755076923076923
0.012308307692307691
-0.0016689230769230767
0.008761846153846153
0.05298830769230769
0.06967753846153846
0.06800861538461538
0.05736923076923077
0.05820369230769231
0.10263876923076923
0.13768615384615385
0.13226215384615383
0.08219446153846154
0.0446436923076923
0.056326153846153845
0.08156861538461539
0.11160923076923077
0.11765907692307691
0.10952307692307692
0.09053907692307692
0.09053907692307692
0.11473846153846154
0.10743692307692307
0.09199938461538461
0.05862092307692307
0.05799507692307692
0.07697907692307693
0.08323753846153846
0.10764553846153846
0.07384984615384615
0.051528
0.05862092307692307
0.0678
0.09763200000000001
0.06988615384615385
0.048816000000000005
0.043600615384615383
0.041514461538461535
0.06926030769230769
0.06028984615384615
0.027745846153846152
-0.01814953846153846
-0.05048492307692308
-0.033169846153846154
0.012099692307692308
0.051528
0.05799507692307692
0.06842584615384616
0.09074769230769231
0.11807630769230769
0.13852061538461538
0.11244369230769231
0.056951999999999996
-0.002086153846153846
-0.03942830769230769
-0.021696
0.004798153846153846
0.011473846153846154
0.01668923076923077
0.024199384615384616
0.046104
0.055491692307692304
0.05444861538461539
0.027745846153846152
-0.024408000000000003
-0.06404492307692307
-0.07551876923076924
-0.04526953846153846
-0.02211323076923077
-0.0008344615384615384
0.012099692307692308
0.02211323076923077
0.040054153846153843
0.03045784615384615
0.0077187692307692304
-0.049233230769230765
-0.08636676923076922
-0.0744756923076923
-0.051319384615384614
-0.012099692307692308
0.010639384615384617
0.02858030769230769
0.050067692307692306
0.05778646153846154
0.04401784615384615
-0.01043076923076923
-0.08782707692307692
-0.15667015384615385
-0.18107815384615383
-0.15750461538461538
-0.10868861538461538
-0.04318338461538461
-0.0014603076923076922
0.028163076923076923
0.06425353846153846
0.06550523076923077
0.04401784615384615
-0.02357353846153846
-0.10555938461538462
-0.14936861538461538
-0.1558356923076923
-0.10201292307692307
-0.04401784615384615
0.0035464615384615383
0.03984553846153846
0.06696553846153847
0.09033046153846153
0.08761846153846153
0.05653476923076922
-0.005841230769230769
-0.04985907692307692
-0.07155507692307693
-0.058412307692307694
-0.016063384615384615
0.014603076923076923
0.05069353846153846
0.08010830769230769
0.10535076923076922
0.12433476923076923
0.10618523076923077
0.05277969230769231
-0.015228923076923076
-0.06383630769230769
-0.05653476923076922
-0.010013538461538461
0.04965046153846154
0.10389046153846154
