-0.015228923076923076
0.061124307692307686
0.10263876923076923
0.10430769230769231
0.06863446153846153
0.003963692307692307
-0.04985907692307692
-0.07551876923076924
-0.06905169230769231
-0.07113784615384615
-0.0678
-0.04214030769230769
0.0004172307692307692
0.06842584615384616
0.10013538461538461
0.07885661538461539
0.01397723076923077
-0.05236246153846154
-0.061124307692307686
-0.04735569230769231
-0.03984553846153846
-0.059872615384615385
-0.06049846153846154
-0.027745846153846152
0.013560000000000001
0.05236246153846154
0.04276615384615385
0.02586830769230769
0.006258461538461538
-0.006675692307692307
0.011265230769230769
0.021904615384615383
0.027328615384615382
0.006258461538461538
-0.004172307692307692
0.019609846153846155
0.04735569230769231
0.07426707692307692
0.045895384615384616
0.01043076923076923
-0.019609846153846155
-0.042974769230769226
-0.0043809230769230765
0.01940123076923077
0.021070153846153846
0.013560000000000001
0.013768615384615384
0.029414769230769227
0.016063384615384615
-0.015228923076923076
-0.06613107692307692
-0.1045163076923077
-0.1097316923076923
-0.08156861538461539
-0.037967999999999995
-0.02482523076923077
-0.015020307692307692
-0.004798153846153846
0.010013538461538461
0.05298830769230769
0.07364123076923076
0.053614153846153846
0.01981846153846154
-0.0006258461538461538
0.005424
0.026702769230769228
0.04756430769230769
0.03775938461538462
0.019609846153846155
0.029414769230769227
0.05924676923076923
0.09074769230769231
0.0880356923076923
0.07614461538461538
0.0744756923076923
0.07697907692307693
0.07656184615384615
0.05924676923076923
0.03337846153846154
-0.011891076923076923
-0.020652923076923076
0.011265230769230769
0.041514461538461535
0.061124307692307686
0.03629907692307692
0.01856676923076923
0.016897846153846156
0.028788923076923077
0.06216738461538462
0.045060923076923075
0.01940123076923077
0.006049846153846154
0.011473846153846154
0.04631261538461538
0.049233230769230765
0.05653476923076922
0.04526953846153846
0.027328615384615382
0.053614153846153846
0.07343261538461537
0.086784
0.0446436923076923
-0.011265230769230769
-0.028371692307692306
-0.03609046153846154
-0.0014603076923076922
0.025033846153846153
0.03066646153846154
0.029832
0.03901107692307692
0.08323753846153846
0.08344615384615384
0.04902461538461538
-0.025659692307692307
-0.09971815384615385
-0.0974233846153846
-0.08135999999999999
-0.0446436923076923
-0.03442153846153846
-0.02858030769230769
0.0070929230769230765
0.0043809230769230765
0.016272
-0.0035464615384615383
-0.07238953846153846
-0.1341396923076923
-0.1639716923076923
-0.1207883076923077
-0.06759138461538462
-0.0018775384615384615
0.06049846153846154
0.084072
0.10117846153846152
0.09700615384615385
0.09471138461538461
0.05069353846153846
-0.028163076923076923
-0.07030338461538461
-0.07155507692307693
-0.014185846153846153
0.03692492307692308
0.06842584615384616
0.10764553846153846
0.1353913846153846
0.16209415384615386
0.15687876923076924
0.12224861538461537
0.052571076923076915
-0.031709538461538456
-0.07948246153846153
-0.08991323076923076
-0.04172307692307692
0.028163076923076923
0.09262523076923077
0.14603076923076924
0.1777403076923077
0.17982646153846152
0.1316363076923077
0.059872615384615385
-0.02086153846153846
-0.06884307692307692
-0.059872615384615385
-0.016897846153846156
0.06529661538461538
0.14394461538461537
0.19588984615384614
0.21988061538461537
0.21111876923076925
0.18379015384615385
0.10931446153846153
0.015646153846153844
-0.06216738461538462
-0.09533723076923077
-0.06362769230769232
-0.017315076923076923
0.03859384615384615
0.078648
0.09971815384615385
0.11265230769230769
0.09304246153846155
0.04318338461538461
-0.04860738461538461
-0.13789476923076924
-0.1990190769230769
-0.21508246153846153
-0.16897846153846155
-0.11891076923076922
-0.054657230769230764
0.010639384615384617
0.05048492307692308
0.07531015384615385
0.04547815384615384
-0.02273907692307692
-0.11682461538461539
-0.2059033846153846
-0.22780799999999998
-0.19797599999999999
-0.14916
-0.0974233846153846
-0.037342153846153844
0.025033846153846153
0.06154153846153846
0.065088
0.02586830769230769
-0.05507446153846154
-0.13309661538461537
-0.17023015384615386
-0.15187199999999998
-0.10347323076923076
-0.04860738461538461
0.00855323076923077
0.06821723076923077
0.1178676923076923
0.1397723076923077
0.1151556923076923
0.02753723076923077
-0.06049846153846154
-0.11202646153846153
-0.12391753846153845
-0.09909230769230769
-0.06633969230769231
-0.017523692307692306
0.00855323076923077
0.040054153846153843
0.09033046153846153
0.10138707692307691
0.07885661538461539
0.015020307692307692
-0.04568676923076923
-0.0826116923076923
-0.07906523076923076
-0.021696
0.03713353846153846
0.08866153846153846
0.12224861538461537
0.1558356923076923
0.1785747692307692
0.14269292307692305
0.06759138461538462
-0.024616615384615383
-0.08240307692307691
-0.08490646153846154
-0.04526953846153846
0.02211323076923077
