0.09450276923076922
0.08991323076923076
0.0446436923076923
-0.008136
-0.0448523076923077
-0.014603076923076923
0.02211323076923077
0.07405846153846153
0.11473846153846154
0.11974523076923077
0.12454338461538461
0.12433476923076923
0.12162276923076921
0.08386338461538462
0.02211323076923077
-0.014185846153846153
-0.006467076923076923
0.040262769230769234
0.08323753846153846
0.1178676923076923
0.12496061538461539
0.10076123076923077
0.09596307692307693
0.0853236923076923
0.046104
-0.02357353846153846
-0.10076123076923077
-0.11953661538461538
-0.08615815384615384
-0.028371692307692306
0.021278769230769233
0.02795446153846154
0.01856676923076923
0.017732307692307693
0.023782153846153845
0.005215384615384615
-0.030875076923076922
-0.07697907692307693
-0.12996738461538462
-0.13914646153846155
-0.11077476923076923
-0.07948246153846153
-0.06341907692307691
-0.05507446153846154
-0.042348923076923076
-0.009804923076923077
0.026076923076923077
0.026702769230769228
-0.017315076923076923
-0.07301538461538462
-0.09074769230769231
-0.05757784615384615
-0.0070929230769230765
0.011265230769230769
-0.0035464615384615383
-0.013560000000000001
-0.0029206153846153843
0.010013538461538461
0.01272553846153846
-0.012308307692307691
-0.04819015384615385
-0.07072061538461538
-0.05736923076923077
0.006049846153846154
0.04088861538461538
0.04193169230769231
0.043392
0.03984553846153846
0.04902461538461538
0.049233230769230765
0.04318338461538461
0.00855323076923077
-0.025659692307692307
-0.019192615384615384
0.009179076923076922
0.06341907692307691
0.06842584615384616
0.045895384615384616
0.03692492307692308
0.04380923076923077
0.08824430769230769
0.11578153846153846
0.10806276923076923
0.07072061538461538
0.03337846153846154
0.01668923076923077
0.02211323076923077
0.026702769230769228
0.0006258461538461538
-0.02357353846153846
-0.03400430769230769
-0.018983999999999997
0.012308307692307691
0.023364923076923075
0.008970461538461538
-0.02586830769230769
-0.05799507692307692
-0.05757784615384615
-0.04756430769230769
-0.04693846153846153
-0.08094276923076923
-0.1151556923076923
-0.09074769230769231
-0.06133292307692308
-0.04318338461538461
-0.052153846153846155
-0.06550523076923077
-0.04318338461538461
-0.016063384615384615
0.017940923076923077
0.033169846153846154
0.002086153846153846
-0.05507446153846154
-0.08636676923076922
-0.07906523076923076
-0.052153846153846155
-0.024408000000000003
-0.01856676923076923
-0.0008344615384615384
0.030040615384615384
0.051319384615384614
0.056326153846153845
0.02315630769230769
-0.03692492307692308
-0.08052553846153847
-0.08323753846153846
-0.05090215384615384
-0.009179076923076922
0.007301538461538462
0.004798153846153846
0.005841230769230769
0.02086153846153846
0.03421292307692308
0.006049846153846154
-0.03942830769230769
-0.06717415384615384
-0.07072061538461538
-0.03629907692307692
0.014394461538461538
0.056326153846153845
0.08636676923076922
0.0974233846153846
0.111192
0.13726892307692307
0.14749107692307692
0.11140061538461538
0.05507446153846154
0.015646153846153844
0.016480615384615385
0.052571076923076915
0.09533723076923077
0.13747753846153846
0.14811692307692306
0.1531236923076923
0.16418030769230768
0.1506203076923077
0.10180430769230768
0.013560000000000001
-0.06008123076923077
-0.08636676923076922
-0.08031692307692308
-0.03942830769230769
0.00855323076923077
0.04693846153846153
0.07510153846153846
0.09909230769230769
0.11578153846153846
0.08323753846153846
0.017940923076923077
-0.05736923076923077
-0.09179076923076923
-0.0826116923076923
-0.059038153846153844
-0.005424
0.02545107692307692
0.05403138461538461
0.0855323076923077
0.09074769230769231
0.08469784615384615
0.037967999999999995
-0.017523692307692306
-0.05799507692307692
-0.07238953846153846
-0.04318338461538461
-0.006467076923076923
0.031918153846153846
0.04985907692307692
0.06717415384615384
0.0974233846153846
0.08448923076923077
0.03567323076923076
-0.051528
-0.1489513846153846
-0.1856676923076923
-0.1760713846153846
-0.127464
-0.07802215384615384
-0.03942830769230769
0.016063384615384615
0.06028984615384615
0.09241661538461539
0.07280676923076923
0.009179076923076922
-0.07280676923076923
-0.14123261538461537
-0.15896492307692306
-0.14060676923076923
-0.08344615384615384
-0.03692492307692308
0.0006258461538461538
0.045060923076923075
0.07843938461538462
0.0853236923076923
0.04902461538461538
-0.014185846153846153
-0.08657538461538461
-0.10660246153846153
-0.07468430769230769
-0.03024923076923077
0.016063384615384615
0.05820369230769231
0.111192
0.15562707692307692
0.18066092307692305
0.14582215384615385
0.05090215384615384
-0.04672984615384615
-0.10910584615384614
-0.10493353846153847
-0.06133292307692308
0.001043076923076923
0.047772923076923074
0.08302892307692307
0.1218313846153846
0.14102399999999998
0.1341396923076923
0.08115138461538463
0.01397723076923077
-0.043392
-0.06884307692307692
-0.04756430769230769
-0.001043076923076923
0.03984553846153846
