0.01710646153846154
0.053405538461538456
0.11035753846153845
0.11682461538461539
0.07510153846153846
0.03400430769230769
0.00855323076923077
0.002086153846153846
0.00855323076923077
0.02044430769230769
0.03212676923076923
0.043600615384615383
0.07218092307692307
0.11953661538461538
0.15291507692307693
0.14603076923076924
0.09679753846153846
0.05570030769230769
0.031709538461538456
0.034630153846153845
0.06279323076923077
0.06008123076923077
0.05298830769230769
0.0448523076923077
0.05528307692307692
0.08448923076923077
0.08094276923076923
0.040262769230769234
-0.03108369230769231
-0.07572738461538461
-0.07468430769230769
-0.04672984615384615
-0.016897846153846156
-0.010639384615384617
0.006884307692307692
0.03880246153846154
0.0744756923076923
0.08177723076923075
0.02858030769230769
-0.035464615384615386
-0.08761846153846153
-0.09763200000000001
-0.06821723076923077
-0.034630153846153845
-0.006467076923076923
-0.015646153846153844
-0.01940123076923077
-0.0002086153846153846
0.027328615384615382
0.03775938461538462
0.010639384615384617
-0.008136
-0.014394461538461538
0.011682461538461537
0.06049846153846154
0.07760492307692309
0.06028984615384615
0.04902461538461538
0.054657230769230764
0.056326153846153845
0.061124307692307686
0.03588184615384615
-0.016272
-0.058412307692307694
-0.06195876923076923
-0.018775384615384614
0.003755076923076923
-0.01043076923076923
-0.018358153846153843
-0.012516923076923077
0.013351384615384614
0.050067692307692306
0.06070707692307692
0.043600615384615383
0.006258461538461538
-0.019192615384615384
-0.006467076923076923
0.02023569230769231
0.027745846153846152
0.0012516923076923076
-0.02795446153846154
-0.03296123076923077
-0.0029206153846153843
0.027328615384615382
0.012934153846153845
-0.013768615384615384
-0.030040615384615384
-0.012308307692307691
0.02023569230769231
0.03650769230769231
0.03024923076923077
-0.006884307692307692
-0.018358153846153843
-0.024408000000000003
-0.03629907692307692
-0.03588184615384615
-0.05236246153846154
-0.062376
-0.06967753846153846
-0.04839876923076923
-0.006258461538461538
-0.023990769230769232
-0.07739630769230768
-0.11599015384615384
-0.11473846153846154
-0.07843938461538462
-0.03713353846153846
0.0004172307692307692
0.014394461538461538
0.011891076923076923
0.026702769230769228
0.049233230769230765
0.0448523076923077
0.009179076923076922
-0.014603076923076923
-0.023990769230769232
-0.01043076923076923
0.03108369230769231
0.046104
0.03692492307692308
0.027120000000000002
0.03108369230769231
0.04172307692307692
0.03296123076923077
0.015646153846153844
-0.01710646153846154
-0.051319384615384614
-0.03921969230769231
0.0004172307692307692
0.04860738461538461
0.06633969230769231
0.050067692307692306
0.06154153846153846
0.07426707692307692
0.07781353846153846
0.06216738461538462
0.015854769230769228
-0.027120000000000002
-0.047772923076923074
-0.037967999999999995
-0.009179076923076922
0.03129230769230769
0.07030338461538461
0.10660246153846153
0.14832553846153845
0.19046584615384615
0.19755876923076923
0.13643446153846153
0.055491692307692304
0.005841230769230769
-0.003755076923076923
0.013768615384615384
0.04631261538461538
0.06216738461538462
0.05736923076923077
0.07489292307692308
0.10013538461538461
0.10785415384615385
0.06675692307692307
0.006258461538461538
-0.029623384615384614
-0.044435076923076924
-0.028163076923076923
-0.004798153846153846
0.021070153846153846
0.026494153846153844
0.03963692307692308
0.06946892307692307
0.08761846153846153
0.09053907692307692
0.03609046153846154
-0.03296123076923077
-0.07823076923076923
-0.08344615384615384
-0.061124307692307686
-0.03233538461538461
0.00855323076923077
0.04672984615384615
0.09012184615384615
0.12642092307692307
0.13226215384615383
0.084072
0.0008344615384615384
-0.06070707692307692
-0.07697907692307693
-0.05674338461538461
-0.018983999999999997
0.015854769230769228
0.042974769230769226
0.07301538461538462
0.09408553846153846
0.10347323076923076
0.06759138461538462
-0.007510153846153846
-0.07259815384615384
-0.11870215384615385
-0.1028473846153846
-0.06049846153846154
-0.020027076923076922
0.015854769230769228
0.032544
0.07802215384615384
0.09074769230769231
0.05027630769230769
-0.013560000000000001
-0.10263876923076923
-0.14790830769230767
-0.14144123076923076
-0.07134646153846153
0.016272
0.06362769230769232
0.111192
0.138312
0.15833907692307692
0.16188553846153847
0.10618523076923077
0.02211323076923077
-0.07197230769230768
-0.1151556923076923
-0.08782707692307692
-0.04130584615384615
0.01940123076923077
0.06279323076923077
0.09137353846153846
0.116616
0.10681107692307691
0.06800861538461538
-0.019192615384615384
-0.10535076923076922
-0.15228923076923076
-0.14916
-0.10159569230769232
-0.0717636923076923
-0.04214030769230769
-0.031709538461538456
-0.006049846153846154
0.02586830769230769
0.0016689230769230767
-0.03129230769230769
-0.10514215384615383
-0.17440246153846153
-0.1873366153846154
-0.14519630769230768
-0.05820369230769231
