0.042348923076923076
0.07238953846153846
0.09095630769230768
0.0892873846153846
0.078648
0.08511507692307693
0.041514461538461535
-0.029206153846153847
-0.0934596923076923
-0.11432123076923076
-0.0798996923076923
-0.04172307692307692
0.006884307692307692
0.04109723076923077
0.06279323076923077
0.09304246153846155
0.09512861538461538
0.07656184615384615
0.01397723076923077
-0.052571076923076915
-0.06258461538461538
-0.04985907692307692
-0.005424
0.03337846153846154
0.06696553846153847
0.09554584615384615
0.09179076923076923
0.0988836923076923
0.08511507692307693
0.03421292307692308
-0.029623384615384614
-0.07656184615384615
-0.073224
-0.03358707692307692
0.026702769230769228
0.06675692307692307
0.07510153846153846
0.09012184615384615
0.09784061538461537
0.10368184615384615
0.10430769230769231
0.06550523076923077
0.015020307692307692
-0.04109723076923077
-0.06341907692307691
-0.03713353846153846
-0.010639384615384617
0.008344615384615384
0.015228923076923076
0.04380923076923077
0.07802215384615384
0.08845292307692308
0.08115138461538463
0.03859384615384615
0.0022947692307692304
0.0
0.015854769230769228
0.029206153846153847
0.018358153846153843
-0.0016689230769230767
-0.01043076923076923
0.0022947692307692304
0.021904615384615383
0.004589538461538461
-0.03567323076923076
-0.06759138461538462
-0.07885661538461539
-0.06028984615384615
-0.04735569230769231
-0.03233538461538461
-0.027328615384615382
-0.03045784615384615
-0.003755076923076923
0.013351384615384614
0.01856676923076923
0.0035464615384615383
-0.037967999999999995
-0.06717415384615384
-0.07301538461538462
-0.06279323076923077
-0.058412307692307694
-0.059872615384615385
-0.048816000000000005
-0.026494153846153844
0.005841230769230769
0.02524246153846154
0.012308307692307691
-0.011473846153846154
-0.04130584615384615
-0.05736923076923077
-0.03358707692307692
-0.013142769230769229
-0.0014603076923076922
0.016480615384615385
0.03442153846153846
0.06905169230769231
0.08615815384615384
0.07781353846153846
0.029623384615384614
-0.040679999999999994
-0.06487938461538462
-0.06800861538461538
-0.04819015384615385
-0.03421292307692308
-0.03650769230769231
-0.010222153846153844
0.012099692307692308
0.046104
0.05486584615384615
0.019609846153846155
-0.006049846153846154
-0.03421292307692308
-0.03713353846153846
-0.02232184615384615
-0.0043809230769230765
0.005632615384615384
0.003963692307692307
0.035464615384615386
0.08240307692307691
0.11098338461538461
0.08615815384615384
0.031709538461538456
-0.0012516923076923076
-0.018358153846153843
0.008761846153846153
0.04088861538461538
0.047772923076923074
0.065088
0.08177723076923075
0.11432123076923076
0.12955015384615384
0.11265230769230769
0.058412307692307694
-0.02524246153846154
-0.06633969230769231
-0.04318338461538461
0.0012516923076923076
0.0016689230769230767
-0.010222153846153844
-0.01814953846153846
-0.017523692307692306
0.009804923076923077
0.027745846153846152
0.0070929230769230765
-0.05090215384615384
-0.08720123076923077
-0.06738276923076922
-0.014603076923076923
0.010848
-0.0043809230769230765
-0.019192615384615384
-0.016272
0.017940923076923077
0.06216738461538462
0.08845292307692308
0.06863446153846153
0.011056615384615385
-0.028163076923076923
-0.03504738461538461
-0.026076923076923077
-0.029623384615384614
-0.051319384615384614
-0.07572738461538461
-0.06279323076923077
-0.005215384615384615
0.032544
0.02044430769230769
-0.02273907692307692
-0.05298830769230769
-0.04860738461538461
-0.018358153846153843
0.011265230769230769
0.0029206153846153843
-0.02795446153846154
-0.04902461538461538
-0.04860738461538461
-0.023782153846153845
-0.0035464615384615383
-0.011056615384615385
-0.03358707692307692
-0.042557538461538466
-0.028163076923076923
0.012934153846153845
0.05236246153846154
0.05069353846153846
0.05298830769230769
0.07468430769230769
0.10201292307692307
0.11682461538461539
0.09137353846153846
0.04839876923076923
0.020652923076923076
0.022530461538461537
0.03233538461538461
0.03838523076923077
0.020027076923076922
0.0
0.013351384615384614
0.04130584615384615
0.08782707692307692
0.1045163076923077
0.08845292307692308
0.05757784615384615
0.023364923076923075
0.015646153846153844
0.010639384615384617
0.011265230769230769
-0.015646153846153844
-0.03629907692307692
-0.023364923076923075
-0.015854769230769228
0.001043076923076923
-0.017940923076923077
-0.05486584615384615
-0.06988615384615385
-0.065088
-0.015228923076923076
0.017940923076923077
0.011265230769230769
0.011473846153846154
0.014185846153846153
0.03859384615384615
0.058412307692307694
0.03775938461538462
0.0077187692307692304
-0.012934153846153845
0.011891076923076923
0.03609046153846154
0.03838523076923077
0.018983999999999997
-0.03567323076923076
-0.047772923076923074
-0.030040615384615384
0.0
0.012099692307692308
-0.01043076923076923
-0.026702769230769228
-0.03880246153846154
-0.005841230769230769
0.021904615384615383
0.024199384615384616
0.005424
-0.03421292307692308
-0.01668923076923077
