-0.06654830769230768
-0.0446436923076923
-0.016480615384615385
-0.0022947692307692304
0.019609846153846155
0.06133292307692308
0.065088
0.028163076923076923
-0.042348923076923076
-0.08448923076923077
-0.08073415384615384
-0.06529661538461538
-0.027745846153846152
0.004589538461538461
0.03108369230769231
0.055491692307692304
0.07301538461538462
0.08428061538461538
0.06696553846153847
0.008970461538461538
-0.07593599999999999
-0.1218313846153846
-0.11327815384615383
-0.07656184615384615
-0.0070929230769230765
0.04526953846153846
0.08198584615384615
0.11306953846153844
0.12683815384615382
0.12099692307692309
0.05799507692307692
-0.024408000000000003
-0.09033046153846153
-0.10222153846153846
-0.06884307692307692
-0.02795446153846154
0.017315076923076923
0.034630153846153845
0.06008123076923077
0.07760492307692309
0.0826116923076923
0.0609156923076923
-0.021278769230769233
-0.09784061538461537
-0.14123261538461537
-0.11494707692307692
-0.0609156923076923
-0.02273907692307692
0.014394461538461538
0.04380923076923077
0.0853236923076923
0.10764553846153846
0.09554584615384615
0.03901107692307692
-0.05111076923076923
-0.11390399999999999
-0.1136953846153846
-0.061124307692307686
0.0006258461538461538
0.056951999999999996
0.08866153846153846
0.10576799999999999
0.11765907692307691
0.09575446153846154
0.05173661538461538
-0.023364923076923075
-0.09992676923076924
-0.12537784615384615
-0.10827138461538462
-0.05716061538461538
-0.006467076923076923
0.015020307692307692
0.03755076923076923
0.07635323076923077
0.092208
0.06216738461538462
-0.01272553846153846
-0.10952307692307692
-0.15833907692307692
-0.15249784615384615
-0.10681107692307691
-0.03150092307692308
0.02273907692307692
0.05924676923076923
0.10472492307692308
0.13789476923076924
0.1504116923076923
0.11974523076923077
0.04047138461538462
-0.026285538461538457
-0.05507446153846154
-0.027120000000000002
0.02023569230769231
0.056951999999999996
0.09554584615384615
0.10681107692307691
0.12621230769230768
0.13664307692307692
0.1045163076923077
0.040679999999999994
-0.03129230769230769
-0.056951999999999996
-0.03650769230769231
0.016063384615384615
0.06487938461538462
0.09179076923076923
0.10827138461538462
0.1218313846153846
0.13184492307692308
0.0963803076923077
0.023364923076923075
-0.04714707692307692
-0.10555938461538462
-0.12537784615384615
-0.07656184615384615
-0.0035464615384615383
0.05319692307692307
0.09179076923076923
0.12767261538461538
0.1635544615384615
0.15208061538461537
0.1136953846153846
0.06362769230769232
-0.00855323076923077
-0.04735569230769231
-0.032544
0.0043809230769230765
0.029414769230769227
0.06404492307692307
0.1097316923076923
0.13810338461538463
0.14185846153846154
0.11265230769230769
0.06341907692307691
-0.0035464615384615383
-0.04819015384615385
-0.05570030769230769
-0.04714707692307692
-0.02858030769230769
0.002086153846153846
0.023990769230769232
0.04318338461538461
0.07572738461538461
0.08302892307692307
0.06884307692307692
0.003755076923076923
-0.05736923076923077
-0.05736923076923077
-0.046104
-0.007510153846153846
0.034630153846153845
0.058412307692307694
0.06800861538461538
0.06467076923076923
0.07489292307692308
0.054657230769230764
0.004172307692307692
-0.03984553846153846
-0.05611753846153846
-0.022947692307692308
0.023364923076923075
0.07593599999999999
0.10639384615384614
0.11640738461538462
0.14164984615384615
0.13768615384615385
0.10889723076923077
0.04672984615384615
-0.033169846153846154
-0.0936683076923077
-0.12850707692307692
-0.11098338461538461
-0.07697907692307693
-0.04860738461538461
-0.028163076923076923
-0.014394461538461538
0.014185846153846153
0.033169846153846154
0.03442153846153846
0.011056615384615385
-0.037967999999999995
-0.07197230769230768
-0.08240307692307691
-0.07197230769230768
-0.06550523076923077
-0.05444861538461539
-0.03045784615384615
-0.009596307692307692
0.02586830769230769
0.026285538461538457
0.0006258461538461538
-0.04214030769230769
-0.0828203076923077
-0.07259815384615384
-0.05382276923076923
-0.006884307692307692
0.03483876923076923
0.05778646153846154
0.09700615384615385
0.12016246153846154
0.1341396923076923
0.09971815384615385
0.03045784615384615
-0.023990769230769232
-0.06216738461538462
-0.05486584615384615
-0.027745846153846152
-0.015854769230769228
-0.006675692307692307
0.010848
0.051319384615384614
0.09304246153846155
0.09095630769230768
0.04401784615384615
-0.006049846153846154
-0.02795446153846154
-0.03024923076923077
-0.005632615384615384
0.012099692307692308
0.006467076923076923
0.021487384615384613
0.03275261538461539
0.06404492307692307
0.08845292307692308
0.04401784615384615
-0.0035464615384615383
-0.04860738461538461
-0.062376
-0.03108369230769231
-0.0029206153846153843
0.021278769230769233
0.033169846153846154
0.06675692307692307
0.1136953846153846
0.13518276923076925
0.11703323076923078
0.06550523076923077
0.004798153846153846
-0.04318338461538461
-0.03921969230769231
-0.021487384615384613
-0.012308307692307691
-0.01043076923076923
-0.0070929230769230765
