0.11557292307692307
0.1178676923076923
0.06675692307692307
0.011265230769230769
-0.04526953846153846
-0.06717415384615384
-0.05382276923076923
-0.05236246153846154
-0.05924676923076923
-0.06467076923076923
-0.029206153846153847
0.03421292307692308
0.07843938461538462
0.07259815384615384
0.020652923076923076
-0.020652923076923076
-0.03859384615384615
-0.021904615384615383
-0.014603076923076923
-0.03692492307692308
-0.047981538461538464
-0.059664
-0.02524246153846154
0.029414769230769227
0.054657230769230764
0.037967999999999995
-0.017315076923076923
-0.03692492307692308
-0.03921969230769231
-0.014811692307692307
0.018358153846153843
0.007927384615384614
0.002712
0.021487384615384613
0.05945538461538461
0.08824430769230769
0.08365476923076923
0.07969107692307692
0.06571384615384615
0.04819015384615385
0.03379569230769231
0.01272553846153846
-0.011891076923076923
-0.05674338461538461
-0.06946892307692307
-0.043600615384615383
0.011265230769230769
0.0446436923076923
0.02023569230769231
-0.008970461538461538
-0.03942830769230769
-0.026911384615384615
0.0014603076923076922
-0.0002086153846153846
-0.008344615384615384
-0.02211323076923077
-0.0022947692307692304
0.04130584615384615
0.06195876923076923
0.07948246153846153
0.08156861538461539
0.06633969230769231
0.07364123076923076
0.09053907692307692
0.084072
0.0446436923076923
0.009596307692307692
0.004589538461538461
0.017315076923076923
0.040262769230769234
0.05778646153846154
0.06571384615384615
0.061124307692307686
0.06738276923076922
0.07781353846153846
0.05611753846153846
0.015854769230769228
-0.05486584615384615
-0.11077476923076923
-0.10806276923076923
-0.07948246153846153
-0.037967999999999995
-0.016063384615384615
0.0043809230769230765
0.029832
0.037967999999999995
0.04652123076923077
0.018358153846153843
-0.04672984615384615
-0.10722830769230769
-0.13226215384615383
-0.10263876923076923
-0.054240000000000003
-0.003129230769230769
0.04401784615384615
0.0826116923076923
0.10201292307692307
0.10514215384615383
0.0988836923076923
0.0446436923076923
-0.03066646153846154
-0.06842584615384616
-0.05069353846153846
-0.006049846153846154
0.027120000000000002
0.04860738461538461
0.08115138461538463
0.12099692307692309
0.13768615384615385
0.12955015384615384
0.07948246153846153
-0.011682461538461537
-0.09137353846153846
-0.12642092307692307
-0.09679753846153846
-0.02586830769230769
0.05090215384615384
0.12266584615384615
0.17294215384615383
0.20027076923076922
0.18232984615384615
0.11995384615384615
0.034630153846153845
-0.04985907692307692
-0.0855323076923077
-0.0717636923076923
-0.027120000000000002
0.04172307692307692
0.10576799999999999
0.1489513846153846
0.1829556923076923
0.2073636923076923
0.19213476923076922
0.12412615384615384
0.035464615384615386
-0.03921969230769231
-0.05611753846153846
-0.018775384615384614
0.03671630769230769
0.09575446153846154
0.13872923076923074
0.1637630769230769
0.16730953846153845
0.1397723076923077
0.08365476923076923
-0.004172307692307692
-0.09763200000000001
-0.15103753846153847
-0.1476996923076923
-0.10159569230769232
-0.0448523076923077
0.007927384615384614
0.04568676923076923
0.06425353846153846
0.06446215384615385
0.03066646153846154
-0.047772923076923074
-0.14790830769230767
-0.21716861538461538
-0.2303113846153846
-0.17899199999999998
-0.10597661538461538
-0.03984553846153846
0.027328615384615382
0.0744756923076923
0.1097316923076923
0.09450276923076922
0.03150092307692308
-0.06550523076923077
-0.173568
-0.21466523076923077
-0.20027076923076922
-0.1341396923076923
-0.054657230769230764
0.014811692307692307
0.08386338461538462
0.11953661538461538
0.12350030769230769
0.0798996923076923
0.0025033846153846152
-0.07572738461538461
-0.13372246153846154
-0.13726892307692307
-0.11223507692307692
-0.07593599999999999
-0.029206153846153847
0.0077187692307692304
0.05382276923076923
0.09137353846153846
0.10243015384615384
0.07009476923076922
-0.008761846153846153
-0.07092923076923077
-0.09909230769230769
-0.0771876923076923
-0.029414769230769227
0.02023569230769231
0.06258461538461538
0.08156861538461539
0.1097316923076923
0.11327815384615383
0.086784
0.02086153846153846
-0.06049846153846154
-0.09491999999999999
-0.09825784615384614
-0.05674338461538461
-0.005841230769230769
0.050067692307692306
0.10743692307692307
0.14457046153846154
0.17085599999999998
0.154584
0.10639384615384614
0.04756430769230769
-0.012516923076923077
-0.04860738461538461
-0.0448523076923077
-0.02899753846153846
0.0
0.037342153846153844
0.07426707692307692
0.10347323076923076
0.10848000000000001
0.10201292307692307
0.06028984615384615
0.006884307692307692
-0.02273907692307692
-0.015646153846153844
0.02044430769230769
0.053614153846153846
0.08511507692307693
0.10952307692307692
0.12537784615384615
0.12433476923076923
0.084072
0.01940123076923077
-0.047772923076923074
-0.10076123076923077
-0.10660246153846153
-0.08636676923076922
-0.06717415384615384
-0.045895384615384616
-0.022947692307692308
