0.17544553846153846
0.11035753846153845
0.03045784615384615
-0.012934153846153845
-0.01272553846153846
-0.002712
-0.004172307692307692
0.00855323076923077
0.031709538461538456
0.06425353846153846
0.10493353846153847
0.11181784615384616
0.07656184615384615
0.01043076923076923
-0.04401784615384615
-0.05298830769230769
-0.031709538461538456
-0.0029206153846153843
0.006049846153846154
0.0033378461538461535
0.023364923076923075
0.065088
0.0934596923076923
0.07280676923076923
0.0043809230769230765
-0.06613107692307692
-0.10493353846153847
-0.09992676923076924
-0.05319692307692307
-0.013142769230769229
0.008970461538461538
0.04985907692307692
0.10201292307692307
0.13434830769230768
0.13101046153846155
0.07259815384615384
-0.02753723076923077
-0.10639384615384614
-0.1435273846153846
-0.14018953846153845
-0.11306953846153844
-0.0897046153846154
-0.062376
-0.024408000000000003
0.022530461538461537
0.037342153846153844
0.002086153846153846
-0.07489292307692308
-0.138312
-0.14957723076923077
-0.13309661538461537
-0.09658892307692307
-0.0771876923076923
-0.059038153846153844
-0.04130584615384615
-0.0035464615384615383
0.049233230769230765
0.04756430769230769
0.012308307692307691
-0.0446436923076923
-0.06300184615384616
-0.033169846153846154
-0.0050067692307692304
0.02795446153846154
0.040054153846153843
0.045895384615384616
0.06487938461538462
0.0826116923076923
0.10159569230769232
0.08991323076923076
0.051528
0.0012516923076923076
-0.03609046153846154
-0.01940123076923077
0.0035464615384615383
0.03233538461538461
0.040262769230769234
0.04318338461538461
0.09262523076923077
0.1207883076923077
0.12016246153846154
0.07280676923076923
0.01940123076923077
0.007510153846153846
0.007301538461538462
0.03275261538461539
0.037967999999999995
0.04547815384615384
0.07489292307692308
0.10660246153846153
0.15562707692307692
0.1656406153846154
0.12808984615384614
0.07259815384615384
0.026702769230769228
0.009804923076923077
0.003963692307692307
0.0012516923076923076
-0.0012516923076923076
0.006049846153846154
0.03504738461538461
0.08866153846153846
0.14853415384615384
0.1504116923076923
0.10576799999999999
0.045895384615384616
-0.019609846153846155
-0.03838523076923077
-0.054240000000000003
-0.073224
-0.07885661538461539
-0.07948246153846153
-0.03755076923076923
0.002086153846153846
0.012099692307692308
-0.0025033846153846152
-0.030875076923076922
-0.04756430769230769
-0.052571076923076915
-0.037967999999999995
-0.04672984615384615
-0.06759138461538462
-0.0678
-0.06321046153846153
-0.02044430769230769
0.019609846153846155
0.02795446153846154
0.0043809230769230765
-0.022947692307692308
-0.004172307692307692
0.021696
0.05799507692307692
0.05319692307692307
0.02586830769230769
0.03483876923076923
0.04109723076923077
0.07614461538461538
0.08490646153846154
0.05924676923076923
0.03755076923076923
0.002086153846153846
0.008344615384615384
0.009596307692307692
0.007510153846153846
-0.0014603076923076922
-0.035464615384615386
-0.013768615384615384
0.02044430769230769
0.06070707692307692
0.0744756923076923
0.03358707692307692
0.016272
0.0002086153846153846
-0.004589538461538461
-0.0012516923076923076
-0.024408000000000003
-0.05528307692307692
-0.08845292307692308
-0.05924676923076923
-0.003963692307692307
0.041514461538461535
0.07843938461538462
0.06884307692307692
0.07781353846153846
0.07677046153846154
0.06967753846153846
0.047981538461538464
-0.02545107692307692
-0.07760492307692309
-0.11849353846153846
-0.09554584615384615
-0.051528
-0.031918153846153846
-0.006467076923076923
-0.008970461538461538
0.03066646153846154
0.050067692307692306
0.025033846153846153
-0.006467076923076923
-0.08490646153846154
-0.12662953846153846
-0.11870215384615385
-0.086784
-0.043392
-0.01981846153846154
-0.011473846153846154
-0.005424
0.01272553846153846
-0.0025033846153846152
-0.031709538461538456
-0.05528307692307692
-0.09158215384615384
-0.0771876923076923
-0.04672984615384615
0.004798153846153846
0.06195876923076923
0.06028984615384615
0.078648
0.09491999999999999
0.10263876923076923
0.08490646153846154
0.015854769230769228
-0.03650769230769231
-0.0828203076923077
-0.08156861538461539
-0.03838523076923077
0.004589538461538461
0.06362769230769232
0.10368184615384615
0.14123261538461537
0.16188553846153847
0.14290153846153844
0.07739630769230768
-0.03379569230769231
-0.09471138461538461
-0.10389046153846154
-0.06154153846153846
0.0022947692307692304
0.051319384615384614
0.111192
0.13935507692307691
0.16209415384615386
0.13726892307692307
0.08115138461538463
0.035255999999999996
-0.03337846153846154
-0.05382276923076923
-0.03838523076923077
0.011265230769230769
0.08302892307692307
0.1356
0.18858830769230767
0.21842030769230766
0.214248
0.16710092307692306
0.08615815384615384
0.011473846153846154
-0.043600615384615383
-0.054240000000000003
-0.03358707692307692
0.0002086153846153846
0.03671630769230769
0.061750153846153844
0.10347323076923076
