-0.04714707692307692
-0.06362769230769232
-0.06341907692307691
-0.034630153846153845
0.01940123076923077
0.04944184615384615
0.028788923076923077
-0.016063384615384615
-0.042348923076923076
-0.03400430769230769
-0.007510153846153846
0.011891076923076923
0.02086153846153846
0.02482523076923077
0.028371692307692306
0.05277969230769231
0.059664
0.031918153846153846
-0.01814953846153846
-0.06926030769230769
-0.06967753846153846
-0.04568676923076923
-0.014185846153846153
0.017315076923076923
0.028163076923076923
0.05194523076923077
0.07760492307692309
0.0897046153846154
0.07009476923076922
0.008970461538461538
-0.033169846153846154
-0.05590892307692308
-0.05528307692307692
-0.03400430769230769
-0.020652923076923076
0.0006258461538461538
0.011682461538461537
0.024199384615384616
0.03588184615384615
0.018775384615384614
-0.02211323076923077
-0.06905169230769231
-0.08949599999999999
-0.07364123076923076
-0.03108369230769231
0.015437538461538461
0.035255999999999996
0.03066646153846154
0.027120000000000002
0.018775384615384614
0.0004172307692307692
-0.042974769230769226
-0.10222153846153846
-0.1356
-0.1289243076923077
-0.07781353846153846
-0.011265230769230769
0.05570030769230769
0.1097316923076923
0.14811692307692306
0.18775384615384613
0.20047938461538461
0.16856123076923077
0.10201292307692307
0.026285538461538457
-0.027120000000000002
-0.028788923076923077
0.004172307692307692
0.04130584615384615
0.07343261538461537
0.08761846153846153
0.10535076923076922
0.12788123076923075
0.130176
0.0828203076923077
0.01668923076923077
-0.009387692307692307
-0.01043076923076923
0.015646153846153844
0.04819015384615385
0.06529661538461538
0.07030338461538461
0.06613107692307692
0.08135999999999999
0.08511507692307693
0.04526953846153846
-0.02545107692307692
-0.08031692307692308
-0.08010830769230769
-0.050067692307692306
0.0035464615384615383
0.06195876923076923
0.09429415384615383
0.111192
0.11599015384615384
0.11390399999999999
0.09930092307692308
0.05069353846153846
-0.01814953846153846
-0.07092923076923077
-0.06884307692307692
-0.018983999999999997
0.027120000000000002
0.05736923076923077
0.07843938461538462
0.08907876923076924
0.09512861538461538
0.0855323076923077
0.037967999999999995
-0.037342153846153844
-0.11035753846153845
-0.146448
-0.12391753846153845
-0.0771876923076923
-0.034630153846153845
-0.008136
0.0022947692307692304
0.013768615384615384
0.01710646153846154
0.006675692307692307
-0.03921969230769231
-0.09241661538461539
-0.11348676923076922
-0.10180430769230768
-0.058829538461538454
-0.01981846153846154
0.007301538461538462
0.016063384615384615
0.023364923076923075
0.04547815384615384
0.047772923076923074
0.024408000000000003
-0.009179076923076922
-0.040054153846153843
-0.05236246153846154
-0.03755076923076923
-0.003755076923076923
0.01710646153846154
0.02232184615384615
0.03984553846153846
0.04965046153846154
0.059038153846153844
0.04944184615384615
-0.0006258461538461538
-0.040054153846153843
-0.05653476923076922
-0.02753723076923077
0.03609046153846154
0.09471138461538461
0.1314276923076923
0.13852061538461538
0.14102399999999998
0.12829846153846153
0.10535076923076922
0.06633969230769231
-0.0008344615384615384
-0.02482523076923077
-0.007510153846153846
0.02232184615384615
0.07197230769230768
0.10785415384615385
0.15187199999999998
0.1867107692307692
0.19609846153846153
0.2021483076923077
0.17085599999999998
0.11098338461538461
0.04401784615384615
-0.0018775384615384615
-0.0012516923076923076
0.016272
0.02858030769230769
0.04214030769230769
0.05173661538461538
0.0609156923076923
0.05945538461538461
0.044435076923076924
0.008136
-0.03337846153846154
-0.02858030769230769
0.004172307692307692
0.05382276923076923
0.08699261538461538
0.07739630769230768
0.053614153846153846
0.03713353846153846
0.03358707692307692
0.013142769230769229
-0.006049846153846154
-0.019192615384615384
-0.03129230769230769
-0.02357353846153846
0.0022947692307692304
0.03629907692307692
0.05173661538461538
0.05674338461538461
0.07384984615384615
0.09930092307692308
0.11765907692307691
0.10910584615384614
0.061124307692307686
-0.0025033846153846152
-0.03358707692307692
-0.027328615384615382
-0.007510153846153846
0.006675692307692307
0.008970461538461538
0.032544
0.05507446153846154
0.06341907692307691
0.059872615384615385
0.013142769230769229
-0.04672984615384615
-0.08010830769230769
-0.06675692307692307
-0.035255999999999996
-0.013142769230769229
0.007301538461538462
0.023782153846153845
0.04422646153846154
0.06717415384615384
0.07551876923076924
0.059872615384615385
0.023364923076923075
-0.012099692307692308
-0.017523692307692306
-0.009596307692307692
-0.003755076923076923
-0.0070929230769230765
-0.022530461538461537
-0.021070153846153846
0.008344615384615384
0.06070707692307692
0.09095630769230768
0.07823076923076923
0.043600615384615383
0.0
-0.024616615384615383
-0.024616615384615383
-0.038176615384615385
-0.06195876923076923
-0.04985907692307692
-0.012934153846153845
0.03150092307692308
