0.14102399999999998
0.15625292307692307
0.09763200000000001
0.0035464615384615383
-0.09137353846153846
-0.1558356923076923
-0.15395815384615386
-0.12558646153846154
-0.06529661538461538
-0.003755076923076923
0.03838523076923077
0.084072
0.09700615384615385
0.06738276923076922
-0.012934153846153845
-0.10201292307692307
-0.14081538461538462
-0.13872923076923074
-0.09554584615384615
-0.050067692307692306
-0.013560000000000001
0.025033846153846153
0.059038153846153844
0.08761846153846153
0.07218092307692307
0.019609846153846155
-0.05173661538461538
-0.12329169230769231
-0.14978584615384616
-0.12266584615384615
-0.05778646153846154
-0.0002086153846153846
0.04902461538461538
0.1045163076923077
0.13518276923076925
0.14081538461538462
0.10931446153846153
0.03504738461538461
-0.04631261538461538
-0.11244369230769231
-0.1151556923076923
-0.07843938461538462
-0.04526953846153846
0.0
0.040679999999999994
0.09784061538461537
0.12224861538461537
0.1028473846153846
0.05674338461538461
-0.03400430769230769
-0.07572738461538461
-0.07697907692307693
-0.029623384615384614
0.03483876923076923
0.06154153846153846
0.092208
0.10055261538461538
0.124752
0.14540492307692307
0.12037107692307693
0.056951999999999996
-0.027328615384615382
-0.055491692307692304
-0.044435076923076924
-0.006049846153846154
0.051528
0.08991323076923076
0.12850707692307692
0.14957723076923077
0.16251138461538459
0.15520984615384617
0.0892873846153846
0.01668923076923077
-0.04547815384615384
-0.06633969230769231
-0.04693846153846153
-0.010639384615384617
0.03692492307692308
0.04714707692307692
0.053405538461538456
0.046104
0.035255999999999996
0.02232184615384615
-0.03504738461538461
-0.08177723076923075
-0.11014892307692307
-0.086784
-0.053405538461538456
-0.040054153846153843
-0.0043809230769230765
0.023990769230769232
0.06195876923076923
0.0828203076923077
0.07927384615384615
0.04672984615384615
-0.014394461538461538
-0.05048492307692308
-0.054657230769230764
-0.030040615384615384
-0.0043809230769230765
0.014185846153846153
0.038176615384615385
0.058829538461538454
0.09199938461538461
0.10514215384615383
0.06362769230769232
0.016897846153846156
-0.029414769230769227
-0.04944184615384615
-0.03942830769230769
-0.025659692307692307
-0.0016689230769230767
-0.004589538461538461
0.013560000000000001
0.05090215384615384
0.07510153846153846
0.08323753846153846
0.03504738461538461
-0.009387692307692307
-0.06446215384615385
-0.10430769230769231
-0.10138707692307691
-0.10222153846153846
-0.059038153846153844
-0.008970461538461538
0.05319692307692307
0.12224861538461537
0.12537784615384615
0.086784
0.007510153846153846
-0.05611753846153846
-0.06946892307692307
-0.059038153846153844
-0.024199384615384616
-0.026285538461538457
-0.01814953846153846
0.01397723076923077
0.04088861538461538
0.07885661538461539
0.06425353846153846
0.020027076923076922
-0.03483876923076923
-0.06467076923076923
-0.05111076923076923
-0.04401784615384615
-0.03400430769230769
-0.03609046153846154
-0.013560000000000001
0.04547815384615384
0.0828203076923077
0.10138707692307691
0.06425353846153846
-0.013560000000000001
-0.05945538461538461
-0.07906523076923076
-0.06759138461538462
-0.04380923076923077
-0.023364923076923075
0.016480615384615385
0.07113784615384615
0.12329169230769231
0.13622584615384614
0.09992676923076924
0.024616615384615383
-0.04547815384615384
-0.058412307692307694
-0.03129230769230769
0.023364923076923075
0.051528
0.05736923076923077
0.06759138461538462
0.0853236923076923
0.12224861538461537
0.10576799999999999
0.04756430769230769
-0.02858030769230769
-0.06946892307692307
-0.04819015384615385
-0.023990769230769232
0.015646153846153844
0.027745846153846152
0.017315076923076923
0.035464615384615386
0.059872615384615385
0.061124307692307686
0.021070153846153846
-0.03233538461538461
-0.06717415384615384
-0.059664
-0.032544
-0.02086153846153846
-0.014603076923076923
-0.007510153846153846
0.033169846153846154
0.09074769230769231
0.12913292307692306
0.14081538461538462
0.09429415384615383
0.03713353846153846
0.00855323076923077
0.0025033846153846152
0.029623384615384614
0.035464615384615386
0.03150092307692308
0.05319692307692307
0.07635323076923077
0.09533723076923077
0.07656184615384615
0.03838523076923077
-0.01272553846153846
-0.06613107692307692
-0.065088
-0.03963692307692308
-0.02211323076923077
-0.03629907692307692
-0.04819015384615385
-0.008344615384615384
0.022947692307692308
0.049233230769230765
0.05069353846153846
-0.003129230769230769
-0.025659692307692307
-0.026285538461538457
-0.016063384615384615
-0.01272553846153846
-0.03942830769230769
-0.059664
-0.058412307692307694
-0.019609846153846155
0.026285538461538457
0.06487938461538462
0.05716061538461538
0.01668923076923077
0.002712
-0.005424
0.010848
0.013142769230769229
-0.007510153846153846
-0.0029206153846153843
0.014603076923076923
0.07405846153846153
0.10994030769230768
0.07426707692307692
0.026494153846153844
