-0.04902461538461538
-0.05382276923076923
-0.053614153846153846
-0.03629907692307692
0.0008344615384615384
0.046104
0.0798996923076923
0.10138707692307691
0.09533723076923077
0.04735569230769231
-0.025033846153846153
-0.07927384615384615
-0.0826116923076923
-0.059038153846153844
-0.03066646153846154
-0.0012516923076923076
0.02211323076923077
0.04693846153846153
0.05653476923076922
0.03942830769230769
-0.015020307692307692
-0.09512861538461538
-0.14957723076923077
-0.17252492307692308
-0.15520984615384617
-0.12037107692307693
-0.08824430769230769
-0.051528
-0.015020307692307692
0.04631261538461538
0.08907876923076924
0.08094276923076923
0.03337846153846154
-0.025033846153846153
-0.04380923076923077
-0.04547815384615384
-0.024199384615384616
0.01272553846153846
0.03400430769230769
0.06258461538461538
0.08845292307692308
0.1045163076923077
0.09199938461538461
0.040054153846153843
-0.019192615384615384
-0.06613107692307692
-0.06195876923076923
-0.030875076923076922
-0.0035464615384615383
0.029832
0.04944184615384615
0.07510153846153846
0.09575446153846154
0.09304246153846155
0.06446215384615385
-0.005215384615384615
-0.059664
-0.07510153846153846
-0.06028984615384615
-0.03233538461538461
-0.011473846153846154
-0.0006258461538461538
0.01397723076923077
0.05173661538461538
0.07426707692307692
0.06884307692307692
0.015020307692307692
-0.06404492307692307
-0.10430769230769231
-0.10055261538461538
-0.06738276923076922
-0.03755076923076923
-0.02524246153846154
-0.012934153846153845
0.017940923076923077
0.043392
0.05924676923076923
0.028371692307692306
-0.03129230769230769
-0.06300184615384616
-0.0826116923076923
-0.05528307692307692
-0.021487384615384613
-0.006049846153846154
0.015854769230769228
0.042974769230769226
0.09304246153846155
0.12120553846153845
0.10409907692307692
0.041514461538461535
-0.03296123076923077
-0.08073415384615384
-0.09158215384615384
-0.056951999999999996
-0.029414769230769227
-0.009596307692307692
0.026911384615384615
0.07739630769230768
0.12975876923076923
0.14311015384615386
0.10514215384615383
0.042557538461538466
-0.017315076923076923
-0.05319692307692307
-0.042557538461538466
-0.026702769230769228
-0.023364923076923075
-0.014394461538461538
0.008344615384615384
0.062376
0.08991323076923076
0.06905169230769231
0.011265230769230769
-0.04276615384615385
-0.046104
-0.021904615384615383
0.014394461538461538
0.03150092307692308
0.03880246153846154
0.04652123076923077
0.06905169230769231
0.10368184615384615
0.10681107692307691
0.07656184615384615
0.02357353846153846
-0.011265230769230769
-0.025659692307692307
-0.013560000000000001
0.010013538461538461
0.017315076923076923
0.05528307692307692
0.11098338461538461
0.17148184615384612
0.21091015384615383
0.18399876923076922
0.11807630769230769
0.03337846153846154
-0.017940923076923077
-0.01397723076923077
-0.005841230769230769
-0.0016689230769230767
0.015020307692307692
0.05945538461538461
0.11327815384615383
0.14853415384615384
0.14436184615384615
0.08740984615384616
0.014394461538461538
-0.032544
-0.03129230769230769
0.0029206153846153843
0.032544
0.05027630769230769
0.04631261538461538
0.054240000000000003
0.08115138461538463
0.07739630769230768
0.048816000000000005
0.002086153846153846
-0.022947692307692308
-0.020652923076923076
-0.011891076923076923
-0.0002086153846153846
-0.008970461538461538
-0.021904615384615383
-0.01814953846153846
0.013768615384615384
0.04714707692307692
0.0446436923076923
0.007510153846153846
-0.03233538461538461
-0.043392
-0.02795446153846154
0.0022947692307692304
0.010639384615384617
-0.019192615384615384
-0.03588184615384615
-0.009179076923076922
0.037967999999999995
0.07927384615384615
0.084072
0.06070707692307692
0.033169846153846154
0.02357353846153846
0.043600615384615383
0.06654830769230768
0.06529661538461538
0.05444861538461539
0.06362769230769232
0.07531015384615385
0.07572738461538461
0.0448523076923077
-0.014603076923076923
-0.05570030769230769
-0.05736923076923077
-0.02211323076923077
0.01981846153846154
0.03713353846153846
0.028371692307692306
0.023364923076923075
0.03442153846153846
0.052153846153846155
0.055491692307692304
0.023782153846153845
-0.008344615384615384
-0.013560000000000001
0.006467076923076923
0.025659692307692307
0.015020307692307692
-0.023990769230769232
-0.07405846153846153
-0.10243015384615384
-0.0880356923076923
-0.04380923076923077
-0.014603076923076923
-0.011473846153846154
-0.023782153846153845
-0.02023569230769231
0.0012516923076923076
0.013142769230769229
0.0029206153846153843
-0.04318338461538461
-0.06404492307692307
-0.059664
-0.04756430769230769
-0.023990769230769232
-0.02524246153846154
-0.015854769230769228
-0.001043076923076923
0.026494153846153844
0.07593599999999999
0.07593599999999999
0.040262769230769234
-0.003963692307692307
-0.037967999999999995
-0.03692492307692308
-0.011265230769230769
0.018358153846153843
0.031918153846153846
0.04401784615384615
0.061124307692307686
0.06592246153846154
0.04819015384615385
-0.0004172307692307692
