0.10368184615384615
0.10138707692307691
0.08177723076923075
0.04172307692307692
-0.030040615384615384
-0.09596307692307693
-0.11557292307692307
-0.10576799999999999
-0.05820369230769231
-0.021696
0.008761846153846153
0.033169846153846154
0.034630153846153845
0.047772923076923074
0.04380923076923077
0.006258461538461538
-0.06654830769230768
-0.138312
-0.16438892307692307
-0.1696043076923077
-0.1504116923076923
-0.116616
-0.08469784615384615
-0.043392
-0.0029206153846153843
0.029414769230769227
0.03296123076923077
-0.0002086153846153846
-0.054240000000000003
-0.1070196923076923
-0.12037107692307693
-0.10201292307692307
-0.07510153846153846
-0.03880246153846154
-0.0016689230769230767
0.042557538461538466
0.06675692307692307
0.06717415384615384
0.03921969230769231
-0.02586830769230769
-0.06738276923076922
-0.07280676923076923
-0.06133292307692308
-0.03921969230769231
-0.009179076923076922
0.023364923076923075
0.05298830769230769
0.07384984615384615
0.08198584615384615
0.06654830769230768
0.017523692307692306
-0.017315076923076923
-0.006675692307692307
0.03212676923076923
0.07218092307692307
0.09387692307692307
0.10952307692307692
0.12662953846153846
0.14436184615384615
0.1570873846153846
0.1353913846153846
0.09471138461538461
0.053405538461538456
0.03233538461538461
0.045895384615384616
0.056951999999999996
0.0717636923076923
0.08365476923076923
0.09700615384615385
0.13643446153846153
0.16647507692307692
0.16334584615384617
0.11807630769230769
0.040054153846153843
-0.035464615384615386
-0.06195876923076923
-0.047772923076923074
-0.02795446153846154
0.0
0.015020307692307692
0.035464615384615386
0.05298830769230769
0.04965046153846154
0.013560000000000001
-0.06633969230769231
-0.12788123076923075
-0.138312
-0.09158215384615384
-0.046104
-0.016480615384615385
0.003129230769230769
0.007301538461538462
0.029623384615384614
0.03859384615384615
0.02858030769230769
-0.003129230769230769
-0.05173661538461538
-0.0717636923076923
-0.06049846153846154
-0.04965046153846154
-0.05048492307692308
-0.07030338461538461
-0.08115138461538463
-0.044435076923076924
0.004798153846153846
0.04047138461538462
0.033169846153846154
-0.0043809230769230765
-0.028371692307692306
-0.04214030769230769
-0.021696
0.013768615384615384
0.02211323076923077
0.015646153846153844
0.014394461538461538
0.03713353846153846
0.056951999999999996
0.03108369230769231
-0.025659692307692307
-0.08949599999999999
-0.13330523076923076
-0.12558646153846154
-0.062376
-0.003129230769230769
0.03775938461538462
0.08574092307692306
0.12975876923076923
0.1869193846153846
0.20944984615384615
0.16584923076923075
0.09033046153846153
0.021696
-0.004589538461538461
-0.006049846153846154
-0.003963692307692307
0.004172307692307692
0.01397723076923077
0.016272
0.04088861538461538
0.086784
0.08949599999999999
0.043392
-0.009179076923076922
-0.025659692307692307
-0.003755076923076923
0.027745846153846152
0.06321046153846153
0.07948246153846153
0.0717636923076923
0.08094276923076923
0.11265230769230769
0.12308307692307692
0.08323753846153846
0.012308307692307691
-0.03671630769230769
-0.04714707692307692
-0.018358153846153843
0.03045784615384615
0.05444861538461539
0.07802215384615384
0.11452984615384615
0.15646153846153846
0.1794092307692308
0.15813046153846153
0.11286092307692308
0.04902461538461538
0.0014603076923076922
-0.006675692307692307
0.005424
0.016897846153846156
0.021278769230769233
0.02545107692307692
0.034630153846153845
0.053614153846153846
0.04756430769230769
-0.0002086153846153846
-0.06154153846153846
-0.10535076923076922
-0.11265230769230769
-0.09283384615384616
-0.06946892307692307
-0.053405538461538456
-0.03713353846153846
-0.009804923076923077
0.029623384615384614
0.04860738461538461
0.027120000000000002
-0.024408000000000003
-0.08073415384615384
-0.11452984615384615
-0.10868861538461538
-0.08240307692307691
-0.07593599999999999
-0.06675692307692307
-0.02795446153846154
0.022947692307692308
0.0717636923076923
0.09283384615384616
0.07364123076923076
0.03379569230769231
-0.0004172307692307692
-0.0014603076923076922
0.024408000000000003
0.03629907692307692
0.01814953846153846
0.012308307692307691
0.029623384615384614
0.04839876923076923
0.06258461538461538
0.044435076923076924
0.01272553846153846
-0.0025033846153846152
0.0002086153846153846
0.03024923076923077
0.045895384615384616
0.026702769230769228
0.005632615384615384
0.010639384615384617
0.04526953846153846
0.08428061538461538
0.10430769230769231
0.08115138461538463
0.04672984615384615
0.017315076923076923
0.004798153846153846
0.023990769230769232
0.03609046153846154
0.024408000000000003
0.003755076923076923
0.031709538461538456
0.08636676923076922
0.09554584615384615
0.07218092307692307
0.041514461538461535
0.014603076923076923
0.008970461538461538
0.009804923076923077
-0.002712
-0.04214030769230769
-0.09241661538461539
-0.10117846153846152
-0.07489292307692308
-0.03233538461538461
0.0018775384615384615
