0.05611753846153846
0.09512861538461538
0.11265230769230769
0.06675692307692307
-0.005841230769230769
-0.03692492307692308
-0.030875076923076922
-0.009179076923076922
-0.0077187692307692304
-0.006884307692307692
0.026702769230769228
0.06028984615384615
0.08824430769230769
0.1028473846153846
0.07802215384615384
0.026494153846153844
-0.02211323076923077
-0.03129230769230769
-0.001043076923076923
0.020652923076923076
0.020652923076923076
0.033169846153846154
0.047772923076923074
0.06738276923076922
0.0936683076923077
0.08094276923076923
0.023782153846153845
-0.05319692307692307
-0.0961716923076923
-0.08636676923076922
-0.05486584615384615
-0.033169846153846154
-0.026285538461538457
-0.02044430769230769
0.004798153846153846
0.03692492307692308
0.04276615384615385
0.010639384615384617
-0.03859384615384615
-0.04672984615384615
-0.04526953846153846
-0.03609046153846154
-0.02044430769230769
-0.03233538461538461
-0.02858030769230769
-0.008344615384615384
0.008344615384615384
0.02482523076923077
0.01043076923076923
-0.03859384615384615
-0.07531015384615385
-0.0961716923076923
-0.08115138461538463
-0.04714707692307692
-0.03713353846153846
-0.03713353846153846
-0.045060923076923075
-0.03233538461538461
-0.003963692307692307
-0.006049846153846154
-0.03337846153846154
-0.06738276923076922
-0.07635323076923077
-0.06321046153846153
-0.040262769230769234
-0.0006258461538461538
-0.004589538461538461
-0.03024923076923077
-0.027120000000000002
-0.014603076923076923
0.010013538461538461
-0.012308307692307691
-0.034630153846153845
-0.022947692307692308
-0.02586830769230769
0.014603076923076923
0.04672984615384615
0.05486584615384615
0.034630153846153845
0.0002086153846153846
0.02211323076923077
0.042348923076923076
0.05444861538461539
0.03692492307692308
0.012934153846153845
0.019609846153846155
0.024616615384615383
0.049233230769230765
0.05298830769230769
0.03150092307692308
0.017940923076923077
0.018983999999999997
0.042557538461538466
0.058829538461538454
0.04756430769230769
0.02315630769230769
0.011682461538461537
0.0012516923076923076
-0.01668923076923077
-0.03129230769230769
-0.06049846153846154
-0.09700615384615385
-0.11035753846153845
-0.09053907692307692
-0.032544
0.0018775384615384615
-0.01043076923076923
-0.013768615384615384
0.0
0.028163076923076923
0.045895384615384616
0.03775938461538462
0.008970461538461538
-0.028788923076923077
-0.026285538461538457
-0.0008344615384615384
0.012308307692307691
0.015646153846153844
0.018358153846153843
0.03150092307692308
0.04422646153846154
0.07009476923076922
0.07030338461538461
0.02524246153846154
-0.015228923076923076
-0.033169846153846154
-0.014185846153846153
0.0014603076923076922
0.019609846153846155
0.053614153846153846
0.06821723076923077
0.08574092307692306
0.10535076923076922
0.10931446153846153
0.06487938461538462
-0.005215384615384615
-0.03921969230769231
-0.03421292307692308
0.003755076923076923
0.05757784615384615
0.10764553846153846
0.13226215384615383
0.1395636923076923
0.14144123076923076
0.1356
0.11724184615384614
0.0771876923076923
0.029832
0.005215384615384615
0.02586830769230769
0.08302892307692307
0.12579507692307693
0.13706030769230768
0.154584
0.16000799999999998
0.15562707692307692
0.12996738461538462
0.07238953846153846
0.007510153846153846
-0.04714707692307692
-0.04088861538461538
-0.009804923076923077
0.03129230769230769
0.07781353846153846
0.11265230769230769
0.14665661538461539
0.14018953846153845
0.10764553846153846
0.047772923076923074
-0.037342153846153844
-0.09429415384615383
-0.10347323076923076
-0.06759138461538462
-0.011056615384615385
0.034630153846153845
0.05277969230769231
0.058829538461538454
0.07614461538461538
0.07614461538461538
0.02899753846153846
-0.035255999999999996
-0.09283384615384616
-0.11202646153846153
-0.08302892307692307
-0.038176615384615385
0.016897846153846156
0.06279323076923077
0.09763200000000001
0.1358086153846154
0.14519630769230768
0.10263876923076923
0.022530461538461537
-0.06738276923076922
-0.12433476923076923
-0.13643446153846153
-0.10013538461538461
-0.04735569230769231
-0.016897846153846156
0.006258461538461538
0.02086153846153846
0.028788923076923077
0.012099692307692308
-0.030875076923076922
-0.10389046153846154
-0.16021661538461537
-0.15875630769230767
-0.12391753846153845
-0.0609156923076923
-0.02273907692307692
0.01940123076923077
0.06133292307692308
0.0855323076923077
0.11432123076923076
0.08323753846153846
0.014185846153846153
-0.06028984615384615
-0.10597661538461538
-0.09053907692307692
-0.043600615384615383
0.017523692307692306
0.05111076923076923
0.059664
0.0771876923076923
0.10868861538461538
0.11995384615384615
0.08302892307692307
0.004589538461538461
-0.08115138461538463
-0.11578153846153846
-0.08845292307692308
-0.03942830769230769
-0.0016689230769230767
0.03296123076923077
0.065088
0.09471138461538461
0.10263876923076923
0.07489292307692308
0.012516923076923077
-0.058412307692307694
-0.0826116923076923
-0.05507446153846154
-0.0006258461538461538
0.05528307692307692
0.10326461538461539
