-0.10138707692307691
-0.07280676923076923
-0.04380923076923077
-0.02524246153846154
0.0035464615384615383
0.028163076923076923
0.018775384615384614
-0.018983999999999997
-0.07635323076923077
-0.1178676923076923
-0.13080184615384613
-0.100344
-0.043392
0.010013538461538461
0.07280676923076923
0.12537784615384615
0.14582215384615385
0.13059323076923077
0.07489292307692308
-0.0014603076923076922
-0.06028984615384615
-0.06717415384615384
-0.02586830769230769
0.028371692307692306
0.07155507692307693
0.09658892307692307
0.11891076923076922
0.12433476923076923
0.11348676923076922
0.08302892307692307
0.02273907692307692
-0.028788923076923077
-0.06070707692307692
-0.04380923076923077
0.008344615384615384
0.05298830769230769
0.08574092307692306
0.11432123076923076
0.14436184615384615
0.1489513846153846
0.11870215384615385
0.05090215384615384
-0.029623384615384614
-0.092208
-0.12496061538461539
-0.11056615384615384
-0.0717636923076923
-0.025659692307692307
0.005215384615384615
0.023782153846153845
0.054240000000000003
0.05048492307692308
0.021278769230769233
-0.026076923076923077
-0.08490646153846154
-0.09700615384615385
-0.0744756923076923
-0.020652923076923076
0.03045784615384615
0.045895384615384616
0.04735569230769231
0.043600615384615383
0.055491692307692304
0.050067692307692306
0.013768615384615384
-0.02044430769230769
-0.044435076923076924
-0.03421292307692308
-0.0029206153846153843
0.028163076923076923
0.05090215384615384
0.06341907692307691
0.09658892307692307
0.12642092307692307
0.12934153846153845
0.09053907692307692
0.01940123076923077
-0.040054153846153843
-0.09033046153846153
-0.0936683076923077
-0.07343261538461537
-0.0448523076923077
-0.01043076923076923
0.020652923076923076
0.078648
0.10576799999999999
0.0961716923076923
0.052153846153846155
-0.004798153846153846
-0.03108369230769231
-0.02357353846153846
0.015646153846153844
0.04965046153846154
0.06842584615384616
0.06863446153846153
0.07259815384615384
0.08073415384615384
0.05674338461538461
0.021070153846153846
-0.011265230769230769
-0.03421292307692308
-0.025659692307692307
0.0
0.025659692307692307
0.01940123076923077
-0.013142769230769229
-0.023364923076923075
-0.01043076923076923
0.018358153846153843
0.016063384615384615
-0.01940123076923077
-0.05298830769230769
-0.06863446153846153
-0.033169846153846154
0.0014603076923076922
0.004798153846153846
-0.013560000000000001
-0.02357353846153846
0.013560000000000001
0.04047138461538462
0.04172307692307692
0.005424
-0.04693846153846153
-0.06362769230769232
-0.05653476923076922
-0.01668923076923077
0.013768615384615384
0.03838523076923077
0.07635323076923077
0.09679753846153846
0.12266584615384615
0.11348676923076922
0.05403138461538461
-0.025033846153846153
-0.09784061538461537
-0.09095630769230768
-0.04672984615384615
-0.0018775384615384615
0.032544
0.026702769230769228
0.03588184615384615
0.03921969230769231
0.034630153846153845
0.02211323076923077
-0.03504738461538461
-0.09450276923076922
-0.13372246153846154
-0.12162276923076921
-0.06946892307692307
-0.03379569230769231
-0.006467076923076923
0.015437538461538461
0.05444861538461539
0.0963803076923077
0.11724184615384614
0.10597661538461538
0.042974769230769226
-0.003129230769230769
-0.009596307692307692
0.029623384615384614
0.06967753846153846
0.06133292307692308
0.073224
0.10827138461538462
0.14665661538461539
0.16313723076923078
0.14665661538461539
0.10868861538461538
0.06008123076923077
0.03233538461538461
0.04401784615384615
0.08240307692307691
0.10263876923076923
0.09158215384615384
0.08198584615384615
0.0880356923076923
0.10806276923076923
0.10952307692307692
0.06195876923076923
0.0043809230769230765
-0.042974769230769226
-0.05090215384615384
-0.010848
0.028788923076923077
0.04401784615384615
0.03942830769230769
0.06467076923076923
0.11911938461538461
0.1502030769230769
0.12725538461538463
0.05319692307692307
-0.011473846153846154
-0.04401784615384615
-0.03150092307692308
0.007927384615384614
0.025033846153846153
0.03671630769230769
0.04130584615384615
0.06195876923076923
0.08511507692307693
0.07009476923076922
0.035464615384615386
-0.025659692307692307
-0.07489292307692308
-0.08052553846153847
-0.05924676923076923
-0.03588184615384615
-0.042348923076923076
-0.05403138461538461
-0.05027630769230769
-0.03629907692307692
-0.02044430769230769
-0.027745846153846152
-0.05507446153846154
-0.06300184615384616
-0.029832
0.013560000000000001
0.053405538461538456
0.06863446153846153
0.051319384615384614
0.03024923076923077
0.014394461538461538
0.03921969230769231
0.04526953846153846
-0.002086153846153846
-0.025659692307692307
-0.026911384615384615
-0.002086153846153846
0.022947692307692308
0.03337846153846154
0.04214030769230769
0.03045784615384615
0.059664
0.11098338461538461
0.1476996923076923
0.1558356923076923
0.10743692307692307
0.06216738461538462
0.03212676923076923
0.02586830769230769
0.01856676923076923
-0.019609846153846155
-0.056326153846153845
-0.07238953846153846
