0.020652923076923076
-0.040054153846153843
-0.053405538461538456
-0.006884307692307692
0.04380923076923077
0.05507446153846154
0.07426707692307692
0.08469784615384615
0.10910584615384614
0.11953661538461538
0.09429415384615383
0.03963692307692308
-0.047772923076923074
-0.09325107692307691
-0.08949599999999999
-0.0446436923076923
0.016897846153846156
0.05486584615384615
0.08740984615384616
0.11473846153846154
0.12454338461538461
0.10222153846153846
0.042557538461538466
-0.029414769230769227
-0.07885661538461539
-0.08907876923076924
-0.05757784615384615
0.004798153846153846
0.06529661538461538
0.10994030769230768
0.1316363076923077
0.13810338461538463
0.13810338461538463
0.09158215384615384
-0.004172307692307692
-0.0961716923076923
-0.14749107692307692
-0.12204
-0.052153846153846155
0.03150092307692308
0.11181784615384616
0.14853415384615384
0.16042523076923076
0.138312
0.0798996923076923
0.004798153846153846
-0.07572738461538461
-0.13267938461538462
-0.13664307692307692
-0.09325107692307691
-0.03379569230769231
0.02211323076923077
0.0717636923076923
0.10994030769230768
0.1287156923076923
0.1218313846153846
0.07489292307692308
0.005215384615384615
-0.06446215384615385
-0.10889723076923077
-0.08699261538461538
-0.021696
0.03421292307692308
0.08302892307692307
0.124752
0.1502030769230769
0.15833907692307692
0.13476553846153844
0.07092923076923077
-0.016480615384615385
-0.084072
-0.08198584615384615
-0.03150092307692308
0.022530461538461537
0.06863446153846153
0.10117846153846152
0.12120553846153845
0.11724184615384614
0.09450276923076922
0.041514461538461535
-0.026911384615384615
-0.07364123076923076
-0.08511507692307693
-0.06467076923076923
-0.03504738461538461
0.02211323076923077
0.07301538461538462
0.100344
0.132888
0.1358086153846154
0.09825784615384614
0.013768615384615384
-0.07468430769230769
-0.10806276923076923
-0.10138707692307691
-0.05027630769230769
0.011891076923076923
0.04965046153846154
0.07572738461538461
0.08615815384615384
0.10263876923076923
0.10743692307692307
0.05757784615384615
-0.016063384615384615
-0.07739630769230768
-0.09950953846153845
-0.08073415384615384
-0.04714707692307692
-0.026076923076923077
-0.007927384615384614
0.017940923076923077
0.03921969230769231
0.06195876923076923
0.043600615384615383
-0.014394461538461538
-0.07072061538461538
-0.11557292307692307
-0.11035753846153845
-0.07802215384615384
-0.04714707692307692
-0.020027076923076922
-0.018983999999999997
-0.006258461538461538
-0.0016689230769230767
-0.01272553846153846
-0.030875076923076922
-0.08010830769230769
-0.11035753846153845
-0.0988836923076923
-0.044435076923076924
0.008344615384615384
0.04526953846153846
0.0855323076923077
0.10868861538461538
0.1218313846153846
0.10159569230769232
0.05757784615384615
0.0014603076923076922
-0.06383630769230769
-0.09491999999999999
-0.10055261538461538
-0.06717415384615384
-0.018983999999999997
0.008344615384615384
0.05486584615384615
0.11202646153846153
0.14811692307692306
0.132888
0.07030338461538461
-0.0006258461538461538
-0.05382276923076923
-0.06800861538461538
-0.04652123076923077
-0.005424
0.035464615384615386
0.06154153846153846
0.09137353846153846
0.11390399999999999
0.12308307692307692
0.10368184615384615
0.05611753846153846
0.02023569230769231
-0.003755076923076923
0.002086153846153846
0.006049846153846154
0.002712
0.02232184615384615
0.04944184615384615
0.09137353846153846
0.11223507692307692
0.10243015384615384
0.06195876923076923
-0.011473846153846154
-0.05674338461538461
-0.07489292307692308
-0.08490646153846154
-0.09658892307692307
-0.09700615384615385
-0.04693846153846153
0.0008344615384615384
0.040679999999999994
0.051528
-0.003129230769230769
-0.06800861538461538
-0.13393107692307693
-0.15917353846153848
-0.14978584615384616
-0.14394461538461537
-0.12767261538461538
-0.10806276923076923
-0.04819015384615385
0.010013538461538461
0.052153846153846155
0.05611753846153846
-0.002086153846153846
-0.03984553846153846
-0.07301538461538462
-0.07280676923076923
-0.05444861538461539
-0.05590892307692308
-0.014394461538461538
0.027120000000000002
0.09095630769230768
0.15187199999999998
0.14415323076923076
0.0934596923076923
0.00855323076923077
-0.04193169230769231
-0.06258461538461538
-0.06070707692307692
-0.04944184615384615
-0.054240000000000003
-0.02023569230769231
0.04839876923076923
0.11911938461538461
0.1489513846153846
0.12454338461538461
0.065088
0.003755076923076923
-0.013142769230769229
-0.014811692307692307
-0.009804923076923077
0.012308307692307691
0.03233538461538461
0.078648
0.12141415384615384
0.1341396923076923
0.1356
0.08636676923076922
0.02858030769230769
0.009804923076923077
0.02211323076923077
0.04860738461538461
0.05757784615384615
0.08094276923076923
0.10931446153846153
0.1449876923076923
0.184416
0.1804523076923077
0.14123261538461537
0.07197230769230768
0.019192615384615384
-0.006467076923076923
-0.004589538461538461
