0.17148184615384612
0.1422756923076923
0.06967753846153846
-0.017523692307692306
-0.05382276923076923
-0.04631261538461538
-0.010848
0.03233538461538461
0.07030338461538461
0.09909230769230769
0.11536430769230768
0.11327815384615383
0.07948246153846153
0.013351384615384614
-0.05069353846153846
-0.08052553846153847
-0.07468430769230769
-0.03212676923076923
0.019609846153846155
0.06070707692307692
0.07843938461538462
0.08511507692307693
0.09804923076923076
0.08636676923076922
0.044435076923076924
-0.024199384615384616
-0.09533723076923077
-0.12913292307692306
-0.116616
-0.07134646153846153
-0.02545107692307692
0.014185846153846153
0.05653476923076922
0.10639384615384614
0.13205353846153844
0.10263876923076923
0.019609846153846155
-0.08907876923076924
-0.14999446153846155
-0.15354092307692307
-0.12808984615384614
-0.0934596923076923
-0.06028984615384615
-0.015228923076923076
0.03045784615384615
0.07405846153846153
0.09554584615384615
0.061750153846153844
-0.0006258461538461538
-0.05507446153846154
-0.07009476923076922
-0.04380923076923077
-0.018358153846153843
-0.0008344615384615384
0.011265230769230769
0.035464615384615386
0.0855323076923077
0.12037107692307693
0.10535076923076922
0.05862092307692307
0.0008344615384615384
-0.03337846153846154
-0.024408000000000003
-0.005632615384615384
0.017732307692307693
0.03838523076923077
0.06341907692307691
0.08845292307692308
0.10514215384615383
0.0961716923076923
0.041514461538461535
-0.026494153846153844
-0.0771876923076923
-0.08115138461538463
-0.07781353846153846
-0.073224
-0.05528307692307692
-0.042348923076923076
0.0035464615384615383
0.05736923076923077
0.0892873846153846
0.06926030769230769
0.0029206153846153843
-0.06258461538461538
-0.1136953846153846
-0.10597661538461538
-0.07238953846153846
-0.04756430769230769
-0.019609846153846155
0.011473846153846154
0.06738276923076922
0.11703323076923078
0.11286092307692308
0.06070707692307692
-0.022530461538461537
-0.084072
-0.09909230769230769
-0.0853236923076923
-0.04902461538461538
-0.030875076923076922
-0.003129230769230769
0.03713353846153846
0.0853236923076923
0.11265230769230769
0.061124307692307686
0.011473846153846154
-0.04172307692307692
-0.07030338461538461
-0.05194523076923077
-0.05236246153846154
-0.051528
-0.05486584615384615
-0.029623384615384614
0.02023569230769231
0.051528
0.05924676923076923
0.012934153846153845
-0.0448523076923077
-0.05716061538461538
-0.034630153846153845
0.013560000000000001
0.04693846153846153
0.06550523076923077
0.08866153846153846
0.10347323076923076
0.1178676923076923
0.10013538461538461
0.04839876923076923
-0.02858030769230769
-0.09533723076923077
-0.10618523076923077
-0.08699261538461538
-0.04819015384615385
-0.015437538461538461
0.011265230769230769
0.05674338461538461
0.09053907692307692
0.10722830769230769
0.08177723076923075
0.014811692307692307
-0.04088861538461538
-0.06592246153846154
-0.03963692307692308
0.004589538461538461
0.03588184615384615
0.055491692307692304
0.07823076923076923
0.11870215384615385
0.14936861538461538
0.1476996923076923
0.1045163076923077
0.04714707692307692
0.011473846153846154
0.013351384615384614
0.04819015384615385
0.065088
0.06738276923076922
0.07280676923076923
0.08720123076923077
0.12913292307692306
0.14164984615384615
0.10347323076923076
0.027745846153846152
-0.038176615384615385
-0.055491692307692304
-0.04318338461538461
-0.0029206153846153843
0.027328615384615382
0.04714707692307692
0.06633969230769231
0.07030338461538461
0.07885661538461539
0.05486584615384615
0.0004172307692307692
-0.04652123076923077
-0.09095630769230768
-0.08240307692307691
-0.04714707692307692
-0.023364923076923075
0.0006258461538461538
0.01940123076923077
0.05757784615384615
0.09074769230769231
0.10493353846153847
0.07697907692307693
0.018358153846153843
-0.017523692307692306
-0.037967999999999995
-0.021696
-0.00855323076923077
-0.01668923076923077
-0.009179076923076922
0.015020307692307692
0.06154153846153846
0.084072
0.07113784615384615
0.026911384615384615
-0.02482523076923077
-0.04693846153846153
-0.047772923076923074
-0.027120000000000002
-0.029206153846153847
-0.040054153846153843
-0.022947692307692308
0.011056615384615385
0.05653476923076922
0.08615815384615384
0.08156861538461539
0.042557538461538466
0.0006258461538461538
-0.009596307692307692
-0.0014603076923076922
0.0070929230769230765
0.01272553846153846
0.015020307692307692
0.03629907692307692
0.05403138461538461
0.0609156923076923
0.05862092307692307
0.029623384615384614
0.01668923076923077
0.024616615384615383
0.047772923076923074
0.07364123076923076
0.06571384615384615
0.031709538461538456
-0.005215384615384615
-0.006049846153846154
0.006258461538461538
-0.004798153846153846
-0.023990769230769232
-0.051319384615384614
-0.05486584615384615
-0.04276615384615385
-0.02273907692307692
-0.0050067692307692304
-0.03066646153846154
-0.04672984615384615
-0.02795446153846154
0.02044430769230769
0.06049846153846154
0.06008123076923077
0.05298830769230769
0.040679999999999994
