0.06946892307692307
0.07593599999999999
0.05799507692307692
0.018358153846153843
-0.03212676923076923
-0.05653476923076922
-0.040054153846153843
-0.013768615384615384
0.006467076923076923
0.03045784615384615
0.06592246153846154
0.10263876923076923
0.12162276923076921
0.10347323076923076
0.04547815384615384
-0.006675692307692307
-0.030040615384615384
-0.014603076923076923
0.014394461538461538
0.033169846153846154
0.05757784615384615
0.08302892307692307
0.111192
0.12767261538461538
0.1151556923076923
0.06008123076923077
-0.00855323076923077
-0.06008123076923077
-0.0717636923076923
-0.03713353846153846
0.009179076923076922
0.05048492307692308
0.07531015384615385
0.09158215384615384
0.12329169230769231
0.14603076923076924
0.11807630769230769
0.06967753846153846
0.02211323076923077
0.0
0.005424
0.014185846153846153
0.013351384615384614
-0.017732307692307693
-0.023782153846153845
0.009596307692307692
0.03713353846153846
0.042557538461538466
0.017940923076923077
-0.005632615384615384
-0.004589538461538461
0.007301538461538462
0.03775938461538462
0.04318338461538461
0.02273907692307692
0.02586830769230769
0.040262769230769234
0.059038153846153844
0.05090215384615384
0.01272553846153846
-0.04672984615384615
-0.0974233846153846
-0.0880356923076923
-0.058829538461538454
-0.04172307692307692
-0.032544
-0.014603076923076923
0.020652923076923076
0.035464615384615386
0.05111076923076923
0.052153846153846155
0.007510153846153846
-0.026494153846153844
-0.02858030769230769
0.009596307692307692
0.03337846153846154
0.02795446153846154
0.020027076923076922
-0.010848
-0.013768615384615384
0.0077187692307692304
0.01981846153846154
0.008136
-0.040054153846153843
-0.059664
-0.03609046153846154
0.015854769230769228
0.05444861538461539
0.05027630769230769
0.038176615384615385
0.0448523076923077
0.09241661538461539
0.10910584615384614
0.08115138461538463
0.04839876923076923
0.0025033846153846152
-0.013351384615384614
-0.0014603076923076922
0.02023569230769231
0.02044430769230769
-0.012934153846153845
-0.010013538461538461
0.033169846153846154
0.09325107692307691
0.13038461538461538
0.116616
0.086784
0.05444861538461539
0.059872615384615385
0.10743692307692307
0.13914646153846155
0.127464
0.09012184615384615
0.06821723076923077
0.06863446153846153
0.06154153846153846
0.029623384615384614
-0.03129230769230769
-0.07635323076923077
-0.08031692307692308
-0.04526953846153846
-0.006675692307692307
-0.008136
-0.006467076923076923
-0.02315630769230769
-0.010013538461538461
0.031709538461538456
0.028788923076923077
0.013351384615384614
-0.021278769230769233
-0.0448523076923077
-0.05277969230769231
-0.03650769230769231
-0.015854769230769228
-0.03838523076923077
-0.04672984615384615
-0.03483876923076923
0.006884307692307692
0.03504738461538461
0.011473846153846154
-0.01814953846153846
-0.05736923076923077
-0.046104
-0.0043809230769230765
0.035464615384615386
0.06258461538461538
0.05736923076923077
0.06592246153846154
0.06216738461538462
0.07259815384615384
0.07384984615384615
0.033169846153846154
0.014185846153846153
0.013351384615384614
0.040679999999999994
0.056951999999999996
0.04130584615384615
0.042974769230769226
0.03108369230769231
0.031709538461538456
0.06258461538461538
0.08490646153846154
0.07802215384615384
0.02023569230769231
-0.006675692307692307
0.014394461538461538
0.04672984615384615
0.0853236923076923
0.08428061538461538
0.0826116923076923
0.07364123076923076
0.06946892307692307
0.08636676923076922
0.06905169230769231
0.04819015384615385
0.028163076923076923
0.033169846153846154
0.06195876923076923
0.073224
0.07197230769230768
0.040054153846153843
0.007301538461538462
-0.01668923076923077
-0.03442153846153846
-0.031709538461538456
-0.05319692307692307
-0.08344615384615384
-0.09491999999999999
-0.06696553846153847
-0.024616615384615383
-0.043600615384615383
-0.08657538461538461
-0.13038461538461538
-0.1504116923076923
-0.13789476923076924
-0.12454338461538461
-0.10159569230769232
-0.092208
-0.065088
-0.014185846153846153
0.013351384615384614
0.015020307692307692
-0.03108369230769231
-0.09304246153846155
-0.12934153846153845
-0.12642092307692307
-0.086784
-0.06341907692307691
-0.043392
-0.017732307692307693
0.01981846153846154
0.06842584615384616
0.07697907692307693
0.061750153846153844
0.003129230769230769
-0.06800861538461538
-0.08574092307692306
-0.07760492307692309
-0.054240000000000003
-0.05486584615384615
-0.061124307692307686
-0.03713353846153846
-0.018983999999999997
0.005215384615384615
0.006258461538461538
-0.02044430769230769
-0.05528307692307692
-0.10222153846153846
-0.09283384615384616
-0.04839876923076923
-0.0002086153846153846
0.04631261538461538
0.06070707692307692
0.07969107692307692
0.10055261538461538
0.09450276923076922
0.045060923076923075
-0.03045784615384615
-0.0855323076923077
-0.10076123076923077
-0.059664
0.01856676923076923
0.07051199999999999
0.10994030769230768
