0.15354092307692307
0.14540492307692307
0.103056
0.016480615384615385
-0.08031692307692308
-0.14060676923076923
-0.14686523076923075
-0.08156861538461539
0.0016689230769230767
0.06279323076923077
0.10368184615384615
0.12412615384615384
0.1358086153846154
0.10639384615384614
0.037967999999999995
-0.03921969230769231
-0.12162276923076921
-0.1597993846153846
-0.1353913846153846
-0.07948246153846153
-0.009804923076923077
0.02795446153846154
0.0446436923076923
0.055491692307692304
0.02858030769230769
-0.02482523076923077
-0.1045163076923077
-0.17231630769230769
-0.1913003076923077
-0.1691870769230769
-0.10535076923076922
-0.03984553846153846
0.023990769230769232
0.07510153846153846
0.08887015384615385
0.086784
0.037342153846153844
-0.053614153846153846
-0.15082892307692305
-0.21758584615384616
-0.20819815384615384
-0.16063384615384615
-0.09262523076923077
-0.022947692307692308
0.02586830769230769
0.06926030769230769
0.09012184615384615
0.08344615384615384
0.03504738461538461
-0.031709538461538456
-0.07343261538461537
-0.08448923076923077
-0.041514461538461535
0.008970461538461538
0.03650769230769231
0.065088
0.07802215384615384
0.09930092307692308
0.11432123076923076
0.09491999999999999
0.05236246153846154
-0.014603076923076923
-0.05716061538461538
-0.04902461538461538
-0.005632615384615384
0.04985907692307692
0.0936683076923077
0.12600369230769232
0.14686523076923075
0.16209415384615386
0.14832553846153845
0.09262523076923077
0.027328615384615382
-0.028788923076923077
-0.028788923076923077
0.02899753846153846
0.10472492307692308
0.17273353846153844
0.2059033846153846
0.22551323076923077
0.2369870769230769
0.22780799999999998
0.1802436923076923
0.10263876923076923
0.02211323076923077
-0.030875076923076922
-0.026285538461538457
0.015437538461538461
0.07551876923076924
0.12120553846153845
0.1449876923076923
0.1693956923076923
0.1794092307692308
0.1597993846153846
0.10159569230769232
0.01814953846153846
-0.047981538461538464
-0.06529661538461538
-0.04902461538461538
-0.012308307692307691
0.03045784615384615
0.053405538461538456
0.07656184615384615
0.09471138461538461
0.09471138461538461
0.0771876923076923
0.027120000000000002
-0.02044430769230769
-0.04839876923076923
-0.04944184615384615
-0.03337846153846154
-0.030040615384615384
-0.00855323076923077
0.017940923076923077
0.03650769230769231
0.05674338461538461
0.05194523076923077
0.01814953846153846
-0.038176615384615385
-0.08490646153846154
-0.09596307692307693
-0.06654830769230768
-0.029414769230769227
-0.005424
0.006884307692307692
0.005215384615384615
0.015228923076923076
0.01710646153846154
-0.0050067692307692304
-0.02899753846153846
-0.03880246153846154
-0.03129230769230769
-0.006675692307692307
0.017940923076923077
0.030875076923076922
0.035464615384615386
0.030875076923076922
0.042348923076923076
0.055491692307692304
0.059038153846153844
0.03921969230769231
-0.002086153846153846
-0.018775384615384614
-0.021278769230769233
-0.011473846153846154
-0.004589538461538461
-0.007510153846153846
0.01043076923076923
0.051528
0.08949599999999999
0.10076123076923077
0.08824430769230769
0.05507446153846154
0.028788923076923077
0.018983999999999997
0.01856676923076923
0.011891076923076923
-0.0043809230769230765
0.0014603076923076922
0.014185846153846153
0.04631261538461538
0.0826116923076923
0.07364123076923076
0.03775938461538462
-0.01940123076923077
-0.04860738461538461
-0.042348923076923076
-0.04568676923076923
-0.03129230769230769
-0.027745846153846152
-0.023364923076923075
0.009179076923076922
0.03692492307692308
0.05236246153846154
0.016897846153846156
-0.024199384615384616
-0.044435076923076924
-0.04756430769230769
-0.013768615384615384
-0.0029206153846153843
0.0014603076923076922
-0.008344615384615384
-0.0043809230769230765
0.031918153846153846
0.05382276923076923
0.06028984615384615
0.0077187692307692304
-0.03713353846153846
-0.052153846153846155
-0.047772923076923074
-0.016480615384615385
-0.02023569230769231
-0.016480615384615385
0.009179076923076922
0.05069353846153846
0.09512861538461538
0.092208
0.05194523076923077
-0.015437538461538461
-0.05736923076923077
-0.06383630769230769
-0.06279323076923077
-0.04839876923076923
-0.04839876923076923
-0.03233538461538461
0.002712
0.05048492307692308
0.10117846153846152
0.0880356923076923
0.03379569230769231
-0.03692492307692308
-0.09074769230769231
-0.09471138461538461
-0.07426707692307692
-0.04380923076923077
-0.03400430769230769
-0.014603076923076923
0.03483876923076923
0.06571384615384615
0.065088
0.022530461538461537
-0.03337846153846154
-0.06571384615384615
-0.06696553846153847
-0.033169846153846154
-0.018775384615384614
-0.023990769230769232
-0.011891076923076923
0.0077187692307692304
0.04568676923076923
0.07051199999999999
0.06467076923076923
0.03442153846153846
-0.0014603076923076922
-0.013560000000000001
-0.013142769230769229
-0.004798153846153846
-0.011891076923076923
-0.012516923076923077
-0.004589538461538461
0.018983999999999997
0.06258461538461538
0.05507446153846154
0.022947692307692308
