0.08615815384615384
0.04902461538461538
-0.02044430769230769
-0.09554584615384615
-0.13706030769230768
-0.14081538461538462
-0.10514215384615383
-0.06487938461538462
-0.030875076923076922
-0.0077187692307692304
0.006884307692307692
0.04214030769230769
0.049233230769230765
0.015020307692307692
-0.026285538461538457
-0.06905169230769231
-0.08866153846153846
-0.08010830769230769
-0.046104
0.007301538461538462
0.04318338461538461
0.07802215384615384
0.10660246153846153
0.10848000000000001
0.07739630769230768
0.006675692307692307
-0.043600615384615383
-0.07197230769230768
-0.06341907692307691
-0.029623384615384614
-0.0070929230769230765
0.028371692307692306
0.06133292307692308
0.12245723076923076
0.16501476923076921
0.157296
0.11870215384615385
0.042974769230769226
-0.011056615384615385
-0.03421292307692308
-0.013768615384615384
0.028788923076923077
0.050067692307692306
0.07405846153846153
0.11286092307692308
0.15646153846153846
0.17252492307692308
0.14790830769230767
0.08907876923076924
0.033169846153846154
0.013351384615384614
0.023364923076923075
0.04401784615384615
0.0446436923076923
0.03150092307692308
0.03901107692307692
0.0897046153846154
0.15395815384615386
0.1802436923076923
0.15813046153846153
0.10201292307692307
0.04714707692307692
0.014185846153846153
-0.010639384615384617
-0.025659692307692307
-0.023364923076923075
-0.009804923076923077
0.02858030769230769
0.0828203076923077
0.11974523076923077
0.10243015384615384
0.034630153846153845
-0.035255999999999996
-0.084072
-0.08657538461538461
-0.06216738461538462
-0.04380923076923077
-0.033169846153846154
-0.021696
0.012934153846153845
0.03921969230769231
0.032544
-0.010848
-0.08031692307692308
-0.1136953846153846
-0.09763200000000001
-0.059872615384615385
-0.03713353846153846
-0.042348923076923076
-0.03692492307692308
-0.012308307692307691
0.026494153846153844
0.050067692307692306
0.019609846153846155
-0.03567323076923076
-0.09283384615384616
-0.11494707692307692
-0.10576799999999999
-0.10785415384615385
-0.10639384615384614
-0.10472492307692308
-0.07489292307692308
-0.016480615384615385
0.037967999999999995
0.05653476923076922
0.015646153846153844
-0.03984553846153846
-0.08344615384615384
-0.09408553846153846
-0.09179076923076923
-0.09596307692307693
-0.08469784615384615
-0.059872615384615385
-0.006675692307692307
0.05048492307692308
0.07843938461538462
0.058412307692307694
0.009804923076923077
-0.026494153846153844
-0.042348923076923076
-0.021696
-0.002086153846153846
0.015228923076923076
0.031709538461538456
0.045895384615384616
0.08010830769230769
0.10347323076923076
0.09679753846153846
0.05236246153846154
0.0029206153846153843
-0.010848
-0.0006258461538461538
0.015854769230769228
0.023364923076923075
0.014185846153846153
0.01940123076923077
0.041514461538461535
0.07760492307692309
0.09533723076923077
0.047772923076923074
-0.01814953846153846
-0.06154153846153846
-0.056951999999999996
-0.040262769230769234
-0.0446436923076923
-0.03400430769230769
-0.008761846153846153
0.03421292307692308
0.07906523076923076
0.103056
0.07969107692307692
0.012099692307692308
-0.04756430769230769
-0.07572738461538461
-0.06633969230769231
-0.05757784615384615
-0.058412307692307694
-0.05090215384615384
-0.028788923076923077
0.014603076923076923
0.05277969230769231
0.04714707692307692
-0.015228923076923076
-0.08511507692307693
-0.12266584615384615
-0.11682461538461539
-0.08448923076923077
-0.06467076923076923
-0.06383630769230769
-0.05590892307692308
-0.02023569230769231
0.029206153846153847
0.05590892307692308
0.04526953846153846
0.01043076923076923
-0.02795446153846154
-0.038176615384615385
-0.022530461538461537
0.005424
0.012516923076923077
0.0016689230769230767
0.017940923076923077
0.065088
0.10326461538461539
0.086784
0.03880246153846154
-0.0022947692307692304
-0.021904615384615383
-0.021278769230769233
0.0004172307692307692
0.032544
0.0609156923076923
0.08156861538461539
0.11828492307692307
0.1656406153846154
0.16021661538461537
0.09909230769230769
0.008970461538461538
-0.06154153846153846
-0.09784061538461537
-0.10055261538461538
-0.07155507692307693
-0.051319384615384614
-0.03650769230769231
-0.013142769230769229
0.04109723076923077
0.09554584615384615
0.09554584615384615
0.05924676923076923
0.010848
-0.01668923076923077
-0.022947692307692308
-0.021070153846153846
-0.03692492307692308
-0.07030338461538461
-0.05674338461538461
-0.02357353846153846
0.014603076923076923
0.03275261538461539
-0.008136
-0.027745846153846152
-0.02357353846153846
-0.0014603076923076922
0.03504738461538461
0.05069353846153846
0.04839876923076923
0.02524246153846154
0.03421292307692308
0.05611753846153846
0.06049846153846154
0.03337846153846154
-0.030040615384615384
-0.06884307692307692
-0.08782707692307692
-0.07259815384615384
-0.045060923076923075
-0.046104
-0.03483876923076923
-0.014603076923076923
0.01397723076923077
0.03901107692307692
0.035464615384615386
0.003963692307692307
-0.056326153846153845
