-0.023364923076923075
-0.016480615384615385
-0.0006258461538461538
0.02858030769230769
0.052153846153846155
0.06028984615384615
0.015854769230769228
-0.04902461538461538
-0.11536430769230768
-0.15479261538461536
-0.14978584615384616
-0.14686523076923075
-0.13893784615384613
-0.12955015384615384
-0.09909230769230769
-0.03692492307692308
0.011891076923076923
0.012308307692307691
-0.027328615384615382
-0.06863446153846153
-0.09450276923076922
-0.10138707692307691
-0.08782707692307692
-0.07343261538461537
-0.06738276923076922
-0.04631261538461538
0.004172307692307692
0.06863446153846153
0.08657538461538461
0.056951999999999996
0.033169846153846154
0.02899753846153846
0.02545107692307692
0.025659692307692307
0.03358707692307692
0.03838523076923077
0.04401784615384615
0.05507446153846154
0.09325107692307691
0.11557292307692307
0.08094276923076923
0.013768615384615384
-0.05319692307692307
-0.07030338461538461
-0.03984553846153846
-0.02315630769230769
-0.02482523076923077
-0.015646153846153844
0.0016689230769230767
0.030040615384615384
0.06467076923076923
0.06696553846153847
0.017940923076923077
-0.03838523076923077
-0.04839876923076923
-0.03296123076923077
-0.022530461538461537
-0.017523692307692306
-0.020652923076923076
0.0012516923076923076
0.03609046153846154
0.08031692307692308
0.12204
0.10743692307692307
0.06821723076923077
0.03692492307692308
0.02023569230769231
0.03421292307692308
0.05674338461538461
0.05236246153846154
0.04568676923076923
0.0609156923076923
0.09095630769230768
0.11745046153846153
0.10222153846153846
0.05444861538461539
0.010013538461538461
0.0050067692307692304
0.040054153846153843
0.06300184615384616
0.056326153846153845
0.02211323076923077
0.0008344615384615384
0.013351384615384614
0.035255999999999996
0.04735569230769231
0.02273907692307692
-0.012516923076923077
-0.03337846153846154
-0.025033846153846153
0.012934153846153845
0.04109723076923077
0.03233538461538461
0.0043809230769230765
0.008344615384615384
0.02545107692307692
0.03233538461538461
0.023990769230769232
-0.012099692307692308
-0.045060923076923075
-0.06279323076923077
-0.05403138461538461
-0.016272
-0.010639384615384617
-0.021070153846153846
-0.01668923076923077
0.010848
0.05507446153846154
0.06571384615384615
0.04944184615384615
0.015228923076923076
-0.004589538461538461
0.0077187692307692304
0.021070153846153846
0.024199384615384616
0.006884307692307692
-0.010848
-0.002086153846153846
0.033169846153846154
0.06633969230769231
0.07593599999999999
0.07739630769230768
0.07697907692307693
0.09846646153846153
0.12704676923076924
0.1316363076923077
0.10076123076923077
0.026494153846153844
-0.009596307692307692
0.009179076923076922
0.03233538461538461
0.045895384615384616
0.031918153846153846
0.029206153846153847
0.02858030769230769
0.00855323076923077
0.0043809230769230765
-0.016063384615384615
-0.04839876923076923
-0.06404492307692307
-0.05757784615384615
-0.01856676923076923
0.0029206153846153843
0.0
-0.01940123076923077
-0.05611753846153846
-0.07259815384615384
-0.07697907692307693
-0.08198584615384615
-0.1151556923076923
-0.1506203076923077
-0.14603076923076924
-0.12975876923076923
-0.08156861538461539
-0.03838523076923077
-0.022947692307692308
-0.008344615384615384
0.003755076923076923
0.03984553846153846
0.034630153846153845
-0.02315630769230769
-0.08845292307692308
-0.1316363076923077
-0.10076123076923077
-0.05736923076923077
0.004798153846153846
0.053405538461538456
0.04318338461538461
0.04860738461538461
0.04756430769230769
0.05528307692307692
0.040679999999999994
-0.02899753846153846
-0.073224
-0.0897046153846154
-0.06487938461538462
-0.01710646153846154
0.022947692307692308
0.05590892307692308
0.06216738461538462
0.0678
0.05590892307692308
0.03129230769230769
-0.016063384615384615
-0.0936683076923077
-0.11682461538461539
-0.10347323076923076
-0.05820369230769231
0.003963692307692307
0.04693846153846153
0.086784
0.100344
0.12412615384615384
0.12621230769230768
0.07948246153846153
0.0014603076923076922
-0.0826116923076923
-0.09909230769230769
-0.06341907692307691
0.003755076923076923
0.06800861538461538
0.103056
0.12829846153846153
0.13226215384615383
0.1151556923076923
0.06300184615384616
-0.014394461538461538
-0.08386338461538462
-0.12621230769230768
-0.10055261538461538
-0.02899753846153846
0.04839876923076923
0.10138707692307691
0.12496061538461539
0.15145476923076923
0.15354092307692307
0.1289243076923077
0.065088
-0.024408000000000003
-0.0853236923076923
-0.10535076923076922
-0.05298830769230769
0.009804923076923077
0.055491692307692304
0.11014892307692307
0.1435273846153846
0.17273353846153844
0.1612596923076923
0.11828492307692307
0.05048492307692308
-0.04276615384615385
-0.078648
-0.073224
-0.015020307692307692
0.04965046153846154
0.07948246153846153
0.10618523076923077
0.10868861538461538
0.11849353846153846
0.10430769230769231
0.037967999999999995
-0.03713353846153846
-0.09846646153846153
-0.11265230769230769
