0.21821169230769227
0.1733593846153846
0.09846646153846153
0.030875076923076922
0.011056615384615385
0.0446436923076923
0.06341907692307691
0.058412307692307694
0.040262769230769234
0.03755076923076923
0.05674338461538461
0.06258461538461538
0.03755076923076923
-0.019192615384615384
-0.07218092307692307
-0.09304246153846155
-0.08720123076923077
-0.06946892307692307
-0.06049846153846154
-0.059872615384615385
-0.05236246153846154
-0.020652923076923076
0.01940123076923077
0.017940923076923077
-0.03045784615384615
-0.10076123076923077
-0.1462393846153846
-0.15124615384615384
-0.13080184615384613
-0.0934596923076923
-0.059872615384615385
-0.02211323076923077
0.015646153846153844
0.06362769230769232
0.09533723076923077
0.06821723076923077
0.010848
-0.051319384615384614
-0.07197230769230768
-0.05507446153846154
-0.03650769230769231
-0.016063384615384615
-0.006049846153846154
0.01397723076923077
0.041514461538461535
0.06800861538461538
0.09137353846153846
0.056326153846153845
-0.008970461538461538
-0.05507446153846154
-0.06425353846153846
-0.04714707692307692
-0.04902461538461538
-0.04214030769230769
0.0016689230769230767
0.04318338461538461
0.07614461538461538
0.09575446153846154
0.08094276923076923
0.043600615384615383
-0.016272
-0.04130584615384615
-0.02482523076923077
-0.01668923076923077
-0.0077187692307692304
-0.0014603076923076922
0.02482523076923077
0.05528307692307692
0.08636676923076922
0.116616
0.10263876923076923
0.06946892307692307
0.033169846153846154
0.023990769230769232
0.023990769230769232
0.003755076923076923
-0.010848
-0.027745846153846152
-0.015854769230769228
0.006884307692307692
0.009179076923076922
-0.020027076923076922
-0.0744756923076923
-0.09992676923076924
-0.09930092307692308
-0.0826116923076923
-0.07218092307692307
-0.06362769230769232
-0.04902461538461538
-0.025659692307692307
0.012099692307692308
0.02858030769230769
0.018983999999999997
-0.016063384615384615
-0.061124307692307686
-0.07843938461538462
-0.07113784615384615
-0.06049846153846154
-0.061124307692307686
-0.07572738461538461
-0.0771876923076923
-0.047772923076923074
-0.0006258461538461538
0.018775384615384614
0.004589538461538461
-0.013142769230769229
-0.019192615384615384
-0.014603076923076923
-0.006467076923076923
0.0002086153846153846
-0.003963692307692307
-0.006049846153846154
0.012308307692307691
0.05236246153846154
0.07885661538461539
0.056951999999999996
0.012308307692307691
-0.016272
-0.03024923076923077
-0.025659692307692307
-0.0077187692307692304
0.0033378461538461535
0.003129230769230769
-0.0014603076923076922
0.02357353846153846
0.06195876923076923
0.07051199999999999
0.04693846153846153
0.024408000000000003
0.02858030769230769
0.056326153846153845
0.08991323076923076
0.09450276923076922
0.07030338461538461
0.037342153846153844
0.03275261538461539
0.06049846153846154
0.08073415384615384
0.07489292307692308
0.053614153846153846
0.03921969230769231
0.042974769230769226
0.046104
0.03713353846153846
0.021904615384615383
-0.005632615384615384
-0.015854769230769228
-0.0002086153846153846
0.043600615384615383
0.07489292307692308
0.05090215384615384
0.030040615384615384
0.026911384615384615
0.03045784615384615
0.028371692307692306
-0.0043809230769230765
-0.048816000000000005
-0.08240307692307691
-0.07551876923076924
-0.04109723076923077
-0.02524246153846154
-0.022947692307692308
-0.026702769230769228
-0.016897846153846156
0.012308307692307691
0.050067692307692306
0.06529661538461538
0.027745846153846152
-0.017315076923076923
-0.03692492307692308
-0.026285538461538457
-0.0014603076923076922
0.018775384615384614
0.03609046153846154
0.03859384615384615
0.04714707692307692
0.06717415384615384
0.06738276923076922
0.04631261538461538
-0.010013538461538461
-0.05173661538461538
-0.040679999999999994
-0.027745846153846152
0.001043076923076923
0.027328615384615382
0.045895384615384616
0.061124307692307686
0.05048492307692308
0.04568676923076923
0.016063384615384615
-0.03838523076923077
-0.09033046153846153
-0.1136953846153846
-0.0880356923076923
-0.05653476923076922
-0.012308307692307691
0.01668923076923077
0.04109723076923077
0.09471138461538461
0.12391753846153845
0.13643446153846153
0.1028473846153846
0.04047138461538462
-0.0002086153846153846
-0.01272553846153846
0.024408000000000003
0.054657230769230764
0.06592246153846154
0.0771876923076923
0.09158215384615384
0.10806276923076923
0.0853236923076923
0.03150092307692308
-0.03692492307692308
-0.10222153846153846
-0.10785415384615385
-0.07593599999999999
-0.029832
0.007510153846153846
0.012308307692307691
0.040054153846153843
0.06425353846153846
0.06070707692307692
0.02232184615384615
-0.053405538461538456
-0.11432123076923076
-0.14311015384615386
-0.11828492307692307
-0.06592246153846154
-0.011265230769230769
0.041514461538461535
0.078648
0.10159569230769232
0.10618523076923077
0.0880356923076923
0.022530461538461537
-0.055491692307692304
-0.11327815384615383
-0.12558646153846154
-0.07030338461538461
0.009387692307692307
0.08761846153846153
0.12329169230769231
0.13393107692307693
