0.0016689230769230767
0.021070153846153846
0.03755076923076923
0.013560000000000001
-0.04526953846153846
-0.10430769230769231
-0.13267938461538462
-0.12350030769230769
-0.07468430769230769
-0.023782153846153845
0.0025033846153846152
0.020652923076923076
0.05090215384615384
0.0853236923076923
0.08198584615384615
0.027328615384615382
-0.03400430769230769
-0.06675692307692307
-0.05924676923076923
-0.03421292307692308
-0.02044430769230769
0.0022947692307692304
0.014603076923076923
0.03588184615384615
0.08240307692307691
0.09930092307692308
0.09304246153846155
0.042557538461538466
-0.010848
-0.03233538461538461
-0.04422646153846154
-0.03567323076923076
-0.03629907692307692
-0.02357353846153846
-0.006467076923076923
0.020652923076923076
0.05799507692307692
0.06571384615384615
0.04526953846153846
0.0016689230769230767
-0.017523692307692306
-0.02482523076923077
-0.01981846153846154
0.003129230769230769
0.011473846153846154
0.017940923076923077
0.04965046153846154
0.10201292307692307
0.13518276923076925
0.11035753846153845
0.05590892307692308
0.005424
-0.03212676923076923
-0.017940923076923077
-0.002712
0.006049846153846154
0.027328615384615382
0.04693846153846153
0.08782707692307692
0.1178676923076923
0.12016246153846154
0.09137353846153846
0.06070707692307692
0.05048492307692308
0.05277969230769231
0.06362769230769232
0.05528307692307692
0.035464615384615386
0.034630153846153845
0.05277969230769231
0.06884307692307692
0.07531015384615385
0.048816000000000005
0.006675692307692307
-0.012308307692307691
-0.0006258461538461538
0.019609846153846155
0.011682461538461537
0.015020307692307692
0.029414769230769227
0.059664
0.10910584615384614
0.14394461538461537
0.14123261538461537
0.0853236923076923
0.03859384615384615
0.020027076923076922
0.004172307692307692
0.0006258461538461538
0.0012516923076923076
-0.017940923076923077
-0.02524246153846154
0.0002086153846153846
0.034630153846153845
0.05048492307692308
0.02273907692307692
-0.01814953846153846
-0.03755076923076923
-0.02753723076923077
0.003755076923076923
0.01940123076923077
0.0016689230769230767
-0.012934153846153845
0.006258461538461538
0.03942830769230769
0.06425353846153846
0.053405538461538456
-0.005632615384615384
-0.08010830769230769
-0.116616
-0.09554584615384615
-0.06550523076923077
-0.05924676923076923
-0.04985907692307692
-0.013768615384615384
0.029832
0.07885661538461539
0.100344
0.07155507692307693
0.02211323076923077
-0.009179076923076922
-0.002086153846153846
0.008761846153846153
0.0008344615384615384
-0.027120000000000002
-0.033169846153846154
-0.010013538461538461
0.03588184615384615
0.06800861538461538
0.04568676923076923
0.012934153846153845
-0.02232184615384615
-0.04401784615384615
-0.03629907692307692
-0.01814953846153846
-0.006675692307692307
-0.013768615384615384
-0.0035464615384615383
0.051528
0.084072
0.054657230769230764
-0.0022947692307692304
-0.05298830769230769
-0.06675692307692307
-0.06300184615384616
-0.045895384615384616
-0.02482523076923077
-0.016480615384615385
0.007301538461538462
0.04965046153846154
0.0897046153846154
0.09095630769230768
0.06487938461538462
0.03108369230769231
-0.0035464615384615383
-0.014394461538461538
-0.019192615384615384
-0.021904615384615383
-0.029623384615384614
-0.03921969230769231
-0.02795446153846154
0.0012516923076923076
0.023990769230769232
0.011682461538461537
-0.02273907692307692
-0.062376
-0.07259815384615384
-0.03713353846153846
-0.02023569230769231
-0.035464615384615386
-0.05444861538461539
-0.06571384615384615
-0.03066646153846154
0.015854769230769228
0.01397723076923077
-0.02232184615384615
-0.058412307692307694
-0.06654830769230768
-0.04819015384615385
-0.010222153846153844
0.013560000000000001
0.008344615384615384
0.002086153846153846
0.021696
0.058412307692307694
0.07426707692307692
0.06905169230769231
0.04109723076923077
0.008761846153846153
0.005215384615384615
0.030040615384615384
0.03024923076923077
-0.0022947692307692304
-0.02044430769230769
-0.01668923076923077
0.0070929230769230765
0.045895384615384616
0.06258461538461538
0.033169846153846154
-0.0077187692307692304
-0.02586830769230769
0.005215384615384615
0.03337846153846154
0.029206153846153847
0.01940123076923077
0.014185846153846153
0.03045784615384615
0.04839876923076923
0.05674338461538461
0.02273907692307692
-0.031918153846153846
-0.05111076923076923
-0.02273907692307692
0.037342153846153844
0.06821723076923077
0.06571384615384615
0.04714707692307692
0.03838523076923077
0.06216738461538462
0.09512861538461538
0.10618523076923077
0.08094276923076923
0.051319384615384614
0.044435076923076924
0.06863446153846153
0.08386338461538462
0.05277969230769231
-0.005215384615384615
-0.041514461538461535
-0.040054153846153843
-0.03045784615384615
-0.015228923076923076
0.007301538461538462
0.01981846153846154
0.0029206153846153843
0.002086153846153846
0.018775384615384614
0.01668923076923077
-0.017315076923076923
-0.05924676923076923
-0.06821723076923077
-0.06633969230769231
-0.040054153846153843
-0.02753723076923077
