-0.029414769230769227
-0.07364123076923076
-0.06821723076923077
-0.05382276923076923
-0.03024923076923077
-0.01814953846153846
0.0014603076923076922
0.03671630769230769
0.06446215384615385
0.06738276923076922
0.013560000000000001
-0.051528
-0.10347323076923076
-0.13226215384615383
-0.12287446153846153
-0.10493353846153847
-0.09095630769230768
-0.08344615384615384
-0.05444861538461539
-0.0029206153846153843
0.026285538461538457
0.021278769230769233
-0.012934153846153845
-0.04193169230769231
-0.04902461538461538
-0.04172307692307692
-0.023990769230769232
-0.024408000000000003
-0.031918153846153846
-0.03609046153846154
-0.023782153846153845
0.008136
0.023782153846153845
0.011265230769230769
-0.012934153846153845
-0.02545107692307692
-0.012308307692307691
0.021070153846153846
0.03755076923076923
0.02899753846153846
0.013768615384615384
0.013560000000000001
0.04756430769230769
0.07635323076923077
0.06613107692307692
0.04193169230769231
0.02211323076923077
-0.0004172307692307692
-0.011265230769230769
-0.016897846153846156
-0.04422646153846154
-0.07760492307692309
-0.07301538461538462
-0.03713353846153846
-0.009179076923076922
0.0022947692307692304
0.0
0.005632615384615384
0.025659692307692307
0.041514461538461535
0.04819015384615385
0.027120000000000002
-0.03108369230769231
-0.07697907692307693
-0.08761846153846153
-0.0744756923076923
-0.05194523076923077
-0.03775938461538462
-0.03504738461538461
-0.02858030769230769
0.002086153846153846
0.02795446153846154
0.03838523076923077
0.017315076923076923
-0.027328615384615382
-0.04860738461538461
-0.04088861538461538
-0.013142769230769229
-0.0070929230769230765
-0.031709538461538456
-0.04839876923076923
-0.03337846153846154
-0.003963692307692307
0.01981846153846154
0.03066646153846154
0.0014603076923076922
-0.015646153846153844
0.0
0.018775384615384614
0.03692492307692308
0.04401784615384615
0.06446215384615385
0.08907876923076924
0.12120553846153845
0.16605784615384614
0.17481969230769231
0.127464
0.06946892307692307
0.03650769230769231
0.029414769230769227
0.052571076923076915
0.073224
0.09283384615384616
0.11202646153846153
0.13226215384615383
0.16856123076923077
0.17669723076923077
0.1395636923076923
0.0771876923076923
0.015020307692307692
-0.01668923076923077
-0.0043809230769230765
0.022530461538461537
0.04547815384615384
0.06341907692307691
0.07927384615384615
0.11286092307692308
0.1287156923076923
0.09241661538461539
0.018983999999999997
-0.06279323076923077
-0.09533723076923077
-0.07739630769230768
-0.05611753846153846
-0.02545107692307692
0.0043809230769230765
0.03045784615384615
0.07030338461538461
0.10138707692307691
0.11056615384615384
0.08386338461538462
0.02586830769230769
-0.024199384615384616
-0.05298830769230769
-0.06800861538461538
-0.056951999999999996
-0.018775384615384614
0.0050067692307692304
0.034630153846153845
0.08720123076923077
0.11390399999999999
0.08720123076923077
0.01856676923076923
-0.05194523076923077
-0.10263876923076923
-0.12141415384615384
-0.0963803076923077
-0.04401784615384615
0.0
0.04526953846153846
0.0974233846153846
0.12266584615384615
0.09158215384615384
0.016063384615384615
-0.061750153846153844
-0.11724184615384614
-0.10743692307692307
-0.06258461538461538
-0.0050067692307692304
0.054240000000000003
0.07656184615384615
0.10493353846153847
0.13309661538461537
0.1424843076923077
0.10910584615384614
0.034630153846153845
-0.03921969230769231
-0.06905169230769231
-0.04172307692307692
0.0029206153846153843
0.06404492307692307
0.1178676923076923
0.16251138461538459
0.19609846153846153
0.19735015384615384
0.16042523076923076
0.09033046153846153
0.012934153846153845
-0.029623384615384614
-0.017523692307692306
0.02044430769230769
0.07510153846153846
0.12204
0.14957723076923077
0.17628
0.19755876923076923
0.18379015384615385
0.116616
0.02899753846153846
-0.03629907692307692
-0.04860738461538461
-0.0043809230769230765
0.07468430769230769
0.14853415384615384
0.19004861538461537
0.2090326153846154
0.22467876923076924
0.20632061538461538
0.13372246153846154
0.02524246153846154
-0.07885661538461539
-0.13476553846153844
-0.13935507692307691
-0.08219446153846154
-0.023990769230769232
0.025033846153846153
0.08031692307692308
0.10931446153846153
0.1151556923076923
0.08490646153846154
0.01814953846153846
-0.08699261538461538
-0.1666836923076923
-0.18316430769230768
-0.15792184615384616
-0.11891076923076922
-0.08949599999999999
-0.05507446153846154
-0.019192615384615384
0.02524246153846154
0.03379569230769231
-0.01397723076923077
-0.0828203076923077
-0.14686523076923075
-0.16605784615384614
-0.14540492307692307
-0.09930092307692308
-0.03588184615384615
0.014394461538461538
0.053614153846153846
0.08323753846153846
0.10138707692307691
0.08386338461538462
0.010639384615384617
-0.056951999999999996
-0.0961716923076923
-0.11014892307692307
-0.07614461538461538
-0.03337846153846154
0.0033378461538461535
0.04631261538461538
0.0855323076923077
0.12454338461538461
0.12141415384615384
