0.047772923076923074
0.0988836923076923
0.1397723076923077
0.14978584615384616
0.1395636923076923
0.06550523076923077
-0.024199384615384616
-0.09137353846153846
-0.11891076923076922
-0.07802215384615384
-0.03692492307692308
0.006049846153846154
0.04109723076923077
0.06300184615384616
0.09971815384615385
0.1178676923076923
0.10535076923076922
0.05382276923076923
-0.014185846153846153
-0.05236246153846154
-0.04819015384615385
-0.006675692307692307
0.04172307692307692
0.07405846153846153
0.11181784615384616
0.15228923076923076
0.1804523076923077
0.18086953846153844
0.12433476923076923
0.047981538461538464
-0.015437538461538461
-0.025659692307692307
0.022530461538461537
0.07113784615384615
0.09784061538461537
0.1045163076923077
0.119328
0.14102399999999998
0.1543753846153846
0.1368516923076923
0.06988615384615385
0.005215384615384615
-0.021487384615384613
-0.017523692307692306
0.015020307692307692
0.04860738461538461
0.07113784615384615
0.0826116923076923
0.08824430769230769
0.09450276923076922
0.06279323076923077
-0.0077187692307692304
-0.08761846153846153
-0.14206707692307693
-0.13643446153846153
-0.09950953846153845
-0.044435076923076924
0.014603076923076923
0.03629907692307692
0.04839876923076923
0.05528307692307692
0.046104
0.015854769230769228
-0.047981538461538464
-0.08740984615384616
-0.08031692307692308
-0.052571076923076915
-0.02357353846153846
-0.01043076923076923
0.0008344615384615384
0.021070153846153846
0.06070707692307692
0.09763200000000001
0.09387692307692307
0.05736923076923077
0.0006258461538461538
-0.03713353846153846
-0.03609046153846154
-0.01397723076923077
0.021070153846153846
0.03421292307692308
0.031918153846153846
0.046104
0.0678
0.07343261538461537
0.04401784615384615
-0.0025033846153846152
-0.03379569230769231
-0.03379569230769231
-0.015020307692307692
0.004798153846153846
0.018983999999999997
0.018983999999999997
0.03066646153846154
0.065088
0.09033046153846153
0.08386338461538462
0.05111076923076923
0.017940923076923077
-0.008136
-0.01043076923076923
0.003963692307692307
0.01814953846153846
0.031918153846153846
0.04693846153846153
0.078648
0.1045163076923077
0.11599015384615384
0.09241661538461539
0.047772923076923074
0.02211323076923077
0.004798153846153846
0.011265230769230769
0.0018775384615384615
-0.01940123076923077
-0.02482523076923077
-0.010013538461538461
0.045060923076923075
0.08949599999999999
0.09450276923076922
0.06487938461538462
0.03296123076923077
0.022947692307692308
0.032544
0.04965046153846154
0.04714707692307692
0.04172307692307692
0.059664
0.10076123076923077
0.13309661538461537
0.12558646153846154
0.07885661538461539
0.007510153846153846
-0.04193169230769231
-0.04985907692307692
-0.03129230769230769
-0.008970461538461538
-0.006675692307692307
0.006675692307692307
0.040679999999999994
0.07823076923076923
0.11578153846153846
0.10785415384615385
0.05403138461538461
0.0002086153846153846
-0.03045784615384615
-0.026702769230769228
-0.03024923076923077
-0.05444861538461539
-0.06529661538461538
-0.05048492307692308
-0.001043076923076923
0.047772923076923074
0.05799507692307692
0.018775384615384614
-0.04109723076923077
-0.07051199999999999
-0.06717415384615384
-0.03150092307692308
-0.012516923076923077
-0.014603076923076923
0.003129230769230769
0.03337846153846154
0.07593599999999999
0.08907876923076924
0.06821723076923077
0.03337846153846154
-0.013768615384615384
-0.042348923076923076
-0.04422646153846154
-0.04109723076923077
-0.03921969230769231
-0.029414769230769227
0.0029206153846153843
0.05486584615384615
0.09554584615384615
0.09971815384615385
0.05924676923076923
0.0022947692307692304
-0.03129230769230769
-0.02482523076923077
-0.003963692307692307
-0.004798153846153846
-0.021696
-0.023364923076923075
-0.0070929230769230765
0.014394461538461538
0.03567323076923076
0.025033846153846153
-0.00855323076923077
-0.030040615384615384
-0.029832
-0.016063384615384615
-0.015854769230769228
-0.021070153846153846
-0.010848
0.0070929230769230765
0.03650769230769231
0.065088
0.06195876923076923
0.02357353846153846
-0.013768615384615384
-0.03650769230769231
-0.051319384615384614
-0.042348923076923076
-0.04172307692307692
-0.04401784615384615
-0.025659692307692307
0.006884307692307692
0.03692492307692308
0.023782153846153845
-0.016272
-0.054657230769230764
-0.06633969230769231
-0.040679999999999994
-0.006884307692307692
0.01981846153846154
0.022530461538461537
0.010013538461538461
0.02023569230769231
0.040054153846153843
0.037967999999999995
-0.010013538461538461
-0.07405846153846153
-0.11390399999999999
-0.119328
-0.08344615384615384
-0.059872615384615385
-0.052153846153846155
-0.05298830769230769
-0.04819015384615385
-0.0002086153846153846
0.026494153846153844
0.021278769230769233
0.0018775384615384615
-0.03045784615384615
-0.02524246153846154
0.008970461538461538
0.03442153846153846
0.031709538461538456
-0.01272553846153846
-0.05611753846153846
-0.06863446153846153
-0.058829538461538454
