0.06967753846153846
0.01272553846153846
-0.03296123076923077
-0.05069353846153846
-0.04631261538461538
-0.03400430769230769
-0.03296123076923077
-0.046104
-0.037967999999999995
-0.0016689230769230767
0.03984553846153846
0.04756430769230769
0.022947692307692308
-0.010639384615384617
-0.04088861538461538
-0.03379569230769231
-0.02586830769230769
-0.03108369230769231
-0.04756430769230769
-0.06321046153846153
-0.040679999999999994
-0.010639384615384617
0.011891076923076923
0.005215384615384615
-0.032544
-0.06884307692307692
-0.07823076923076923
-0.05194523076923077
-0.03233538461538461
-0.03650769230769231
-0.040679999999999994
-0.026494153846153844
0.006049846153846154
0.040262769230769234
0.04547815384615384
0.01668923076923077
-0.019192615384615384
-0.04130584615384615
-0.021904615384615383
0.0022947692307692304
-0.005841230769230769
-0.003129230769230769
0.009387692307692307
0.03650769230769231
0.07614461538461538
0.07572738461538461
0.030875076923076922
-0.03609046153846154
-0.08344615384615384
-0.07426707692307692
-0.03233538461538461
0.0029206153846153843
0.015437538461538461
-0.003963692307692307
-0.018358153846153843
0.0035464615384615383
0.019609846153846155
-0.0002086153846153846
-0.04735569230769231
-0.08866153846153846
-0.09575446153846154
-0.06571384615384615
-0.025659692307692307
-0.0002086153846153846
0.006675692307692307
0.011891076923076923
0.042974769230769226
0.07843938461538462
0.0880356923076923
0.04652123076923077
-0.021696
-0.06279323076923077
-0.06633969230769231
-0.02273907692307692
0.019192615384615384
0.02858030769230769
0.02211323076923077
0.021278769230769233
0.03609046153846154
0.042974769230769226
0.027745846153846152
-0.02273907692307692
-0.058829538461538454
-0.06362769230769232
-0.037967999999999995
0.009596307692307692
0.02357353846153846
0.02211323076923077
0.028163076923076923
0.043600615384615383
0.05653476923076922
0.0446436923076923
-0.003963692307692307
-0.07092923076923077
-0.119328
-0.11140061538461538
-0.06654830769230768
-0.03609046153846154
-0.028371692307692306
-0.03212676923076923
-0.015646153846153844
0.015854769230769228
0.04109723076923077
0.03400430769230769
-0.014185846153846153
-0.05298830769230769
-0.05820369230769231
-0.05277969230769231
-0.05820369230769231
-0.08782707692307692
-0.12433476923076923
-0.14603076923076924
-0.1368516923076923
-0.08073415384615384
-0.022530461538461537
-0.005424
-0.0008344615384615384
0.008136
0.029623384615384614
0.06133292307692308
0.07134646153846153
0.05027630769230769
0.015854769230769228
-0.005424
-0.009804923076923077
-0.003129230769230769
-0.004589538461538461
-0.008136
0.0025033846153846152
0.026285538461538457
0.08135999999999999
0.12308307692307692
0.11953661538461538
0.09408553846153846
0.07030338461538461
0.06321046153846153
0.07343261538461537
0.08657538461538461
0.08323753846153846
0.07969107692307692
0.08135999999999999
0.09784061538461537
0.10889723076923077
0.08490646153846154
0.035464615384615386
-0.025659692307692307
-0.06133292307692308
-0.06028984615384615
-0.03421292307692308
-0.006467076923076923
0.019609846153846155
0.046104
0.061750153846153844
0.06988615384615385
0.04965046153846154
0.0025033846153846152
-0.054240000000000003
-0.084072
-0.06863446153846153
-0.04088861538461538
-0.0033378461538461535
0.00855323076923077
-0.0002086153846153846
0.015646153846153844
0.030875076923076922
0.03984553846153846
0.009179076923076922
-0.03859384615384615
-0.059664
-0.07697907692307693
-0.05799507692307692
-0.028163076923076923
0.0016689230769230767
0.02482523076923077
0.040262769230769234
0.09053907692307692
0.10138707692307691
0.06613107692307692
0.004798153846153846
-0.08866153846153846
-0.1476996923076923
-0.15938215384615384
-0.12308307692307692
-0.07343261538461537
-0.026285538461538457
0.042974769230769226
0.09533723076923077
0.12579507692307693
0.09325107692307691
-0.0014603076923076922
-0.09471138461538461
-0.157296
-0.14164984615384615
-0.09262523076923077
-0.023364923076923075
0.056951999999999996
0.09825784615384614
0.138312
0.16188553846153847
0.16480615384615382
0.1218313846153846
0.030040615384615384
-0.03588184615384615
-0.06967753846153846
-0.04839876923076923
-0.0014603076923076922
0.05048492307692308
0.11286092307692308
0.15208061538461537
0.20193969230769232
0.22405292307692307
0.1858763076923077
0.11557292307692307
0.027745846153846152
-0.021696
-0.03629907692307692
-0.0050067692307692304
0.04693846153846153
0.08219446153846154
0.11891076923076922
0.14916
0.18858830769230767
0.17961784615384613
0.12370892307692308
0.03713353846153846
-0.06675692307692307
-0.10243015384615384
-0.07969107692307692
-0.016063384615384615
0.06216738461538462
0.13601723076923075
0.19463815384615382
0.21195323076923075
0.19192615384615386
0.1287156923076923
0.03650769230769231
-0.05674338461538461
-0.10952307692307692
-0.09825784615384614
-0.055491692307692304
0.003129230769230769
0.06154153846153846
0.09116492307692307
0.0988836923076923
