0.08135999999999999
0.11286092307692308
0.11411261538461538
0.08386338461538462
0.03755076923076923
0.004172307692307692
0.01043076923076923
0.0014603076923076922
-0.008970461538461538
-0.017732307692307693
-0.010848
0.015646153846153844
0.03421292307692308
0.04819015384615385
0.013560000000000001
-0.02795446153846154
-0.04672984615384615
-0.06028984615384615
-0.05090215384615384
-0.0446436923076923
-0.027745846153846152
-0.0018775384615384615
0.027745846153846152
0.06216738461538462
0.05945538461538461
0.013560000000000001
-0.07030338461538461
-0.14811692307692306
-0.16835261538461538
-0.16271999999999998
-0.13038461538461538
-0.07343261538461537
-0.03150092307692308
0.011265230769230769
0.05236246153846154
0.07468430769230769
0.061750153846153844
0.013351384615384614
-0.04088861538461538
-0.07635323076923077
-0.09930092307692308
-0.11327815384615383
-0.1097316923076923
-0.10722830769230769
-0.07426707692307692
-0.00855323076923077
0.05486584615384615
0.08010830769230769
0.03755076923076923
-0.028163076923076923
-0.09116492307692307
-0.11181784615384616
-0.10722830769230769
-0.10806276923076923
-0.092208
-0.06738276923076922
-0.01272553846153846
0.06070707692307692
0.12141415384615384
0.12642092307692307
0.0826116923076923
0.03045784615384615
-0.004798153846153846
-0.003963692307692307
-0.0022947692307692304
0.006049846153846154
0.03024923076923077
0.06028984615384615
0.10013538461538461
0.14519630769230768
0.16710092307692306
0.13643446153846153
0.08949599999999999
0.06195876923076923
0.05236246153846154
0.06049846153846154
0.05611753846153846
0.043392
0.04380923076923077
0.06571384615384615
0.12642092307692307
0.1558356923076923
0.12913292307692306
0.08177723076923075
0.024199384615384616
-0.016063384615384615
-0.03775938461538462
-0.03942830769230769
-0.029623384615384614
-0.022530461538461537
0.01397723076923077
0.07760492307692309
0.13038461538461538
0.14394461538461537
0.11035753846153845
0.05653476923076922
0.012934153846153845
0.002086153846153846
0.005215384615384615
-0.007510153846153846
-0.02545107692307692
-0.02044430769230769
0.011891076923076923
0.04652123076923077
0.06967753846153846
0.051528
0.004798153846153846
-0.031709538461538456
-0.0446436923076923
-0.02357353846153846
-0.021070153846153846
-0.023364923076923075
-0.011265230769230769
0.0008344615384615384
0.047772923076923074
0.086784
0.08866153846153846
0.04547815384615384
-0.029832
-0.06759138461538462
-0.07843938461538462
-0.07593599999999999
-0.07927384615384615
-0.08135999999999999
-0.047772923076923074
-0.002086153846153846
0.05611753846153846
0.07489292307692308
0.05048492307692308
0.022947692307692308
-0.0070929230769230765
0.0018775384615384615
0.019609846153846155
0.021070153846153846
0.009804923076923077
-0.0014603076923076922
0.03212676923076923
0.07364123076923076
0.0963803076923077
0.09533723076923077
0.06529661538461538
0.034630153846153845
0.0070929230769230765
0.012099692307692308
0.030875076923076922
0.03275261538461539
0.04819015384615385
0.06362769230769232
0.11265230769230769
0.16856123076923077
0.17711446153846155
0.13622584615384614
0.05319692307692307
0.03045784615384615
0.04380923076923077
0.06049846153846154
0.06759138461538462
0.035464615384615386
0.027745846153846152
0.04088861538461538
0.0771876923076923
0.09471138461538461
0.0826116923076923
0.07510153846153846
0.04693846153846153
0.03713353846153846
0.03942830769230769
0.03421292307692308
0.024616615384615383
0.0050067692307692304
0.005632615384615384
0.03296123076923077
0.07051199999999999
0.07760492307692309
0.054657230769230764
0.01814953846153846
-0.022947692307692308
-0.026494153846153844
-0.012308307692307691
-0.015646153846153844
-0.03609046153846154
-0.051319384615384614
-0.03337846153846154
-0.0012516923076923076
0.010639384615384617
-0.023990769230769232
-0.07593599999999999
-0.10430769230769231
-0.10639384615384614
-0.07238953846153846
-0.05611753846153846
-0.05820369230769231
-0.07364123076923076
-0.09784061538461537
-0.07280676923076923
-0.05048492307692308
-0.042557538461538466
-0.06633969230769231
-0.10389046153846154
-0.111192
-0.09533723076923077
-0.035464615384615386
-0.006258461538461538
-0.019192615384615384
-0.011265230769230769
0.008344615384615384
0.03775938461538462
0.035464615384615386
-0.005215384615384615
-0.028163076923076923
-0.037967999999999995
-0.021487384615384613
0.0014603076923076922
-0.0029206153846153843
-0.03650769230769231
-0.07823076923076923
-0.07802215384615384
-0.05298830769230769
-0.006049846153846154
0.02273907692307692
0.012308307692307691
0.0077187692307692304
0.0014603076923076922
0.02586830769230769
0.038176615384615385
0.010848
-0.009179076923076922
-0.04109723076923077
-0.028371692307692306
0.00855323076923077
0.03984553846153846
0.078648
0.084072
0.09992676923076924
0.11452984615384615
0.1178676923076923
0.10117846153846152
0.03901107692307692
0.0014603076923076922
-0.009179076923076922
0.005424
0.02899753846153846
0.03838523076923077
0.06028984615384615
