-0.03045784615384615
0.0029206153846153843
0.02524246153846154
0.045895384615384616
0.048816000000000005
0.04401784615384615
0.051319384615384614
0.03859384615384615
0.04401784615384615
0.022947692307692308
-0.02586830769230769
-0.04839876923076923
-0.040054153846153843
0.009804923076923077
0.043600615384615383
0.05736923076923077
0.05757784615384615
0.04819015384615385
0.05570030769230769
0.05319692307692307
0.03775938461538462
-0.015020307692307692
-0.07906523076923076
-0.10159569230769232
-0.09679753846153846
-0.06154153846153846
-0.03921969230769231
-0.028371692307692306
-0.014185846153846153
-0.013142769230769229
0.0016689230769230767
-0.0077187692307692304
-0.03066646153846154
-0.06321046153846153
-0.09679753846153846
-0.07551876923076924
-0.03713353846153846
0.0016689230769230767
0.025033846153846153
0.03567323076923076
0.04693846153846153
0.05611753846153846
0.05674338461538461
0.011473846153846154
-0.04714707692307692
-0.11140061538461538
-0.1502030769230769
-0.11202646153846153
-0.06487938461538462
-0.021487384615384613
0.01043076923076923
0.03337846153846154
0.07218092307692307
0.07677046153846154
0.054240000000000003
-0.002086153846153846
-0.07259815384615384
-0.1218313846153846
-0.12245723076923076
-0.06028984615384615
0.0002086153846153846
0.058829538461538454
0.09658892307692307
0.12204
0.1502030769230769
0.14164984615384615
0.10368184615384615
0.028788923076923077
-0.031709538461538456
-0.04902461538461538
-0.03150092307692308
0.03901107692307692
0.10117846153846152
0.15500123076923078
0.17628
0.15959076923076923
0.16438892307692307
0.116616
0.04714707692307692
-0.029623384615384614
-0.09095630769230768
-0.05924676923076923
-0.017940923076923077
0.059664
0.1289243076923077
0.15395815384615386
0.1860849230769231
0.16605784615384614
0.13101046153846155
0.051319384615384614
-0.0448523076923077
-0.10597661538461538
-0.13852061538461538
-0.0988836923076923
-0.053614153846153846
0.0014603076923076922
0.04547815384615384
0.06446215384615385
0.08574092307692306
0.06487938461538462
0.02273907692307692
-0.040054153846153843
-0.09679753846153846
-0.11995384615384615
-0.11077476923076923
-0.05048492307692308
0.004589538461538461
0.042557538461538466
0.06863446153846153
0.073224
0.07301538461538462
0.01814953846153846
-0.07092923076923077
-0.16042523076923076
-0.22843384615384613
-0.22697353846153845
-0.18337292307692307
-0.11745046153846153
-0.06571384615384615
-0.026702769230769228
0.014185846153846153
0.026076923076923077
0.013351384615384614
-0.03671630769230769
-0.10555938461538462
-0.16271999999999998
-0.18963138461538462
-0.17002153846153847
-0.12350030769230769
-0.06279323076923077
-0.015228923076923076
0.018775384615384614
0.04714707692307692
0.05820369230769231
0.05570030769230769
0.015437538461538461
-0.04172307692307692
-0.06404492307692307
-0.04735569230769231
0.004589538461538461
0.059872615384615385
0.10076123076923077
0.13455692307692307
0.14999446153846155
0.15687876923076924
0.13747753846153846
0.073224
-0.0002086153846153846
-0.065088
-0.07259815384615384
-0.02211323076923077
0.030875076923076922
0.08845292307692308
0.13351384615384615
0.17148184615384612
0.21633415384615384
0.2371956923076923
0.21466523076923077
0.13998092307692306
0.040262769230769234
-0.02044430769230769
-0.03129230769230769
-0.002086153846153846
0.044435076923076924
0.07551876923076924
0.10827138461538462
0.14603076923076924
0.17982646153846152
0.17252492307692308
0.11953661538461538
0.051528
-0.011891076923076923
-0.03024923076923077
0.0008344615384615384
0.05277969230769231
0.08302892307692307
0.09074769230769231
0.10055261538461538
0.10055261538461538
0.08594953846153845
0.04652123076923077
-0.023364923076923075
-0.0936683076923077
-0.13309661538461537
-0.12850707692307692
-0.07697907692307693
-0.011891076923076923
0.028163076923076923
0.055491692307692304
0.07677046153846154
0.07843938461538462
0.05027630769230769
-0.017315076923076923
-0.092208
-0.12767261538461538
-0.12350030769230769
-0.09491999999999999
-0.061124307692307686
-0.02586830769230769
0.008344615384615384
0.04380923076923077
0.08177723076923075
0.10597661538461538
0.0963803076923077
0.041514461538461535
-0.012308307692307691
-0.03233538461538461
-0.017315076923076923
-0.0033378461538461535
-0.0043809230769230765
-0.015020307692307692
-0.01668923076923077
0.008970461538461538
0.026076923076923077
0.04193169230769231
0.02545107692307692
-0.01856676923076923
-0.03358707692307692
-0.018983999999999997
0.009387692307692307
0.026702769230769228
0.03421292307692308
0.03442153846153846
0.03421292307692308
0.05194523076923077
0.056326153846153845
0.03755076923076923
0.017523692307692306
-0.016480615384615385
-0.012099692307692308
0.01710646153846154
0.030875076923076922
0.03692492307692308
0.028163076923076923
0.04714707692307692
0.07948246153846153
0.11098338461538461
0.11849353846153846
0.08720123076923077
0.06216738461538462
0.05298830769230769
0.06863446153846153
0.08490646153846154
0.0826116923076923
