0.06070707692307692
0.07614461538461538
0.049233230769230765
0.015437538461538461
-0.013768615384615384
-0.023990769230769232
-0.023364923076923075
-0.051528
-0.07551876923076924
-0.07051199999999999
-0.03483876923076923
0.008136
0.025659692307692307
0.015228923076923076
-0.007510153846153846
-0.0070929230769230765
0.024199384615384616
0.051319384615384614
0.05757784615384615
0.026911384615384615
0.0043809230769230765
-0.0012516923076923076
0.005424
0.05486584615384615
0.07218092307692307
0.07134646153846153
0.08574092307692306
0.1136953846153846
0.14290153846153844
0.13309661538461537
0.11223507692307692
0.07614461538461538
0.04568676923076923
0.040054153846153843
0.05090215384615384
0.06529661538461538
0.04839876923076923
0.03504738461538461
0.03629907692307692
0.04318338461538461
0.048816000000000005
0.017732307692307693
-0.037967999999999995
-0.08845292307692308
-0.10201292307692307
-0.07238953846153846
-0.030040615384615384
0.014603076923076923
0.03880246153846154
0.04839876923076923
0.07030338461538461
0.07802215384615384
0.042557538461538466
-0.042348923076923076
-0.12579507692307693
-0.17023015384615386
-0.1693956923076923
-0.09721476923076922
-0.011265230769230769
0.049233230769230765
0.08240307692307691
0.10493353846153847
0.130176
0.10827138461538462
0.03859384615384615
-0.050067692307692306
-0.09992676923076924
-0.09679753846153846
-0.06258461538461538
0.004589538461538461
0.06675692307692307
0.11327815384615383
0.14206707692307693
0.16584923076923075
0.1706473846153846
0.12204
0.038176615384615385
-0.043392
-0.08574092307692306
-0.07739630769230768
-0.02858030769230769
0.033169846153846154
0.0974233846153846
0.15792184615384616
0.1858763076923077
0.1800350769230769
0.1506203076923077
0.078648
-0.002712
-0.06613107692307692
-0.09825784615384614
-0.06216738461538462
0.008136
0.08344615384615384
0.13852061538461538
0.1881710769230769
0.2290596923076923
0.2236356923076923
0.18086953846153844
0.08824430769230769
0.012308307692307691
-0.011265230769230769
-0.004589538461538461
0.035255999999999996
0.07364123076923076
0.11327815384615383
0.13789476923076924
0.15500123076923078
0.16292861538461537
0.11348676923076922
0.02315630769230769
-0.08073415384615384
-0.15166338461538462
-0.16251138461538459
-0.124752
-0.051528
0.023990769230769232
0.07969107692307692
0.11473846153846154
0.12099692307692309
0.086784
0.0022947692307692304
-0.10138707692307691
-0.17461107692307692
-0.1881710769230769
-0.14603076923076924
-0.08636676923076922
-0.01668923076923077
0.04819015384615385
0.10159569230769232
0.14311015384615386
0.15354092307692307
0.10472492307692308
0.008344615384615384
-0.08490646153846154
-0.14081538461538462
-0.143736
-0.11953661538461538
-0.07113784615384615
-0.009596307692307692
0.03838523076923077
0.08323753846153846
0.09846646153846153
0.06675692307692307
0.009596307692307692
-0.06550523076923077
-0.12579507692307693
-0.14394461538461537
-0.11557292307692307
-0.055491692307692304
-0.015020307692307692
0.014811692307692307
0.04276615384615385
0.05277969230769231
0.05590892307692308
0.02211323076923077
-0.03609046153846154
-0.092208
-0.11765907692307691
-0.07593599999999999
-0.027120000000000002
0.01856676923076923
0.06529661538461538
0.10368184615384615
0.14457046153846154
0.15875630769230767
0.14519630769230768
0.08636676923076922
0.011265230769230769
-0.04318338461538461
-0.06279323076923077
-0.03108369230769231
0.011056615384615385
0.06425353846153846
0.10806276923076923
0.13226215384615383
0.15103753846153847
0.13643446153846153
0.09262523076923077
0.023990769230769232
-0.03337846153846154
-0.052153846153846155
-0.047981538461538464
-0.016480615384615385
0.020027076923076922
0.05027630769230769
0.08219446153846154
0.11599015384615384
0.13914646153846155
0.12016246153846154
0.062376
-0.0029206153846153843
-0.04109723076923077
-0.03275261538461539
-0.008344615384615384
0.029414769230769227
0.07489292307692308
0.11035753846153845
0.14916
0.1639716923076923
0.15500123076923078
0.12329169230769231
0.05590892307692308
-0.005632615384615384
-0.027120000000000002
-0.021278769230769233
-0.011682461538461537
0.0035464615384615383
0.026702769230769228
0.053614153846153846
0.07405846153846153
0.07009476923076922
0.035464615384615386
-0.017940923076923077
-0.06821723076923077
-0.08490646153846154
-0.07384984615384615
-0.05319692307692307
-0.033169846153846154
-0.03275261538461539
-0.019609846153846155
0.008344615384615384
0.031918153846153846
0.03066646153846154
-0.002086153846153846
-0.03483876923076923
-0.054240000000000003
-0.04985907692307692
-0.025033846153846153
-0.0012516923076923076
-0.0012516923076923076
0.008344615384615384
0.03504738461538461
0.05507446153846154
0.06487938461538462
0.03296123076923077
-0.015228923076923076
-0.05507446153846154
-0.06654830769230768
-0.045895384615384616
-0.030040615384615384
-0.016897846153846156
-0.01043076923076923
