-0.055491692307692304
-0.035464615384615386
-0.004172307692307692
0.009596307692307692
0.021070153846153846
0.0008344615384615384
0.021904615384615383
0.03379569230769231
0.024616615384615383
-0.006884307692307692
-0.08740984615384616
-0.11578153846153846
-0.1136953846153846
-0.07572738461538461
-0.031709538461538456
-0.011891076923076923
0.010222153846153844
0.0029206153846153843
0.027328615384615382
0.052153846153846155
0.04088861538461538
0.0018775384615384615
-0.05590892307692308
-0.07030338461538461
-0.06446215384615385
-0.03045784615384615
0.016897846153846156
0.03066646153846154
0.04819015384615385
0.043600615384615383
0.03755076923076923
0.02586830769230769
-0.04214030769230769
-0.10409907692307692
-0.16230276923076925
-0.15833907692307692
-0.10722830769230769
-0.07259815384615384
-0.021487384615384613
-0.015020307692307692
-0.0035464615384615383
0.012934153846153845
0.007927384615384614
-0.006884307692307692
-0.06696553846153847
-0.10138707692307691
-0.11619876923076923
-0.0961716923076923
-0.05298830769230769
-0.021070153846153846
0.03692492307692308
0.07510153846153846
0.1028473846153846
0.10493353846153847
0.08490646153846154
0.04547815384615384
-0.03901107692307692
-0.08386338461538462
-0.0771876923076923
-0.03650769230769231
0.015854769230769228
0.06592246153846154
0.13330523076923076
0.17461107692307692
0.19046584615384615
0.17315076923076922
0.100344
0.009179076923076922
-0.07134646153846153
-0.09325107692307691
-0.07051199999999999
-0.027328615384615382
0.03066646153846154
0.05090215384615384
0.084072
0.12621230769230768
0.14290153846153844
0.12099692307692309
0.037967999999999995
-0.03775938461538462
-0.08469784615384615
-0.08490646153846154
-0.05173661538461538
-0.003755076923076923
0.05069353846153846
0.09095630769230768
0.13309661538461537
0.14811692307692306
0.12621230769230768
0.065088
-0.007510153846153846
-0.052153846153846155
-0.05820369230769231
-0.017940923076923077
0.015854769230769228
0.03045784615384615
0.04860738461538461
0.06884307692307692
0.08636676923076922
0.06884307692307692
0.011265230769230769
-0.07238953846153846
-0.16084246153846155
-0.17982646153846152
-0.13330523076923076
-0.06654830769230768
0.006467076923076923
0.05736923076923077
0.100344
0.1097316923076923
0.08782707692307692
0.04422646153846154
-0.033169846153846154
-0.11473846153846154
-0.1802436923076923
-0.17982646153846152
-0.1314276923076923
-0.06717415384615384
0.008344615384615384
0.06842584615384616
0.12558646153846154
0.1597993846153846
0.16230276923076925
0.12829846153846153
0.05048492307692308
-0.00855323076923077
-0.03629907692307692
-0.030875076923076922
0.010639384615384617
0.040262769230769234
0.07092923076923077
0.10368184615384615
0.1316363076923077
0.15291507692307693
0.11640738461538462
0.03921969230769231
-0.03650769230769231
-0.07656184615384615
-0.06216738461538462
-0.008344615384615384
0.06008123076923077
0.11619876923076923
0.15646153846153846
0.18232984615384615
0.1800350769230769
0.1395636923076923
0.06592246153846154
-0.02545107692307692
-0.09074769230769231
-0.11327815384615383
-0.09679753846153846
-0.05382276923076923
0.012934153846153845
0.07593599999999999
0.11911938461538461
0.16626646153846153
0.1733593846153846
0.13893784615384613
0.06550523076923077
-0.007510153846153846
-0.03671630769230769
-0.03901107692307692
-0.009596307692307692
0.021904615384615383
0.05507446153846154
0.09095630769230768
0.12788123076923075
0.13393107692307693
0.086784
0.014603076923076923
-0.06821723076923077
-0.11995384615384615
-0.12245723076923076
-0.08448923076923077
-0.04526953846153846
-0.010013538461538461
0.03275261538461539
0.07072061538461538
0.10326461538461539
0.100344
0.059872615384615385
-0.02482523076923077
-0.11098338461538461
-0.14853415384615384
-0.14436184615384615
-0.10889723076923077
-0.08302892307692307
-0.05277969230769231
0.009387692307692307
0.07092923076923077
0.103056
0.0963803076923077
0.043600615384615383
-0.01668923076923077
-0.053614153846153846
-0.05799507692307692
-0.023990769230769232
0.0
0.014394461538461538
0.03609046153846154
0.059038153846153844
0.08720123076923077
0.08699261538461538
0.054240000000000003
0.0022947692307692304
-0.03880246153846154
-0.03650769230769231
-0.032544
-0.020652923076923076
-0.0050067692307692304
0.0035464615384615383
0.035464615384615386
0.06654830769230768
0.0963803076923077
0.09012184615384615
0.03379569230769231
-0.02524246153846154
-0.058412307692307694
-0.04276615384615385
-0.020652923076923076
0.0077187692307692304
0.025033846153846153
0.035464615384615386
0.0717636923076923
0.08636676923076922
0.10368184615384615
0.09512861538461538
0.055491692307692304
0.035464615384615386
0.030875076923076922
0.04172307692307692
0.028371692307692306
0.0012516923076923076
-0.0029206153846153843
0.02211323076923077
0.07092923076923077
0.10138707692307691
0.08991323076923076
0.0448523076923077
-0.011891076923076923
-0.03421292307692308
-0.03400430769230769
-0.031918153846153846
-0.03150092307692308
