0.010639384615384617
0.018358153846153843
-0.01981846153846154
-0.08574092307692306
-0.14060676923076923
-0.15124615384615384
-0.1314276923076923
-0.09095630769230768
-0.035255999999999996
0.010639384615384617
0.04547815384615384
0.06195876923076923
0.06028984615384615
0.03609046153846154
-0.018983999999999997
-0.08615815384615384
-0.13914646153846155
-0.13434830769230768
-0.09179076923076923
-0.03921969230769231
0.023364923076923075
0.05862092307692307
0.09241661538461539
0.11974523076923077
0.12412615384615384
0.10222153846153846
0.04172307692307692
-0.0033378461538461535
-0.01814953846153846
0.01272553846153846
0.07489292307692308
0.11390399999999999
0.13309661538461537
0.13101046153846155
0.12996738461538462
0.11432123076923076
0.06362769230769232
0.0025033846153846152
-0.06425353846153846
-0.0936683076923077
-0.06550523076923077
0.003129230769230769
0.0826116923076923
0.12850707692307692
0.15875630769230767
0.1639716923076923
0.14978584615384616
0.11348676923076922
0.02858030769230769
-0.05507446153846154
-0.119328
-0.11745046153846153
-0.059038153846153844
-0.006049846153846154
0.04944184615384615
0.08115138461538463
0.10076123076923077
0.10889723076923077
0.08699261538461538
0.05298830769230769
-0.01668923076923077
-0.07927384615384615
-0.09971815384615385
-0.08740984615384616
-0.03775938461538462
-0.007510153846153846
0.004589538461538461
0.010222153846153844
0.018358153846153843
0.028788923076923077
0.002086153846153846
-0.03942830769230769
-0.08761846153846153
-0.10389046153846154
-0.08469784615384615
-0.05069353846153846
-0.010639384615384617
0.006884307692307692
0.02753723076923077
0.04568676923076923
0.059664
0.06675692307692307
0.03713353846153846
-0.01668923076923077
-0.06696553846153847
-0.08720123076923077
-0.052153846153846155
0.002086153846153846
0.043392
0.09471138461538461
0.1424843076923077
0.16584923076923075
0.15959076923076923
0.130176
0.06759138461538462
-0.014603076923076923
-0.04693846153846153
-0.02273907692307692
0.021904615384615383
0.04985907692307692
0.06404492307692307
0.08010830769230769
0.10389046153846154
0.11974523076923077
0.10326461538461539
0.07301538461538462
0.019609846153846155
-0.03045784615384615
-0.05820369230769231
-0.05653476923076922
-0.03713353846153846
-0.047772923076923074
-0.047772923076923074
-0.026702769230769228
0.009596307692307692
0.04860738461538461
0.04819015384615385
0.025033846153846153
-0.015437538461538461
-0.037967999999999995
-0.030875076923076922
-0.02357353846153846
-0.0029206153846153843
0.003129230769230769
0.025659692307692307
0.06717415384615384
0.09179076923076923
0.09930092307692308
0.05277969230769231
-0.002086153846153846
-0.04819015384615385
-0.05528307692307692
-0.024616615384615383
-0.018358153846153843
-0.014394461538461538
-0.011682461538461537
0.015854769230769228
0.06425353846153846
0.08824430769230769
0.07489292307692308
0.023990769230769232
-0.02482523076923077
-0.04672984615384615
-0.03483876923076923
-0.011056615384615385
-0.014394461538461538
-0.015854769230769228
-0.003963692307692307
0.023990769230769232
0.07030338461538461
0.08115138461538463
0.054240000000000003
0.017523692307692306
-0.010639384615384617
-0.0012516923076923076
0.015228923076923076
0.011056615384615385
-0.006675692307692307
-0.009179076923076922
0.02586830769230769
0.07614461538461538
0.12099692307692309
0.12683815384615382
0.09825784615384614
0.058412307692307694
0.03024923076923077
0.03337846153846154
0.038176615384615385
0.03275261538461539
0.029832
0.03838523076923077
0.07259815384615384
0.09825784615384614
0.09012184615384615
0.06341907692307691
0.02357353846153846
0.005215384615384615
0.026076923076923077
0.06759138461538462
0.08740984615384616
0.06800861538461538
0.06154153846153846
0.07843938461538462
0.10848000000000001
0.124752
0.08845292307692308
0.03692492307692308
0.0029206153846153843
-0.005632615384615384
0.02086153846153846
0.04693846153846153
0.051528
0.04985907692307692
0.05757784615384615
0.09241661538461539
0.10785415384615385
0.08845292307692308
0.04819015384615385
-0.004172307692307692
-0.019192615384615384
-0.006049846153846154
0.0008344615384615384
-0.006675692307692307
-0.01710646153846154
-0.016897846153846156
-0.0006258461538461538
0.026702769230769228
0.03921969230769231
0.0077187692307692304
-0.03567323076923076
-0.04714707692307692
-0.030040615384615384
-0.011056615384615385
-0.024616615384615383
-0.045895384615384616
-0.07030338461538461
-0.07364123076923076
-0.043392
-0.0012516923076923076
0.026494153846153844
0.0018775384615384615
-0.020027076923076922
-0.012308307692307691
0.02586830769230769
0.05319692307692307
0.03629907692307692
0.022530461538461537
0.026285538461538457
0.05862092307692307
0.08177723076923075
0.08574092307692306
0.06675692307692307
0.003129230769230769
-0.03504738461538461
-0.03233538461538461
-0.011682461538461537
0.002086153846153846
-0.011891076923076923
-0.0077187692307692304
0.006467076923076923
0.02044430769230769
0.04214030769230769
0.02044430769230769
-0.03650769230769231
