0.07259815384615384
-0.008136
-0.07885661538461539
-0.11056615384615384
-0.08594953846153845
-0.03942830769230769
-0.002086153846153846
0.05298830769230769
0.09971815384615385
0.14749107692307692
0.15416676923076922
0.10952307692307692
0.04422646153846154
-0.05194523076923077
-0.10576799999999999
-0.0880356923076923
-0.025659692307692307
0.04547815384615384
0.10201292307692307
0.14936861538461538
0.17732307692307692
0.19004861538461537
0.1693956923076923
0.11202646153846153
0.042974769230769226
-0.021696
-0.04088861538461538
-0.019609846153846155
0.03337846153846154
0.09700615384615385
0.13184492307692308
0.16876984615384616
0.20027076923076922
0.19568123076923075
0.13247076923076923
0.030040615384615384
-0.0446436923076923
-0.08699261538461538
-0.07697907692307693
-0.024408000000000003
0.02899753846153846
0.08490646153846154
0.12558646153846154
0.15687876923076924
0.16876984615384616
0.130176
0.03337846153846154
-0.07823076923076923
-0.1435273846153846
-0.15354092307692307
-0.10159569230769232
-0.03442153846153846
0.02273907692307692
0.07259815384615384
0.08991323076923076
0.0988836923076923
0.07364123076923076
0.006884307692307692
-0.06592246153846154
-0.13309661538461537
-0.15291507692307693
-0.12725538461538463
-0.078648
-0.023990769230769232
0.014603076923076923
0.045060923076923075
0.07113784615384615
0.07927384615384615
0.06028984615384615
0.0014603076923076922
-0.07426707692307692
-0.12308307692307692
-0.12350030769230769
-0.0826116923076923
-0.031918153846153846
0.016480615384615385
0.059038153846153844
0.10472492307692308
0.13747753846153846
0.11870215384615385
0.05507446153846154
-0.03421292307692308
-0.10535076923076922
-0.11640738461538462
-0.07405846153846153
-0.006049846153846154
0.056951999999999996
0.09387692307692307
0.11849353846153846
0.143736
0.14477907692307693
0.10806276923076923
0.04526953846153846
-0.012934153846153845
-0.05173661538461538
-0.06133292307692308
-0.03650769230769231
-0.004589538461538461
0.013142769230769229
0.03629907692307692
0.07927384615384615
0.11244369230769231
0.1151556923076923
0.06675692307692307
-0.01397723076923077
-0.07656184615384615
-0.09846646153846153
-0.08177723076923075
-0.05736923076923077
-0.03379569230769231
-0.014394461538461538
0.006258461538461538
0.03880246153846154
0.05382276923076923
0.042348923076923076
0.0022947692307692304
-0.04380923076923077
-0.05382276923076923
-0.044435076923076924
-0.03483876923076923
-0.03233538461538461
-0.02044430769230769
0.0002086153846153846
0.023364923076923075
0.06404492307692307
0.08198584615384615
0.06216738461538462
0.005424
-0.05653476923076922
-0.07384984615384615
-0.06800861538461538
-0.046104
-0.03045784615384615
-0.022947692307692308
0.016063384615384615
0.07238953846153846
0.10952307692307692
0.09679753846153846
0.03880246153846154
-0.03212676923076923
-0.08010830769230769
-0.09491999999999999
-0.09825784615384614
-0.08031692307692308
-0.06696553846153847
-0.03859384615384615
0.02795446153846154
0.08156861538461539
0.1151556923076923
0.0936683076923077
0.03212676923076923
-0.017940923076923077
-0.052153846153846155
-0.06425353846153846
-0.06988615384615385
-0.06821723076923077
-0.05298830769230769
-0.015020307692307692
0.035464615384615386
0.05757784615384615
0.05090215384615384
0.009804923076923077
-0.03567323076923076
-0.04902461538461538
-0.043392
-0.04318338461538461
-0.04526953846153846
-0.026494153846153844
0.0006258461538461538
0.04172307692307692
0.09262523076923077
0.10827138461538462
0.08115138461538463
0.03275261538461539
-0.0006258461538461538
-0.008761846153846153
-0.01272553846153846
-0.0014603076923076922
0.01814953846153846
0.026494153846153844
0.05674338461538461
0.100344
0.10722830769230769
0.07280676923076923
0.016897846153846156
-0.021696
-0.025659692307692307
0.0012516923076923076
0.028163076923076923
0.04547815384615384
0.06571384615384615
0.0826116923076923
0.12016246153846154
0.13601723076923075
0.10535076923076922
0.04860738461538461
-0.022947692307692308
-0.06696553846153847
-0.092208
-0.10576799999999999
-0.124752
-0.13080184615384613
-0.09053907692307692
-0.034630153846153845
0.03713353846153846
0.07301538461538462
0.05382276923076923
0.02023569230769231
-0.011265230769230769
-0.017315076923076923
-0.015854769230769228
-0.02753723076923077
-0.04193169230769231
-0.044435076923076924
-0.017940923076923077
0.03233538461538461
0.06592246153846154
0.05736923076923077
0.023990769230769232
-0.006049846153846154
-0.019609846153846155
-0.006675692307692307
0.014185846153846153
0.017315076923076923
0.018358153846153843
0.041514461538461535
0.08782707692307692
0.11557292307692307
0.09679753846153846
0.03567323076923076
-0.027745846153846152
-0.06529661538461538
-0.0892873846153846
-0.07531015384615385
-0.06133292307692308
-0.054240000000000003
-0.01043076923076923
0.042348923076923076
0.10785415384615385
0.14394461538461537
0.11557292307692307
0.05486584615384615
-0.011056615384615385
-0.034630153846153845
