0.006258461538461538
-0.015020307692307692
-0.08615815384615384
-0.15291507692307693
-0.19442953846153843
-0.16480615384615382
-0.1316363076923077
-0.09033046153846153
-0.037342153846153844
-0.009179076923076922
0.03567323076923076
0.047772923076923074
0.048816000000000005
0.01272553846153846
-0.06988615384615385
-0.11432123076923076
-0.14269292307692305
-0.11724184615384614
-0.06362769230769232
-0.03379569230769231
-0.0025033846153846152
0.009387692307692307
0.04526953846153846
0.07009476923076922
0.05528307692307692
0.025033846153846153
-0.02044430769230769
-0.040262769230769234
-0.0448523076923077
-0.01043076923076923
0.026494153846153844
0.04526953846153846
0.0936683076923077
0.14123261538461537
0.1829556923076923
0.18483323076923078
0.1356
0.06738276923076922
-0.01668923076923077
-0.061124307692307686
-0.07009476923076922
-0.06550523076923077
-0.02524246153846154
0.010013538461538461
0.05799507692307692
0.1151556923076923
0.15374953846153847
0.15896492307692306
0.11035753846153845
0.06070707692307692
0.029832
0.021904615384615383
0.010639384615384617
-0.010013538461538461
-0.015646153846153844
0.0
0.05048492307692308
0.08740984615384616
0.103056
0.07280676923076923
0.013768615384615384
0.0014603076923076922
0.013351384615384614
0.06300184615384616
0.10660246153846153
0.11202646153846153
0.12850707692307692
0.14603076923076924
0.15646153846153846
0.1476996923076923
0.10368184615384615
0.03650769230769231
-0.03024923076923077
-0.05611753846153846
-0.04985907692307692
-0.029832
-0.008970461538461538
0.0050067692307692304
0.043600615384615383
0.06926030769230769
0.08156861538461539
0.05090215384615384
-0.005424
-0.03963692307692308
-0.06216738461538462
-0.03901107692307692
-0.029206153846153847
-0.03442153846153846
-0.04214030769230769
-0.05194523076923077
-0.016897846153846156
0.019609846153846155
0.023990769230769232
-0.011473846153846154
-0.06425353846153846
-0.09325107692307691
-0.08657538461538461
-0.03921969230769231
0.001043076923076923
0.015020307692307692
0.012934153846153845
0.001043076923076923
0.020652923076923076
0.040679999999999994
0.03150092307692308
0.00855323076923077
-0.04693846153846153
-0.06717415384615384
-0.04756430769230769
-0.03233538461538461
-0.010848
-0.02023569230769231
-0.010848
0.015646153846153844
0.03838523076923077
0.04526953846153846
-0.0029206153846153843
-0.053614153846153846
-0.08991323076923076
-0.07092923076923077
-0.025659692307692307
-0.004798153846153846
0.01668923076923077
0.020652923076923076
0.044435076923076924
0.08094276923076923
0.08949599999999999
0.07656184615384615
0.020027076923076922
-0.03045784615384615
-0.05173661538461538
-0.045060923076923075
-0.008136
-0.015646153846153844
-0.027745846153846152
-0.013142769230769229
0.010639384615384617
0.043600615384615383
0.03671630769230769
0.01272553846153846
-0.030040615384615384
-0.086784
-0.0934596923076923
-0.07781353846153846
-0.06863446153846153
-0.06028984615384615
-0.03713353846153846
-0.0008344615384615384
0.03024923076923077
0.04401784615384615
0.004589538461538461
-0.06341907692307691
-0.10722830769230769
-0.11411261538461538
-0.07426707692307692
-0.035464615384615386
-0.0035464615384615383
0.029623384615384614
0.03629907692307692
0.06258461538461538
0.07426707692307692
0.06717415384615384
0.03755076923076923
-0.01981846153846154
-0.02211323076923077
-0.021487384615384613
-0.015854769230769228
-0.024199384615384616
-0.035255999999999996
-0.0035464615384615383
0.007301538461538462
0.044435076923076924
0.06404492307692307
0.028788923076923077
-0.03233538461538461
-0.09387692307692307
-0.0974233846153846
-0.09158215384615384
-0.07489292307692308
-0.058829538461538454
-0.05319692307692307
-0.007510153846153846
0.03400430769230769
0.05570030769230769
0.03859384615384615
-0.010639384615384617
-0.04860738461538461
-0.08344615384615384
-0.07823076923076923
-0.045895384615384616
-0.017523692307692306
0.01043076923076923
0.04380923076923077
0.08448923076923077
0.09658892307692307
0.09179076923076923
0.05507446153846154
-0.002086153846153846
-0.013142769230769229
-0.001043076923076923
0.03775938461538462
0.07426707692307692
0.07301538461538462
0.0963803076923077
0.119328
0.14665661538461539
0.16021661538461537
0.11348676923076922
0.05820369230769231
0.014185846153846153
0.019609846153846155
0.03629907692307692
0.040262769230769234
0.05194523076923077
0.05173661538461538
0.07969107692307692
0.11724184615384614
0.14707384615384617
0.14561353846153846
0.09784061538461537
0.06341907692307691
0.03421292307692308
0.024616615384615383
0.04860738461538461
0.06988615384615385
0.08115138461538463
0.0880356923076923
0.12245723076923076
0.14832553846153845
0.13643446153846153
0.09846646153846153
0.04965046153846154
0.029623384615384614
0.035255999999999996
0.07906523076923076
0.10430769230769231
0.08720123076923077
0.07781353846153846
0.061750153846153844
0.07697907692307693
0.084072
0.05590892307692308
0.013351384615384614
-0.04130584615384615
