0.03233538461538461
0.029623384615384614
0.058829538461538454
0.09325107692307691
0.10347323076923076
0.0744756923076923
0.03212676923076923
-0.009387692307692307
-0.02232184615384615
-0.0002086153846153846
0.015437538461538461
0.009179076923076922
-0.012934153846153845
-0.02044430769230769
-0.003755076923076923
0.013560000000000001
0.014603076923076923
0.0077187692307692304
0.02232184615384615
0.058412307692307694
0.08699261538461538
0.08323753846153846
0.04631261538461538
-0.010639384615384617
-0.05069353846153846
-0.05319692307692307
-0.017940923076923077
0.03045784615384615
0.06195876923076923
0.08323753846153846
0.10055261538461538
0.111192
0.10681107692307691
0.08720123076923077
0.03859384615384615
-0.004589538461538461
-0.006049846153846154
0.024408000000000003
0.07468430769230769
0.10055261538461538
0.10159569230769232
0.07885661538461539
0.054657230769230764
0.05570030769230769
0.05945538461538461
0.04756430769230769
0.016480615384615385
-0.0004172307692307692
0.007301538461538462
0.03337846153846154
0.04714707692307692
0.05298830769230769
0.07489292307692308
0.11265230769230769
0.15687876923076924
0.17231630769230769
0.14749107692307692
0.06633969230769231
-0.021487384615384613
-0.05924676923076923
-0.06028984615384615
-0.03045784615384615
0.014185846153846153
0.05736923076923077
0.100344
0.12558646153846154
0.1218313846153846
0.0853236923076923
0.012308307692307691
-0.059664
-0.0974233846153846
-0.07364123076923076
-0.00855323076923077
0.05716061538461538
0.11244369230769231
0.13080184615384613
0.12433476923076923
0.10409907692307692
0.05736923076923077
-0.020652923076923076
-0.11035753846153845
-0.16084246153846155
-0.15792184615384616
-0.11306953846153844
-0.04902461538461538
0.0008344615384615384
0.03650769230769231
0.0771876923076923
0.1136953846153846
0.11494707692307692
0.08615815384615384
0.01940123076923077
-0.06154153846153846
-0.09095630769230768
-0.08156861538461539
-0.03880246153846154
0.010639384615384617
0.05069353846153846
0.09825784615384614
0.12788123076923075
0.14457046153846154
0.11473846153846154
0.043392
-0.03337846153846154
-0.08866153846153846
-0.08511507692307693
-0.05570030769230769
0.012934153846153845
0.08448923076923077
0.13434830769230768
0.1733593846153846
0.16584923076923075
0.13247076923076923
0.047772923076923074
-0.058829538461538454
-0.124752
-0.14018953846153845
-0.07739630769230768
0.012934153846153845
0.09095630769230768
0.14144123076923076
0.14686523076923075
0.15792184615384616
0.13935507692307691
0.0897046153846154
0.030040615384615384
-0.05069353846153846
-0.09053907692307692
-0.09158215384615384
-0.050067692307692306
0.0029206153846153843
0.041514461538461535
0.07489292307692308
0.09533723076923077
0.12120553846153845
0.09930092307692308
0.03984553846153846
-0.020027076923076922
-0.08636676923076922
-0.10597661538461538
-0.07697907692307693
-0.027120000000000002
0.03108369230769231
0.06133292307692308
0.0855323076923077
0.09700615384615385
0.08720123076923077
0.053405538461538456
-0.029206153846153847
-0.09867507692307692
-0.12162276923076921
-0.08782707692307692
-0.032544
0.0025033846153846152
0.03838523076923077
0.06216738461538462
0.07697907692307693
0.06738276923076922
0.038176615384615385
-0.006675692307692307
-0.08448923076923077
-0.12537784615384615
-0.12245723076923076
-0.09992676923076924
-0.05674338461538461
-0.017732307692307693
0.024408000000000003
0.06821723076923077
0.10347323076923076
0.10597661538461538
0.05236246153846154
-0.021070153846153846
-0.08991323076923076
-0.11911938461538461
-0.100344
-0.06258461538461538
-0.015854769230769228
0.02211323076923077
0.061124307692307686
0.09784061538461537
0.11891076923076922
0.10263876923076923
0.041514461538461535
-0.044435076923076924
-0.11265230769230769
-0.12329169230769231
-0.09512861538461538
-0.05048492307692308
-0.015854769230769228
0.023364923076923075
0.07697907692307693
0.1178676923076923
0.13184492307692308
0.10180430769230768
0.04401784615384615
-0.014185846153846153
-0.02023569230769231
0.012934153846153845
0.034630153846153845
0.04401784615384615
0.040679999999999994
0.04819015384615385
0.05820369230769231
0.05277969230769231
0.016063384615384615
-0.035464615384615386
-0.07927384615384615
-0.10910584615384614
-0.09679753846153846
-0.044435076923076924
-0.0050067692307692304
0.02211323076923077
0.059872615384615385
0.08824430769230769
0.10764553846153846
0.08907876923076924
0.03066646153846154
-0.05674338461538461
-0.13852061538461538
-0.15896492307692306
-0.13852061538461538
-0.08240307692307691
-0.03483876923076923
-0.0022947692307692304
0.04380923076923077
0.06800861538461538
0.0853236923076923
0.053614153846153846
-0.01397723076923077
-0.06717415384615384
-0.10055261538461538
-0.05653476923076922
-0.016063384615384615
-0.006049846153846154
-0.004172307692307692
-0.02232184615384615
-0.008761846153846153
0.0002086153846153846
-0.008970461538461538
-0.03629907692307692
-0.07572738461538461
-0.08761846153846153
-0.06258461538461538
-0.011265230769230769
