0.02795446153846154
-0.02232184615384615
-0.054240000000000003
-0.06404492307692307
-0.029414769230769227
0.016480615384615385
0.05528307692307692
0.07781353846153846
0.11745046153846153
0.1489513846153846
0.1424843076923077
0.09512861538461538
0.012308307692307691
-0.04318338461538461
-0.06404492307692307
-0.04756430769230769
-0.003129230769230769
0.025659692307692307
0.054240000000000003
0.08845292307692308
0.11703323076923078
0.12162276923076921
0.059038153846153844
-0.03358707692307692
-0.10827138461538462
-0.13643446153846153
-0.10660246153846153
-0.05716061538461538
-0.003129230769230769
0.035464615384615386
0.06049846153846154
0.078648
0.07885661538461539
0.04401784615384615
-0.03588184615384615
-0.12642092307692307
-0.17461107692307692
-0.1489513846153846
-0.08699261538461538
-0.02482523076923077
0.03901107692307692
0.09596307692307693
0.1449876923076923
0.17461107692307692
0.154584
0.08031692307692308
-0.024408000000000003
-0.116616
-0.15208061538461537
-0.1314276923076923
-0.07656184615384615
-0.01668923076923077
0.03713353846153846
0.08615815384615384
0.11619876923076923
0.13059323076923077
0.10347323076923076
0.015228923076923076
-0.09491999999999999
-0.16584923076923075
-0.1706473846153846
-0.12662953846153846
-0.055491692307692304
0.003755076923076923
0.052153846153846155
0.08636676923076922
0.08824430769230769
0.05444861538461539
-0.02524246153846154
-0.10743692307692307
-0.16292861538461537
-0.17502830769230768
-0.12642092307692307
-0.04839876923076923
0.02795446153846154
0.08594953846153845
0.12204
0.1316363076923077
0.10764553846153846
0.051319384615384614
-0.04214030769230769
-0.1356
-0.1777403076923077
-0.1462393846153846
-0.07030338461538461
-0.0022947692307692304
0.049233230769230765
0.07489292307692308
0.0892873846153846
0.08219446153846154
0.03567323076923076
-0.03671630769230769
-0.11348676923076922
-0.15667015384615385
-0.15395815384615386
-0.10764553846153846
-0.06008123076923077
-0.014394461538461538
0.04693846153846153
0.11557292307692307
0.15938215384615384
0.14874276923076923
0.10117846153846152
0.012308307692307691
-0.08448923076923077
-0.124752
-0.10910584615384614
-0.05945538461538461
-0.009179076923076922
0.03921969230769231
0.10910584615384614
0.15646153846153846
0.17377661538461536
0.15646153846153846
0.09491999999999999
0.01981846153846154
-0.051528
-0.0771876923076923
-0.07656184615384615
-0.058412307692307694
-0.0014603076923076922
0.05048492307692308
0.10326461538461539
0.12996738461538462
0.12037107692307693
0.0828203076923077
0.010013538461538461
-0.034630153846153845
-0.055491692307692304
-0.04860738461538461
-0.019609846153846155
0.0070929230769230765
0.040679999999999994
0.08219446153846154
0.14916
0.19797599999999999
0.18963138461538462
0.12537784615384615
0.042974769230769226
-0.009596307692307692
-0.04109723076923077
-0.031918153846153846
-0.0029206153846153843
0.012099692307692308
0.03984553846153846
0.0717636923076923
0.11181784615384616
0.12537784615384615
0.08073415384615384
0.01668923076923077
-0.04714707692307692
-0.08094276923076923
-0.06905169230769231
-0.051319384615384614
-0.042348923076923076
-0.02357353846153846
-0.0014603076923076922
0.025033846153846153
0.037967999999999995
0.023364923076923075
-0.018775384615384614
-0.07614461538461538
-0.10472492307692308
-0.09137353846153846
-0.047772923076923074
-0.013560000000000001
0.009804923076923077
0.03942830769230769
0.073224
0.1028473846153846
0.11953661538461538
0.10576799999999999
0.05069353846153846
-0.006675692307692307
-0.03337846153846154
-0.03024923076923077
-0.028163076923076923
-0.011891076923076923
0.006049846153846154
0.03233538461538461
0.06195876923076923
0.06550523076923077
0.05653476923076922
0.006884307692307692
-0.03358707692307692
-0.05111076923076923
-0.053614153846153846
-0.042348923076923076
-0.054240000000000003
-0.06070707692307692
-0.05570030769230769
-0.02273907692307692
0.014811692307692307
0.0070929230769230765
-0.03024923076923077
-0.08135999999999999
-0.10493353846153847
-0.08761846153846153
-0.04902461538461538
-0.010013538461538461
0.01043076923076923
0.04214030769230769
0.08866153846153846
0.13393107692307693
0.15625292307692307
0.13267938461538462
0.09116492307692307
0.04109723076923077
0.004798153846153846
0.01043076923076923
0.006467076923076923
0.0016689230769230767
0.005632615384615384
0.03755076923076923
0.10096984615384616
0.12725538461538463
0.12350030769230769
0.07364123076923076
0.008761846153846153
-0.016897846153846156
-0.017315076923076923
-0.0016689230769230767
0.010013538461538461
0.02545107692307692
0.051528
0.07134646153846153
0.08302892307692307
0.06905169230769231
0.01814953846153846
-0.051319384615384614
-0.09763200000000001
-0.09074769230769231
-0.047772923076923074
-0.0002086153846153846
0.026285538461538457
0.04985907692307692
0.09179076923076923
0.1353913846153846
0.15082892307692305
0.11452984615384615
0.042348923076923076
-0.03275261538461539
-0.06696553846153847
-0.061124307692307686
