0.0
-0.04965046153846154
-0.0744756923076923
-0.051319384615384614
-0.035255999999999996
-0.013142769230769229
0.012308307692307691
0.0446436923076923
0.08615815384615384
0.08845292307692308
0.05924676923076923
-0.011682461538461537
-0.08323753846153846
-0.11140061538461538
-0.116616
-0.10013538461538461
-0.09512861538461538
-0.09450276923076922
-0.062376
-0.0022947692307692304
0.056951999999999996
0.06550523076923077
0.033169846153846154
-0.03024923076923077
-0.08198584615384615
-0.09095630769230768
-0.06467076923076923
-0.026076923076923077
-0.019609846153846155
0.009596307692307692
0.056326153846153845
0.100344
0.13643446153846153
0.10743692307692307
0.05570030769230769
-0.0022947692307692304
-0.034630153846153845
-0.02086153846153846
-0.018358153846153843
-0.0012516923076923076
0.026285538461538457
0.06467076923076923
0.12329169230769231
0.16480615384615382
0.15792184615384616
0.09199938461538461
0.006884307692307692
-0.053614153846153846
-0.06133292307692308
-0.059038153846153844
-0.052571076923076915
-0.021696
0.017523692307692306
0.0853236923076923
0.14582215384615385
0.16334584615384617
0.13622584615384614
0.059038153846153844
-0.009179076923076922
-0.04652123076923077
-0.058412307692307694
-0.042348923076923076
-0.03838523076923077
-0.026285538461538457
0.008136
0.06195876923076923
0.10868861538461538
0.1045163076923077
0.06487938461538462
0.007510153846153846
-0.01856676923076923
-0.010848
0.014603076923076923
0.027120000000000002
0.024408000000000003
0.04631261538461538
0.07739630769230768
0.12287446153846153
0.12579507692307693
0.07635323076923077
0.01043076923076923
-0.05069353846153846
-0.05757784615384615
-0.040679999999999994
-0.013142769230769229
0.01814953846153846
0.03483876923076923
0.06279323076923077
0.0828203076923077
0.08574092307692306
0.06467076923076923
0.006884307692307692
-0.02858030769230769
-0.042557538461538466
-0.03984553846153846
-0.021696
-0.009179076923076922
0.015020307692307692
0.03838523076923077
0.08949599999999999
0.12683815384615382
0.09992676923076924
0.042974769230769226
-0.043392
-0.08490646153846154
-0.07384984615384615
-0.04944184615384615
-0.004589538461538461
0.020027076923076922
0.04318338461538461
0.06404492307692307
0.07155507692307693
0.06383630769230769
0.024199384615384616
-0.03880246153846154
-0.09533723076923077
-0.09137353846153846
-0.03963692307692308
0.012308307692307691
0.019609846153846155
0.0
0.0012516923076923076
0.022530461538461537
0.04902461538461538
0.03567323076923076
-0.013142769230769229
-0.04756430769230769
-0.058412307692307694
-0.034630153846153845
-0.0018775384615384615
0.012099692307692308
0.029832
0.05090215384615384
0.07593599999999999
0.10827138461538462
0.12037107692307693
0.09554584615384615
0.05298830769230769
0.017523692307692306
0.012099692307692308
0.042557538461538466
0.0678
0.06300184615384616
0.04965046153846154
0.034630153846153845
0.041514461538461535
0.059664
0.04526953846153846
0.0004172307692307692
-0.04944184615384615
-0.05757784615384615
-0.03629907692307692
-0.014394461538461538
-0.006884307692307692
-0.03024923076923077
-0.037967999999999995
-0.022947692307692308
0.0077187692307692304
0.03108369230769231
0.01043076923076923
-0.01981846153846154
-0.04860738461538461
-0.05444861538461539
-0.03379569230769231
-0.025033846153846153
-0.02795446153846154
-0.04672984615384615
-0.03629907692307692
0.01397723076923077
0.06362769230769232
0.10868861538461538
0.10535076923076922
0.08323753846153846
0.07823076923076923
0.07113784615384615
0.06654830769230768
0.044435076923076924
0.019609846153846155
0.013768615384615384
0.024408000000000003
0.03984553846153846
0.03942830769230769
0.022530461538461537
-0.00855323076923077
-0.014811692307692307
0.008970461538461538
0.052153846153846155
0.08490646153846154
0.04526953846153846
0.006884307692307692
-0.007301538461538462
-0.0002086153846153846
0.034630153846153845
0.027745846153846152
0.018358153846153843
0.010848
0.016897846153846156
0.04819015384615385
0.053614153846153846
0.04756430769230769
0.014394461538461538
-0.00855323076923077
0.003129230769230769
0.03942830769230769
0.07551876923076924
0.05799507692307692
0.03442153846153846
0.025033846153846153
0.030875076923076922
0.03713353846153846
0.02086153846153846
-0.015228923076923076
-0.07051199999999999
-0.09262523076923077
-0.07155507692307693
-0.04714707692307692
-0.022947692307692308
-0.019192615384615384
-0.011891076923076923
0.01043076923076923
0.008761846153846153
0.009804923076923077
-0.03942830769230769
-0.10994030769230768
-0.1502030769230769
-0.16897846153846155
-0.12642092307692307
-0.08448923076923077
-0.037342153846153844
0.0029206153846153843
0.02795446153846154
0.07426707692307692
0.09137353846153846
0.08302892307692307
0.04318338461538461
-0.006258461538461538
-0.04214030769230769
-0.059872615384615385
-0.029623384615384614
0.014185846153846153
0.04672984615384615
0.07426707692307692
0.11494707692307692
0.14144123076923076
