0.09074769230769231
0.022530461538461537
-0.03483876923076923
-0.042348923076923076
-0.03024923076923077
-0.006258461538461538
-0.002712
-0.006258461538461538
0.013351384615384614
0.043600615384615383
0.06863446153846153
0.053614153846153846
-0.003129230769230769
-0.06905169230769231
-0.09408553846153846
-0.08177723076923075
-0.06195876923076923
-0.03671630769230769
-0.011265230769230769
0.02899753846153846
0.0853236923076923
0.1218313846153846
0.11599015384615384
0.06759138461538462
-0.004589538461538461
-0.05590892307692308
-0.06550523076923077
-0.049233230769230765
-0.037342153846153844
-0.037967999999999995
-0.018983999999999997
0.026702769230769228
0.08115138461538463
0.1178676923076923
0.10806276923076923
0.05757784615384615
0.009179076923076922
-0.007510153846153846
-0.0018775384615384615
0.0033378461538461535
-0.006258461538461538
-0.010013538461538461
-0.008970461538461538
0.0008344615384615384
0.02482523076923077
0.021070153846153846
0.0043809230769230765
-0.010848
-0.013560000000000001
0.011473846153846154
0.03150092307692308
0.028788923076923077
0.0002086153846153846
-0.015646153846153844
-0.0050067692307692304
0.02482523076923077
0.05319692307692307
0.031918153846153846
-0.005632615384615384
-0.040054153846153843
-0.04860738461538461
-0.01397723076923077
0.011056615384615385
0.011265230769230769
-0.015646153846153844
-0.01668923076923077
0.019609846153846155
0.042557538461538466
0.04693846153846153
0.01710646153846154
-0.008136
-0.016897846153846156
0.003963692307692307
0.05319692307692307
0.05799507692307692
0.03024923076923077
0.001043076923076923
-0.004172307692307692
0.01940123076923077
0.0446436923076923
0.062376
0.06529661538461538
0.07092923076923077
0.08615815384615384
0.08991323076923076
0.06884307692307692
0.021696
-0.020652923076923076
-0.030040615384615384
-0.0070929230769230765
0.04714707692307692
0.08866153846153846
0.09784061538461537
0.08907876923076924
0.08073415384615384
0.09074769230769231
0.10409907692307692
0.0892873846153846
0.03629907692307692
-0.002086153846153846
-0.013768615384615384
0.008136
0.04172307692307692
0.050067692307692306
0.05444861538461539
0.05799507692307692
0.07134646153846153
0.0936683076923077
0.09033046153846153
0.05027630769230769
0.005215384615384615
-0.026285538461538457
-0.029414769230769227
-0.01856676923076923
-0.006675692307692307
0.005841230769230769
0.025659692307692307
0.07092923076923077
0.0974233846153846
0.09512861538461538
0.054240000000000003
-0.015646153846153844
-0.06696553846153847
-0.07364123076923076
-0.03901107692307692
0.003963692307692307
0.05736923076923077
0.09429415384615383
0.11536430769230768
0.10576799999999999
0.05736923076923077
0.0004172307692307692
-0.07635323076923077
-0.1435273846153846
-0.15646153846153846
-0.09930092307692308
-0.01856676923076923
0.06550523076923077
0.12245723076923076
0.14519630769230768
0.15270646153846154
0.12162276923076921
0.06404492307692307
-0.029623384615384614
-0.12412615384615384
-0.17732307692307692
-0.1856676923076923
-0.15520984615384617
-0.08907876923076924
-0.012516923076923077
0.05298830769230769
0.12662953846153846
0.17419384615384614
0.15813046153846153
0.07739630769230768
-0.03212676923076923
-0.11849353846153846
-0.1696043076923077
-0.1614683076923077
-0.08949599999999999
0.0016689230769230767
0.08782707692307692
0.16251138461538459
0.22488738461538463
0.23281476923076924
0.1691870769230769
0.07468430769230769
-0.010013538461538461
-0.0448523076923077
-0.03400430769230769
0.012099692307692308
0.06738276923076922
0.11098338461538461
0.14874276923076923
0.17231630769230769
0.1718990769230769
0.13789476923076924
0.065088
-0.03024923076923077
-0.09950953846153845
-0.09095630769230768
-0.02524246153846154
0.028788923076923077
0.06946892307692307
0.08156861538461539
0.07572738461538461
0.07969107692307692
0.059872615384615385
0.027120000000000002
-0.03880246153846154
-0.10618523076923077
-0.12537784615384615
-0.10263876923076923
-0.043392
0.006675692307692307
0.05173661538461538
0.10597661538461538
0.15354092307692307
0.17377661538461536
0.13601723076923075
0.04944184615384615
-0.037967999999999995
-0.11035753846153845
-0.14832553846153845
-0.13101046153846155
-0.08448923076923077
-0.037967999999999995
0.002712
0.04652123076923077
0.07468430769230769
0.06946892307692307
0.02524246153846154
-0.047772923076923074
-0.10827138461538462
-0.12162276923076921
-0.084072
-0.03713353846153846
-0.005424
0.016897846153846156
0.020652923076923076
0.006884307692307692
-0.01710646153846154
-0.05048492307692308
-0.09304246153846155
-0.1314276923076923
-0.13434830769230768
-0.09095630769230768
-0.027328615384615382
0.021487384615384613
0.05674338461538461
0.09074769230769231
0.12433476923076923
0.14018953846153845
0.11828492307692307
0.045895384615384616
-0.05444861538461539
-0.11432123076923076
-0.12245723076923076
-0.09700615384615385
-0.058829538461538454
-0.019192615384615384
0.027745846153846152
0.06759138461538462
0.11140061538461538
