-0.13267938461538462
-0.14290153846153844
-0.12099692307692309
-0.086784
-0.06571384615384615
-0.05570030769230769
-0.025659692307692307
0.010639384615384617
0.040679999999999994
0.02858030769230769
-0.021278769230769233
-0.07927384615384615
-0.13267938461538462
-0.130176
-0.09679753846153846
-0.0771876923076923
-0.051319384615384614
-0.04401784615384615
-0.018983999999999997
0.027328615384615382
0.05653476923076922
0.06195876923076923
0.014603076923076923
-0.024199384615384616
-0.02023569230769231
0.02023569230769231
0.06279323076923077
0.07572738461538461
0.08720123076923077
0.09199938461538461
0.12037107692307693
0.14081538461538462
0.12808984615384614
0.08991323076923076
0.03379569230769231
0.03024923076923077
0.05277969230769231
0.08115138461538463
0.10514215384615383
0.09241661538461539
0.08010830769230769
0.08699261538461538
0.11974523076923077
0.1356
0.09992676923076924
0.05778646153846154
0.011891076923076923
0.0016689230769230767
0.02545107692307692
0.027328615384615382
0.024199384615384616
0.01814953846153846
0.03504738461538461
0.06008123076923077
0.07927384615384615
0.07280676923076923
0.011891076923076923
-0.048816000000000005
-0.0934596923076923
-0.09512861538461538
-0.08344615384615384
-0.07238953846153846
-0.01981846153846154
0.01668923076923077
0.06675692307692307
0.12391753846153845
0.13121907692307694
0.09429415384615383
0.017523692307692306
-0.03421292307692308
-0.05736923076923077
-0.05757784615384615
-0.052153846153846155
-0.07155507692307693
-0.07739630769230768
-0.07197230769230768
-0.03650769230769231
-0.010639384615384617
-0.028163076923076923
-0.05236246153846154
-0.09137353846153846
-0.1045163076923077
-0.08720123076923077
-0.06195876923076923
-0.05319692307692307
-0.07364123076923076
-0.06592246153846154
-0.040679999999999994
-0.019192615384615384
-0.028371692307692306
-0.08991323076923076
-0.13706030769230768
-0.16710092307692306
-0.1635544615384615
-0.11056615384615384
-0.07030338461538461
-0.03880246153846154
-0.015646153846153844
0.035464615384615386
0.10180430769230768
0.12016246153846154
0.09909230769230769
0.043600615384615383
0.011891076923076923
-0.0050067692307692304
-0.012099692307692308
0.012308307692307691
0.02795446153846154
0.03692492307692308
0.037342153846153844
0.059872615384615385
0.09450276923076922
0.09387692307692307
0.06028984615384615
0.010222153846153844
0.0035464615384615383
0.019609846153846155
0.03650769230769231
0.059664
0.05570030769230769
0.06675692307692307
0.09158215384615384
0.11953661538461538
0.130176
0.07113784615384615
-0.002712
-0.04860738461538461
-0.05862092307692307
-0.041514461538461535
-0.016272
0.013560000000000001
0.03713353846153846
0.07468430769230769
0.10368184615384615
0.119328
0.11160923076923077
0.06487938461538462
0.02545107692307692
-0.013768615384615384
-0.019192615384615384
0.003963692307692307
-0.0077187692307692304
-0.03045784615384615
-0.04819015384615385
-0.034630153846153845
-0.005424
-0.005632615384615384
-0.02273907692307692
-0.06362769230769232
-0.08156861538461539
-0.059872615384615385
-0.03212676923076923
-0.0025033846153846152
-0.006258461538461538
0.005215384615384615
0.04214030769230769
0.07760492307692309
0.10827138461538462
0.08699261538461538
0.03838523076923077
-0.02023569230769231
-0.043600615384615383
-0.02044430769230769
0.009596307692307692
0.02357353846153846
0.008344615384615384
0.034630153846153845
0.06592246153846154
0.08344615384615384
0.1070196923076923
0.084072
0.05090215384615384
0.017523692307692306
0.009804923076923077
0.03650769230769231
0.03650769230769231
0.02273907692307692
0.019609846153846155
0.043600615384615383
0.08490646153846154
0.10931446153846153
0.10430769230769231
0.07301538461538462
0.04819015384615385
0.04130584615384615
0.05048492307692308
0.06738276923076922
0.051319384615384614
0.025033846153846153
0.020652923076923076
0.04672984615384615
0.08887015384615385
0.10555938461538462
0.10743692307692307
0.07969107692307692
0.07030338461538461
0.1028473846153846
0.1287156923076923
0.14144123076923076
0.09867507692307692
0.05653476923076922
0.058412307692307694
0.07677046153846154
0.08302892307692307
0.047981538461538464
0.019609846153846155
-0.009387692307692307
-0.028788923076923077
-0.013142769230769229
0.004798153846153846
0.007510153846153846
-0.019609846153846155
-0.028788923076923077
-0.008970461538461538
0.004798153846153846
0.012099692307692308
-0.009596307692307692
-0.045060923076923075
-0.06967753846153846
-0.07927384615384615
-0.06988615384615385
-0.0771876923076923
-0.0963803076923077
-0.11557292307692307
-0.10597661538461538
-0.06613107692307692
-0.043392
-0.019609846153846155
-0.020652923076923076
-0.02586830769230769
-0.011891076923076923
-0.0006258461538461538
-0.0033378461538461535
-0.04109723076923077
-0.06633969230769231
-0.06884307692307692
-0.05653476923076922
-0.01814953846153846
0.022530461538461537
0.03963692307692308
0.040054153846153843
0.06404492307692307
0.10243015384615384
0.10910584615384614
