-0.08845292307692308
-0.084072
-0.045895384615384616
-0.0006258461538461538
0.035464615384615386
0.04422646153846154
0.0006258461538461538
-0.054657230769230764
-0.08302892307692307
-0.08448923076923077
-0.07113784615384615
-0.058829538461538454
-0.04422646153846154
-0.010222153846153844
0.045895384615384616
0.09575446153846154
0.10409907692307692
0.06717415384615384
-0.0008344615384615384
-0.05820369230769231
-0.07426707692307692
-0.07364123076923076
-0.059038153846153844
-0.03838523076923077
-0.021904615384615383
0.02211323076923077
0.08052553846153847
0.12204
0.1314276923076923
0.09429415384615383
0.03629907692307692
-0.0008344615384615384
-0.027328615384615382
-0.037967999999999995
-0.03775938461538462
-0.04819015384615385
-0.025659692307692307
0.025659692307692307
0.06738276923076922
0.08615815384615384
0.056951999999999996
-0.0016689230769230767
-0.04631261538461538
-0.05403138461538461
-0.03588184615384615
-0.020652923076923076
-0.002712
0.028788923076923077
0.07614461538461538
0.11035753846153845
0.1097316923076923
0.06154153846153846
-0.02273907692307692
-0.08428061538461538
-0.10368184615384615
-0.08699261538461538
-0.06425353846153846
-0.05277969230769231
-0.03212676923076923
0.012099692307692308
0.06905169230769231
0.11035753846153845
0.10430769230769231
0.04526953846153846
-0.015437538461538461
-0.048816000000000005
-0.04860738461538461
-0.03504738461538461
-0.03024923076923077
-0.010639384615384617
0.021696
0.06592246153846154
0.1178676923076923
0.138312
0.0961716923076923
0.02044430769230769
-0.03400430769230769
-0.05528307692307692
-0.04088861538461538
-0.024199384615384616
-0.025659692307692307
-0.0006258461538461538
0.04819015384615385
0.1097316923076923
0.14665661538461539
0.12767261538461538
0.07635323076923077
0.0077187692307692304
-0.02899753846153846
-0.033169846153846154
-0.01856676923076923
0.0035464615384615383
0.009596307692307692
0.03150092307692308
0.07009476923076922
0.10368184615384615
0.10994030769230768
0.06613107692307692
0.005841230769230769
-0.040262769230769234
-0.048816000000000005
-0.026285538461538457
-0.006258461538461538
0.014603076923076923
0.027120000000000002
0.04819015384615385
0.09095630769230768
0.111192
0.08073415384615384
0.03379569230769231
-0.004172307692307692
-0.02044430769230769
-0.009179076923076922
-0.0035464615384615383
-0.0077187692307692304
-0.004798153846153846
0.014811692307692307
0.06216738461538462
0.11098338461538461
0.11724184615384614
0.08135999999999999
0.013768615384615384
-0.0448523076923077
-0.05820369230769231
-0.04965046153846154
-0.030875076923076922
-0.013351384615384614
0.011891076923076923
0.054657230769230764
0.08177723076923075
0.08469784615384615
0.06362769230769232
0.013768615384615384
-0.034630153846153845
-0.05820369230769231
-0.05277969230769231
-0.03984553846153846
-0.03901107692307692
-0.03233538461538461
-0.0070929230769230765
0.03212676923076923
0.06258461538461538
0.06884307692307692
0.03713353846153846
-0.00855323076923077
-0.021278769230769233
-0.013142769230769229
0.0006258461538461538
0.0002086153846153846
-0.018358153846153843
-0.028163076923076923
-0.01668923076923077
0.014603076923076923
0.03421292307692308
0.025659692307692307
0.009804923076923077
0.006049846153846154
0.007510153846153846
0.009596307692307692
-0.0016689230769230767
-0.032544
-0.051528
-0.045060923076923075
-0.011056615384615385
0.01668923076923077
0.018775384615384614
0.011265230769230769
0.005215384615384615
0.01856676923076923
0.04401784615384615
0.06633969230769231
0.05799507692307692
0.03233538461538461
0.02586830769230769
0.035464615384615386
0.04839876923076923
0.04631261538461538
0.025659692307692307
-0.006049846153846154
-0.02586830769230769
-0.02586830769230769
-0.0070929230769230765
0.005632615384615384
-0.026285538461538457
-0.051528
-0.041514461538461535
-0.006467076923076923
0.040262769230769234
0.04735569230769231
0.040679999999999994
0.046104
0.05507446153846154
0.06279323076923077
0.04714707692307692
0.007510153846153846
-0.04088861538461538
-0.058829538461538454
-0.037342153846153844
0.0077187692307692304
0.03880246153846154
0.037967999999999995
0.03129230769230769
0.03421292307692308
0.05486584615384615
0.06738276923076922
0.04172307692307692
-0.011473846153846154
-0.06216738461538462
-0.08198584615384615
-0.05945538461538461
-0.02273907692307692
0.021904615384615383
0.05194523076923077
0.06654830769230768
0.0934596923076923
0.10994030769230768
0.09867507692307692
0.05173661538461538
-0.010222153846153844
-0.05945538461538461
-0.07364123076923076
-0.06383630769230769
-0.05507446153846154
-0.04631261538461538
-0.02858030769230769
0.024408000000000003
0.07656184615384615
0.09033046153846153
0.07656184615384615
0.0050067692307692304
-0.06967753846153846
-0.0892873846153846
-0.06675692307692307
-0.017523692307692306
0.02273907692307692
0.0678
0.09971815384615385
0.10764553846153846
0.09971815384615385
0.05924676923076923
-0.00855323076923077
-0.09700615384615385
-0.1368516923076923
-0.10347323076923076
