0.12642092307692307
0.054240000000000003
-0.06341907692307691
-0.11953661538461538
-0.14978584615384616
-0.12454338461538461
-0.06195876923076923
-0.0004172307692307692
0.06696553846153847
0.10159569230769232
0.14457046153846154
0.14039815384615384
0.06279323076923077
-0.022947692307692308
-0.103056
-0.11807630769230769
-0.08740984615384616
-0.03650769230769231
0.01272553846153846
0.03421292307692308
0.08720123076923077
0.11953661538461538
0.12308307692307692
0.08761846153846153
0.003963692307692307
-0.05611753846153846
-0.11682461538461539
-0.10430769230769231
-0.047772923076923074
-0.02044430769230769
0.01981846153846154
0.026494153846153844
0.059038153846153844
0.08428061538461538
0.056951999999999996
0.028788923076923077
-0.049233230769230765
-0.11140061538461538
-0.12975876923076923
-0.10952307692307692
-0.06216738461538462
-0.043392
-0.014811692307692307
0.0012516923076923076
0.015228923076923076
0.029832
-0.008761846153846153
-0.06195876923076923
-0.11870215384615385
-0.12788123076923075
-0.08845292307692308
-0.04819015384615385
-0.013142769230769229
-0.015854769230769228
-0.009179076923076922
0.011682461538461537
0.029832
0.014185846153846153
-0.06133292307692308
-0.11849353846153846
-0.1395636923076923
-0.10785415384615385
-0.031918153846153846
0.026494153846153844
0.04631261538461538
0.0448523076923077
0.07593599999999999
0.11473846153846154
0.11953661538461538
0.08636676923076922
0.028371692307692306
-0.0043809230769230765
-0.022530461538461537
-0.004798153846153846
0.03442153846153846
0.023364923076923075
0.010639384615384617
0.016063384615384615
0.0446436923076923
0.09074769230769231
0.09909230769230769
0.07593599999999999
0.021904615384615383
-0.02044430769230769
-0.007510153846153846
0.005841230769230769
0.009596307692307692
0.003755076923076923
0.012099692307692308
0.056326153846153845
0.09512861538461538
0.11807630769230769
0.09012184615384615
0.01668923076923077
-0.06216738461538462
-0.09241661538461539
-0.06446215384615385
-0.03504738461538461
-0.004798153846153846
0.02357353846153846
0.073224
0.13309661538461537
0.16647507692307692
0.15124615384615384
0.07092923076923077
-0.008136
-0.04631261538461538
-0.03984553846153846
-0.002712
0.0008344615384615384
-0.011265230769230769
-0.008136
0.015646153846153844
0.07551876923076924
0.09241661538461539
0.056951999999999996
0.0043809230769230765
-0.06008123076923077
-0.08010830769230769
-0.06738276923076922
-0.04318338461538461
-0.03066646153846154
-0.029623384615384614
-0.009179076923076922
0.02586830769230769
0.05674338461538461
0.037967999999999995
-0.013560000000000001
-0.08177723076923075
-0.12788123076923075
-0.11745046153846153
-0.09241661538461539
-0.05590892307692308
-0.02273907692307692
0.007301538461538462
0.04172307692307692
0.06008123076923077
0.06195876923076923
0.012308307692307691
-0.07948246153846153
-0.12245723076923076
-0.11557292307692307
-0.08010830769230769
-0.041514461538461535
-0.019609846153846155
0.010639384615384617
0.01981846153846154
0.03233538461538461
0.04172307692307692
0.011891076923076923
-0.03629907692307692
-0.09095630769230768
-0.10076123076923077
-0.06446215384615385
-0.031918153846153846
-0.017523692307692306
-0.025659692307692307
-0.01814953846153846
0.019609846153846155
0.054657230769230764
0.05382276923076923
0.0025033846153846152
-0.045895384615384616
-0.05924676923076923
-0.042348923076923076
-0.010013538461538461
0.012308307692307691
0.042557538461538466
0.07364123076923076
0.10076123076923077
0.130176
0.13267938461538462
0.10827138461538462
0.051528
0.006049846153846154
0.002086153846153846
0.026702769230769228
0.06821723076923077
0.0826116923076923
0.08949599999999999
0.07155507692307693
0.05799507692307692
0.07197230769230768
0.06341907692307691
0.037967999999999995
-0.00855323076923077
-0.016480615384615385
-0.004798153846153846
0.0029206153846153843
0.011891076923076923
-0.021904615384615383
-0.03129230769230769
-0.023364923076923075
-0.0014603076923076922
0.021696
0.0012516923076923076
-0.01668923076923077
-0.033169846153846154
-0.018775384615384614
0.01397723076923077
0.029832
0.02044430769230769
-0.021278769230769233
-0.025659692307692307
-0.003129230769230769
0.02795446153846154
0.059872615384615385
0.03921969230769231
0.024408000000000003
0.03713353846153846
0.06467076923076923
0.09784061538461537
0.08469784615384615
0.07739630769230768
0.06592246153846154
0.05298830769230769
0.04756430769230769
0.01940123076923077
0.003129230769230769
-0.030875076923076922
-0.029623384615384614
0.005424
0.03921969230769231
0.07218092307692307
0.03129230769230769
-0.01856676923076923
-0.04214030769230769
-0.04088861538461538
0.0022947692307692304
0.015437538461538461
0.017732307692307693
0.027745846153846152
0.04902461538461538
0.09012184615384615
0.08574092307692306
0.059872615384615385
0.011473846153846154
-0.03942830769230769
-0.03775938461538462
-0.006675692307692307
0.032544
0.03504738461538461
0.03984553846153846
0.061750153846153844
