-0.004589538461538461
-0.09137353846153846
-0.13476553846153844
-0.13038461538461538
-0.09804923076923076
-0.06675692307692307
-0.04172307692307692
-0.0016689230769230767
0.04714707692307692
0.09283384615384616
0.11640738461538462
0.09575446153846154
0.052571076923076915
0.02273907692307692
0.017940923076923077
0.03588184615384615
0.049233230769230765
0.047981538461538464
0.04088861538461538
0.04422646153846154
0.07823076923076923
0.09930092307692308
0.07468430769230769
0.01981846153846154
-0.04735569230769231
-0.07343261538461537
-0.04547815384615384
0.0043809230769230765
0.04756430769230769
0.07510153846153846
0.10597661538461538
0.12558646153846154
0.13309661538461537
0.10681107692307691
0.03400430769230769
-0.04547815384615384
-0.10201292307692307
-0.11411261538461538
-0.09846646153846153
-0.07927384615384615
-0.0717636923076923
-0.05799507692307692
-0.011056615384615385
0.04693846153846153
0.08240307692307691
0.07238953846153846
0.021070153846153846
-0.03045784615384615
-0.05924676923076923
-0.048816000000000005
-0.017315076923076923
-0.006049846153846154
0.002712
0.01272553846153846
0.04526953846153846
0.07843938461538462
0.06571384615384615
0.025659692307692307
-0.042348923076923076
-0.084072
-0.07656184615384615
-0.0446436923076923
0.003755076923076923
0.028788923076923077
0.04756430769230769
0.08594953846153845
0.111192
0.09992676923076924
0.05590892307692308
-0.0043809230769230765
-0.055491692307692304
-0.07405846153846153
-0.06383630769230769
-0.04819015384615385
-0.034630153846153845
-0.019609846153846155
0.02023569230769231
0.08156861538461539
0.12788123076923075
0.1314276923076923
0.08949599999999999
0.03233538461538461
-0.012308307692307691
-0.019192615384615384
-0.01397723076923077
-0.012099692307692308
-0.006675692307692307
-0.0035464615384615383
0.025659692307692307
0.05945538461538461
0.07051199999999999
0.054657230769230764
0.008344615384615384
-0.02044430769230769
-0.006049846153846154
0.027745846153846152
0.052153846153846155
0.05382276923076923
0.06070707692307692
0.07364123076923076
0.07948246153846153
0.07802215384615384
0.04422646153846154
-0.0014603076923076922
-0.042348923076923076
-0.047981538461538464
-0.013560000000000001
0.02273907692307692
0.05570030769230769
0.07072061538461538
0.09846646153846153
0.13893784615384613
0.16334584615384617
0.16313723076923078
0.11953661538461538
0.04547815384615384
-0.010639384615384617
-0.024408000000000003
-0.01814953846153846
-0.006884307692307692
0.001043076923076923
0.02586830769230769
0.07009476923076922
0.10889723076923077
0.12955015384615384
0.09158215384615384
0.014811692307692307
-0.03567323076923076
-0.04214030769230769
-0.017315076923076923
0.006675692307692307
0.02232184615384615
0.03692492307692308
0.04860738461538461
0.06404492307692307
0.07051199999999999
0.043392
-0.017315076923076923
-0.06446215384615385
-0.07781353846153846
-0.06028984615384615
-0.02086153846153846
-0.006258461538461538
-0.007510153846153846
-0.0029206153846153843
0.03275261538461539
0.08740984615384616
0.09846646153846153
0.06926030769230769
0.016063384615384615
-0.03609046153846154
-0.049233230769230765
-0.032544
-0.015020307692307692
-0.02273907692307692
-0.03775938461538462
-0.027328615384615382
0.0008344615384615384
0.029623384615384614
0.02315630769230769
-0.005841230769230769
-0.03629907692307692
-0.05048492307692308
-0.01710646153846154
0.016272
0.022530461538461537
0.014811692307692307
0.012934153846153845
0.030875076923076922
0.048816000000000005
0.06154153846153846
0.040054153846153843
-0.012308307692307691
-0.04902461538461538
-0.059872615384615385
-0.03880246153846154
-0.023364923076923075
-0.019609846153846155
-0.0016689230769230767
0.012516923076923077
0.03629907692307692
0.04693846153846153
0.038176615384615385
0.020027076923076922
-0.015854769230769228
-0.018358153846153843
-0.008344615384615384
-0.003963692307692307
-0.010013538461538461
-0.03921969230769231
-0.054240000000000003
-0.047772923076923074
-0.023782153846153845
-0.021904615384615383
-0.040679999999999994
-0.05570030769230769
-0.05736923076923077
-0.033169846153846154
-0.008761846153846153
0.0018775384615384615
-0.016897846153846156
-0.04401784615384615
-0.040262769230769234
-0.022947692307692308
-0.01272553846153846
-0.02482523076923077
-0.046104
-0.04819015384615385
-0.02858030769230769
0.009179076923076922
0.035255999999999996
0.03567323076923076
0.02858030769230769
0.021904615384615383
0.028788923076923077
0.04547815384615384
0.05528307692307692
0.04985907692307692
0.027745846153846152
0.03066646153846154
0.05674338461538461
0.06487938461538462
0.04631261538461538
0.011682461538461537
-0.008136
-0.002712
0.02545107692307692
0.05716061538461538
0.06592246153846154
0.05820369230769231
0.06404492307692307
0.08115138461538463
0.09846646153846153
0.09512861538461538
0.05277969230769231
0.001043076923076923
-0.04318338461538461
-0.04693846153846153
-0.016480615384615385
0.009596307692307692
0.02044430769230769
0.023364923076923075
0.048816000000000005
0.07301538461538462
