0.11536430769230768
0.04756430769230769
-0.01043076923076923
-0.03880246153846154
-0.03713353846153846
0.0070929230769230765
0.02211323076923077
0.028788923076923077
0.044435076923076924
0.06321046153846153
0.11140061538461538
0.1353913846153846
0.13706030769230768
0.09053907692307692
0.021278769230769233
-0.003755076923076923
0.007510153846153846
0.04735569230769231
0.06696553846153847
0.086784
0.11265230769230769
0.11953661538461538
0.1287156923076923
0.08386338461538462
-0.013768615384615384
-0.10159569230769232
-0.14853415384615384
-0.132888
-0.08949599999999999
-0.02858030769230769
0.02086153846153846
0.05924676923076923
0.09074769230769231
0.08490646153846154
0.05674338461538461
-0.016897846153846156
-0.0934596923076923
-0.14164984615384615
-0.1612596923076923
-0.12245723076923076
-0.07405846153846153
-0.03233538461538461
0.014185846153846153
0.05862092307692307
0.10514215384615383
0.111192
0.06884307692307692
-0.006258461538461538
-0.07739630769230768
-0.11223507692307692
-0.11432123076923076
-0.05319692307692307
0.025659692307692307
0.0988836923076923
0.16105107692307694
0.1923433846153846
0.20548615384615385
0.1721076923076923
0.08615815384615384
-0.022947692307692308
-0.10660246153846153
-0.12913292307692306
-0.08949599999999999
-0.03024923076923077
0.035464615384615386
0.10618523076923077
0.16626646153846153
0.21070153846153844
0.19171753846153847
0.10931446153846153
0.0033378461538461535
-0.08845292307692308
-0.11703323076923078
-0.08490646153846154
-0.01710646153846154
0.05820369230769231
0.1178676923076923
0.15750461538461538
0.17565415384615385
0.15604430769230768
0.0961716923076923
0.028163076923076923
-0.03775938461538462
-0.07364123076923076
-0.05757784615384615
-0.0035464615384615383
0.06279323076923077
0.10827138461538462
0.1356
0.15270646153846154
0.13935507692307691
0.0853236923076923
0.0016689230769230767
-0.100344
-0.17273353846153844
-0.1860849230769231
-0.14957723076923077
-0.09283384615384616
-0.03337846153846154
0.0446436923076923
0.1136953846153846
0.13726892307692307
0.13101046153846155
0.08094276923076923
-0.03212676923076923
-0.14164984615384615
-0.20798953846153845
-0.20819815384615384
-0.16835261538461538
-0.12120553846153845
-0.054657230769230764
0.009804923076923077
0.08177723076923075
0.11974523076923077
0.1097316923076923
0.05862092307692307
-0.019192615384615384
-0.06529661538461538
-0.07906523076923076
-0.05298830769230769
-0.024408000000000003
0.006258461538461538
0.04047138461538462
0.05653476923076922
0.07885661538461539
0.06571384615384615
0.016063384615384615
-0.05069353846153846
-0.12454338461538461
-0.14665661538461539
-0.12245723076923076
-0.0828203076923077
-0.031709538461538456
0.014811692307692307
0.0609156923076923
0.10138707692307691
0.12579507692307693
0.1207883076923077
0.07259815384615384
0.009179076923076922
-0.042348923076923076
-0.050067692307692306
-0.03650769230769231
-0.03609046153846154
-0.012308307692307691
0.021487384615384613
0.05277969230769231
0.08365476923076923
0.09679753846153846
0.07843938461538462
0.024616615384615383
-0.016897846153846156
-0.03045784615384615
-0.004589538461538461
0.03692492307692308
0.054657230769230764
0.07072061538461538
0.09053907692307692
0.11265230769230769
0.10994030769230768
0.07092923076923077
0.0077187692307692304
-0.05757784615384615
-0.09533723076923077
-0.08907876923076924
-0.05277969230769231
-0.019192615384615384
0.010639384615384617
0.03838523076923077
0.08073415384615384
0.12245723076923076
0.13726892307692307
0.12391753846153845
0.08344615384615384
0.041514461538461535
0.023990769230769232
0.02315630769230769
0.017315076923076923
0.01043076923076923
0.013768615384615384
0.03984553846153846
0.06571384615384615
0.07969107692307692
0.073224
0.034630153846153845
-0.004172307692307692
-0.031918153846153846
-0.03337846153846154
-0.026911384615384615
-0.018358153846153843
0.0012516923076923076
0.03066646153846154
0.07677046153846154
0.09283384615384616
0.06467076923076923
-0.003963692307692307
-0.08699261538461538
-0.14144123076923076
-0.168144
-0.15416676923076922
-0.13267938461538462
-0.09971815384615385
-0.03421292307692308
0.03650769230769231
0.10660246153846153
0.12662953846153846
0.09533723076923077
0.028788923076923077
-0.03880246153846154
-0.05653476923076922
-0.04985907692307692
-0.022530461538461537
0.0
0.00855323076923077
0.03755076923076923
0.07426707692307692
0.103056
0.09596307692307693
0.04672984615384615
0.007510153846153846
-0.01814953846153846
-0.016897846153846156
-0.0070929230769230765
-0.023990769230769232
-0.021487384615384613
0.0006258461538461538
0.05799507692307692
0.12204
0.12725538461538463
0.08511507692307693
0.016063384615384615
-0.032544
-0.05653476923076922
-0.06571384615384615
-0.06341907692307691
-0.05716061538461538
-0.029414769230769227
0.01668923076923077
0.07405846153846153
0.09199938461538461
0.03838523076923077
-0.04214030769230769
-0.1151556923076923
-0.14665661538461539
