-0.0070929230769230765
0.008136
0.017940923076923077
0.03483876923076923
0.04985907692307692
0.0717636923076923
0.06279323076923077
0.014603076923076923
-0.042348923076923076
-0.073224
-0.05799507692307692
-0.020027076923076922
0.01814953846153846
0.022530461538461537
0.015437538461538461
0.026494153846153844
0.03275261538461539
0.01940123076923077
-0.021696
-0.06988615384615385
-0.1028473846153846
-0.09763200000000001
-0.05507446153846154
-0.019609846153846155
-0.005841230769230769
0.005215384615384615
0.03129230769230769
0.07197230769230768
0.10555938461538462
0.09825784615384614
0.04401784615384615
-0.012934153846153845
-0.03838523076923077
-0.03024923076923077
-0.012516923076923077
-0.011682461538461537
-0.016063384615384615
-0.017732307692307693
0.002086153846153846
0.04985907692307692
0.08240307692307691
0.07760492307692309
0.03483876923076923
-0.008970461538461538
-0.015228923076923076
-0.006884307692307692
0.004798153846153846
0.004172307692307692
-0.008970461538461538
-0.0043809230769230765
0.024408000000000003
0.05757784615384615
0.053614153846153846
0.015228923076923076
-0.021904615384615383
-0.01940123076923077
0.013351384615384614
0.04902461538461538
0.0771876923076923
0.05611753846153846
0.026911384615384615
0.030875076923076922
0.042557538461538466
0.04318338461538461
0.014394461538461538
-0.02753723076923077
-0.06049846153846154
-0.042348923076923076
0.014811692307692307
0.040054153846153843
0.02795446153846154
0.005841230769230769
0.0002086153846153846
0.005841230769230769
0.009596307692307692
0.010639384615384617
-0.008970461538461538
-0.053614153846153846
-0.05653476923076922
-0.01043076923076923
0.02524246153846154
0.05090215384615384
0.05757784615384615
0.06362769230769232
0.08365476923076923
0.11306953846153844
0.11745046153846153
0.07238953846153846
0.020652923076923076
-0.001043076923076923
0.018983999999999997
0.056951999999999996
0.08761846153846153
0.09074769230769231
0.06946892307692307
0.06362769230769232
0.09074769230769231
0.11891076923076922
0.11828492307692307
0.0988836923076923
0.0936683076923077
0.10055261538461538
0.10076123076923077
0.086784
0.05048492307692308
0.01043076923076923
-0.02524246153846154
-0.021278769230769233
0.006884307692307692
0.003129230769230769
-0.018983999999999997
-0.042348923076923076
-0.03838523076923077
-0.014185846153846153
0.011473846153846154
0.016480615384615385
-0.014394461538461538
-0.03504738461538461
-0.037342153846153844
-0.023782153846153845
-0.016480615384615385
-0.03838523076923077
-0.07510153846153846
-0.09846646153846153
-0.0826116923076923
-0.04401784615384615
0.0016689230769230767
0.02023569230769231
0.018983999999999997
0.02899753846153846
0.04088861538461538
0.07218092307692307
0.08094276923076923
0.04693846153846153
0.02211323076923077
0.013351384615384614
0.021904615384615383
0.028788923076923077
0.003755076923076923
-0.02899753846153846
-0.04631261538461538
-0.02858030769230769
0.013560000000000001
0.027328615384615382
0.011891076923076923
-0.006884307692307692
0.0008344615384615384
0.03045784615384615
0.050067692307692306
0.05319692307692307
0.03296123076923077
0.0006258461538461538
-0.017315076923076923
-0.013768615384615384
0.0006258461538461538
-0.0077187692307692304
-0.03650769230769231
-0.06550523076923077
-0.07572738461538461
-0.0446436923076923
-0.008761846153846153
0.006258461538461538
0.005215384615384615
0.0014603076923076922
0.005841230769230769
0.012099692307692308
0.015020307692307692
0.0014603076923076922
-0.00855323076923077
0.007510153846153846
0.04276615384615385
0.07259815384615384
0.06049846153846154
0.021904615384615383
-0.021070153846153846
-0.04902461538461538
-0.040054153846153843
-0.03024923076923077
-0.03859384615384615
-0.04902461538461538
-0.040679999999999994
-0.006467076923076923
0.03108369230769231
0.056951999999999996
0.047772923076923074
0.011056615384615385
-0.003129230769230769
0.014603076923076923
0.04944184615384615
0.06133292307692308
0.05277969230769231
0.03838523076923077
0.02545107692307692
0.03942830769230769
0.04109723076923077
0.008344615384615384
-0.03984553846153846
-0.06946892307692307
-0.052571076923076915
-0.009596307692307692
0.024199384615384616
0.051319384615384614
0.06717415384615384
0.07468430769230769
0.11286092307692308
0.14415323076923076
0.1314276923076923
0.08490646153846154
0.022947692307692308
-0.023364923076923075
-0.042974769230769226
-0.037342153846153844
-0.035464615384615386
-0.04547815384615384
-0.04047138461538462
-0.012308307692307691
0.03275261538461539
0.061750153846153844
0.03671630769230769
-0.019609846153846155
-0.06321046153846153
-0.06905169230769231
-0.03942830769230769
0.0022947692307692304
0.04109723076923077
0.061124307692307686
0.08490646153846154
0.1136953846153846
0.11557292307692307
0.08469784615384615
0.0016689230769230767
-0.07489292307692308
-0.09867507692307692
-0.08574092307692306
-0.04401784615384615
-0.014185846153846153
0.009179076923076922
0.04109723076923077
0.0771876923076923
0.11223507692307692
0.10493353846153847
0.054240000000000003
-0.01856676923076923
-0.0855323076923077
