0.07802215384615384
0.111192
0.132888
0.17273353846153844
0.1710646153846154
0.1289243076923077
0.03024923076923077
-0.05820369230769231
-0.0855323076923077
-0.08386338461538462
-0.03045784615384615
0.03045784615384615
0.08448923076923077
0.13372246153846154
0.1666836923076923
0.1858763076923077
0.1543753846153846
0.09012184615384615
0.01272553846153846
-0.05194523076923077
-0.07092923076923077
-0.053614153846153846
-0.015854769230769228
0.026494153846153844
0.07301538461538462
0.11974523076923077
0.15145476923076923
0.12996738461538462
0.05611753846153846
-0.03358707692307692
-0.11891076923076922
-0.14853415384615384
-0.11411261538461538
-0.05736923076923077
-0.006258461538461538
0.009596307692307692
0.030040615384615384
0.03504738461538461
0.005424
-0.02232184615384615
-0.08094276923076923
-0.11995384615384615
-0.138312
-0.11536430769230768
-0.04214030769230769
0.011473846153846154
0.06300184615384616
0.092208
0.10868861538461538
0.100344
0.05382276923076923
-0.003129230769230769
-0.07885661538461539
-0.13351384615384615
-0.1435273846153846
-0.1151556923076923
-0.044435076923076924
0.02795446153846154
0.09575446153846154
0.14457046153846154
0.15395815384615386
0.14853415384615384
0.10055261538461538
0.015437538461538461
-0.06821723076923077
-0.10743692307692307
-0.08907876923076924
-0.04568676923076923
0.024616615384615383
0.08386338461538462
0.12496061538461539
0.15145476923076923
0.1353913846153846
0.09033046153846153
0.009387692307692307
-0.06800861538461538
-0.10827138461538462
-0.10159569230769232
-0.06216738461538462
-0.024199384615384616
0.02795446153846154
0.07614461538461538
0.11432123076923076
0.12934153846153845
0.11411261538461538
0.06988615384615385
-0.0022947692307692304
-0.05528307692307692
-0.06321046153846153
-0.04172307692307692
-0.021904615384615383
0.002712
0.042348923076923076
0.08511507692307693
0.1097316923076923
0.10368184615384615
0.05444861538461539
-0.02044430769230769
-0.07593599999999999
-0.10243015384615384
-0.08344615384615384
-0.037342153846153844
0.0025033846153846152
0.03150092307692308
0.061750153846153844
0.09116492307692307
0.08699261538461538
0.0609156923076923
-0.0050067692307692304
-0.0880356923076923
-0.12955015384615384
-0.13455692307692307
-0.09825784615384614
-0.054657230769230764
-0.032544
-0.019192615384615384
-0.0029206153846153843
0.028163076923076923
0.04631261538461538
0.025033846153846153
-0.021696
-0.06675692307692307
-0.07969107692307692
-0.07885661538461539
-0.07009476923076922
-0.03838523076923077
-0.024408000000000003
-0.003963692307692307
0.016063384615384615
0.024199384615384616
0.013560000000000001
-0.05507446153846154
-0.10096984615384616
-0.11870215384615385
-0.10535076923076922
-0.06279323076923077
-0.04568676923076923
-0.02858030769230769
-0.03233538461538461
-0.02482523076923077
-0.011473846153846154
-0.018983999999999997
-0.03337846153846154
-0.07677046153846154
-0.10159569230769232
-0.10430769230769231
-0.0855323076923077
-0.04902461538461538
-0.03337846153846154
-0.018775384615384614
0.0004172307692307692
0.02315630769230769
0.040679999999999994
0.029623384615384614
-0.0043809230769230765
-0.03984553846153846
-0.05194523076923077
-0.03108369230769231
-0.0008344615384615384
0.013768615384615384
0.011265230769230769
0.035464615384615386
0.08615815384615384
0.11536430769230768
0.11473846153846154
0.06446215384615385
0.003755076923076923
-0.03901107692307692
-0.04819015384615385
-0.03442153846153846
-0.03984553846153846
-0.028788923076923077
-0.015854769230769228
0.006258461538461538
0.03024923076923077
0.03504738461538461
0.028371692307692306
-0.011891076923076923
-0.035255999999999996
-0.02086153846153846
0.011682461538461537
0.03713353846153846
0.028163076923076923
0.02211323076923077
0.026494153846153844
0.04401784615384615
0.08511507692307693
0.0880356923076923
0.05799507692307692
0.019192615384615384
-0.0043809230769230765
0.02211323076923077
0.04714707692307692
0.059664
0.055491692307692304
0.04756430769230769
0.06675692307692307
0.10055261538461538
0.12266584615384615
0.100344
0.05319692307692307
0.013351384615384614
0.008344615384615384
0.03984553846153846
0.05069353846153846
0.03150092307692308
0.01397723076923077
0.02357353846153846
0.06258461538461538
0.08636676923076922
0.09053907692307692
0.06425353846153846
0.016063384615384615
0.0029206153846153843
0.022947692307692308
0.04714707692307692
0.03045784615384615
0.0
0.004172307692307692
0.03859384615384615
0.09909230769230769
0.14811692307692306
0.138312
0.0897046153846154
0.04714707692307692
0.015228923076923076
0.007510153846153846
0.0025033846153846152
-0.010848
-0.012308307692307691
0.005841230769230769
0.053614153846153846
0.0855323076923077
0.06800861538461538
0.017732307692307693
-0.041514461538461535
-0.06446215384615385
-0.05382276923076923
-0.033169846153846154
-0.009179076923076922
-0.012308307692307691
-0.01981846153846154
-0.012099692307692308
0.010013538461538461
