-0.06550523076923077
-0.037342153846153844
-0.011891076923076923
0.02211323076923077
0.03609046153846154
0.05277969230769231
0.0897046153846154
0.12037107692307693
0.15187199999999998
0.13518276923076925
0.0855323076923077
0.04902461538461538
0.03921969230769231
0.05048492307692308
0.03483876923076923
-0.005632615384615384
-0.03504738461538461
-0.032544
-0.005215384615384615
0.006675692307692307
-0.006884307692307692
-0.05507446153846154
-0.09909230769230769
-0.08574092307692306
-0.03066646153846154
0.015646153846153844
0.017523692307692306
0.0012516923076923076
-0.011473846153846154
-0.006675692307692307
-0.0022947692307692304
-0.013560000000000001
-0.049233230769230765
-0.10347323076923076
-0.1136953846153846
-0.09137353846153846
-0.05590892307692308
-0.022530461538461537
-0.026285538461538457
-0.029832
-0.009596307692307692
0.02357353846153846
0.04422646153846154
0.03337846153846154
0.01043076923076923
-0.008136
0.0004172307692307692
0.031918153846153846
0.027745846153846152
-0.008970461538461538
-0.04214030769230769
-0.05382276923076923
-0.021904615384615383
0.017523692307692306
0.03859384615384615
0.03024923076923077
0.0035464615384615383
-0.011473846153846154
-0.011682461538461537
0.003963692307692307
0.0008344615384615384
-0.02524246153846154
-0.03629907692307692
-0.01668923076923077
0.03129230769230769
0.05674338461538461
0.05090215384615384
0.04526953846153846
0.03504738461538461
0.059872615384615385
0.07697907692307693
0.06842584615384616
0.04756430769230769
0.009596307692307692
0.006258461538461538
0.009387692307692307
0.04193169230769231
0.07134646153846153
0.06926030769230769
0.08031692307692308
0.0961716923076923
0.12433476923076923
0.10639384615384614
0.05194523076923077
-0.0012516923076923076
-0.043392
-0.04944184615384615
-0.029414769230769227
-0.0006258461538461538
-0.005632615384615384
-0.015437538461538461
0.006675692307692307
0.03233538461538461
0.05319692307692307
0.026285538461538457
-0.025659692307692307
-0.059664
-0.08845292307692308
-0.06863446153846153
-0.04088861538461538
-0.017940923076923077
0.005215384615384615
0.011891076923076923
0.04839876923076923
0.07551876923076924
0.07635323076923077
0.026702769230769228
-0.05194523076923077
-0.08115138461538463
-0.0892873846153846
-0.05820369230769231
-0.022947692307692308
-0.00855323076923077
0.013560000000000001
0.030040615384615384
0.06633969230769231
0.07531015384615385
0.042348923076923076
-0.026494153846153844
-0.09471138461538461
-0.10806276923076923
-0.11703323076923078
-0.09763200000000001
-0.054657230769230764
-0.019609846153846155
0.026702769230769228
0.06592246153846154
0.10347323076923076
0.09158215384615384
0.023364923076923075
-0.05069353846153846
-0.09304246153846155
-0.07510153846153846
-0.044435076923076924
0.0014603076923076922
0.0446436923076923
0.0771876923076923
0.11703323076923078
0.13497415384615385
0.13810338461538463
0.086784
0.004589538461538461
-0.06154153846153846
-0.10660246153846153
-0.07468430769230769
-0.003755076923076923
0.07134646153846153
0.13309661538461537
0.17398523076923075
0.23364923076923078
0.24199384615384617
0.18379015384615385
0.09700615384615385
-0.0029206153846153843
-0.06049846153846154
-0.07405846153846153
-0.043600615384615383
0.009179076923076922
0.06216738461538462
0.1097316923076923
0.14436184615384615
0.17648861538461538
0.14540492307692307
0.07238953846153846
-0.021904615384615383
-0.11327815384615383
-0.12788123076923075
-0.10618523076923077
-0.03358707692307692
0.055491692307692304
0.11578153846153846
0.17565415384615385
0.1927606153846154
0.17252492307692308
0.09053907692307692
-0.03838523076923077
-0.14144123076923076
-0.20548615384615385
-0.20506892307692307
-0.17377661538461536
-0.10827138461538462
-0.025659692307692307
0.040054153846153843
0.09658892307692307
0.10076123076923077
0.05298830769230769
-0.04172307692307692
-0.13852061538461538
-0.18712800000000002
-0.19359507692307693
-0.15291507692307693
-0.09137353846153846
-0.020652923076923076
0.03921969230769231
0.06967753846153846
0.07572738461538461
0.02586830769230769
-0.052153846153846155
-0.11974523076923077
-0.17690584615384616
-0.18379015384615385
-0.138312
-0.06216738461538462
0.011473846153846154
0.06863446153846153
0.12391753846153845
0.14394461538461537
0.13247076923076923
0.07468430769230769
-0.015228923076923076
-0.08031692307692308
-0.119328
-0.10889723076923077
-0.07092923076923077
-0.03337846153846154
-0.003963692307692307
0.03838523076923077
0.09512861538461538
0.12162276923076921
0.111192
0.04380923076923077
-0.03755076923076923
-0.08782707692307692
-0.0961716923076923
-0.055491692307692304
-0.009179076923076922
0.01940123076923077
0.03421292307692308
0.049233230769230765
0.059872615384615385
0.056951999999999996
0.03358707692307692
-0.02586830769230769
-0.06905169230769231
-0.055491692307692304
-0.015228923076923076
0.04318338461538461
0.09283384615384616
0.12433476923076923
0.15249784615384615
0.15082892307692305
0.143736
0.11640738461538462
0.058412307692307694
