-0.11432123076923076
-0.092208
-0.029206153846153847
0.03275261538461539
0.07238953846153846
0.09575446153846154
0.1045163076923077
0.07927384615384615
0.033169846153846154
-0.048816000000000005
-0.12725538461538463
-0.157296
-0.14060676923076923
-0.07948246153846153
-0.012516923076923077
0.04422646153846154
0.07030338461538461
0.08866153846153846
0.09575446153846154
0.061124307692307686
-0.017315076923076923
-0.12808984615384614
-0.208824
-0.24303692307692307
-0.22634769230769228
-0.16292861538461537
-0.09491999999999999
-0.02086153846153846
0.055491692307692304
0.10806276923076923
0.12433476923076923
0.08824430769230769
0.02315630769230769
-0.07593599999999999
-0.16334584615384617
-0.16876984615384616
-0.13101046153846155
-0.07384984615384615
-0.016063384615384615
0.03921969230769231
0.0892873846153846
0.12204
0.12245723076923076
0.07635323076923077
0.0022947692307692304
-0.06633969230769231
-0.09325107692307691
-0.06759138461538462
-0.006884307692307692
0.06154153846153846
0.12975876923076923
0.1777403076923077
0.19505538461538463
0.1856676923076923
0.13622584615384614
0.043600615384615383
-0.04526953846153846
-0.092208
-0.08991323076923076
-0.04380923076923077
0.0029206153846153843
0.04839876923076923
0.09241661538461539
0.13935507692307691
0.18712800000000002
0.1908830769230769
0.15750461538461538
0.08887015384615385
0.007510153846153846
-0.01940123076923077
-0.0025033846153846152
0.01272553846153846
0.03567323076923076
0.08219446153846154
0.13789476923076924
0.17315076923076922
0.17148184615384612
0.13935507692307691
0.07051199999999999
-0.014394461538461538
-0.06529661538461538
-0.05924676923076923
-0.028163076923076923
0.006049846153846154
0.033169846153846154
0.05945538461538461
0.0974233846153846
0.10076123076923077
0.08052553846153847
0.02545107692307692
-0.05570030769230769
-0.10117846153846152
-0.10952307692307692
-0.08344615384615384
-0.05862092307692307
-0.038176615384615385
-0.03150092307692308
-0.030875076923076922
-0.004172307692307692
-0.0002086153846153846
-0.012099692307692308
-0.045060923076923075
-0.08574092307692306
-0.07572738461538461
-0.05820369230769231
-0.026076923076923077
-0.01272553846153846
-0.011891076923076923
0.019609846153846155
0.037967999999999995
0.06529661538461538
0.05048492307692308
0.01043076923076923
-0.03024923076923077
-0.07781353846153846
-0.07259815384615384
-0.062376
-0.04526953846153846
-0.021904615384615383
-0.0022947692307692304
0.04902461538461538
0.07259815384615384
0.059038153846153844
0.01981846153846154
-0.04547815384615384
-0.07969107692307692
-0.08615815384615384
-0.06487938461538462
-0.03379569230769231
-0.015020307692307692
0.026285538461538457
0.06216738461538462
0.10159569230769232
0.12913292307692306
0.10347323076923076
0.06362769230769232
0.015437538461538461
0.010013538461538461
0.042348923076923076
0.06905169230769231
0.0880356923076923
0.07635323076923077
0.08845292307692308
0.12767261538461538
0.17273353846153844
0.19505538461538463
0.16251138461538459
0.1205796923076923
0.07405846153846153
0.042348923076923076
0.03984553846153846
0.03337846153846154
0.02357353846153846
0.03504738461538461
0.08052553846153847
0.12245723076923076
0.12433476923076923
0.08615815384615384
0.023364923076923075
-0.021070153846153846
-0.046104
-0.052153846153846155
-0.04547815384615384
-0.05277969230769231
-0.037342153846153844
-0.0022947692307692304
0.04714707692307692
0.08636676923076922
0.078648
0.03629907692307692
-0.013768615384615384
-0.03337846153846154
-0.026494153846153844
-0.012099692307692308
-0.015228923076923076
-0.02273907692307692
-0.01272553846153846
0.012934153846153845
0.06028984615384615
0.08845292307692308
0.06216738461538462
-0.0025033846153846152
-0.04693846153846153
-0.041514461538461535
-0.027120000000000002
-0.01043076923076923
-0.006258461538461538
-0.014394461538461538
0.0016689230769230767
0.027745846153846152
0.06613107692307692
0.07468430769230769
0.030040615384615384
-0.023364923076923075
-0.05382276923076923
-0.027745846153846152
0.004172307692307692
0.0077187692307692304
0.013351384615384614
0.031918153846153846
0.078648
0.12329169230769231
0.14018953846153845
0.12767261538461538
0.0771876923076923
0.019609846153846155
-0.01272553846153846
-0.0050067692307692304
0.0006258461538461538
-0.016480615384615385
-0.0006258461538461538
0.03838523076923077
0.0974233846153846
0.1397723076923077
0.12662953846153846
0.08156861538461539
-0.0029206153846153843
-0.043392
-0.028371692307692306
-0.017940923076923077
-0.020652923076923076
-0.04714707692307692
-0.03379569230769231
0.0043809230769230765
0.04088861538461538
0.05590892307692308
0.009596307692307692
-0.03150092307692308
-0.07259815384615384
-0.07572738461538461
-0.05048492307692308
-0.03713353846153846
-0.0033378461538461535
-0.008970461538461538
0.013351384615384614
0.04735569230769231
0.049233230769230765
0.05090215384615384
0.013142769230769229
-0.025033846153846153
-0.05048492307692308
-0.03129230769230769
-0.0008344615384615384
