-0.0880356923076923
-0.084072
-0.05069353846153846
-0.04214030769230769
-0.02858030769230769
0.011682461538461537
0.0744756923076923
0.14728246153846153
0.17002153846153847
0.1314276923076923
0.04526953846153846
-0.03212676923076923
-0.06258461538461538
-0.05090215384615384
-0.030040615384615384
-0.03775938461538462
-0.034630153846153845
-0.015646153846153844
0.015228923076923076
0.04276615384615385
0.008344615384615384
-0.053614153846153846
-0.11223507692307692
-0.1422756923076923
-0.11306953846153844
-0.07072061538461538
-0.04109723076923077
-0.029623384615384614
-0.02315630769230769
0.01043076923076923
0.04318338461538461
0.031918153846153846
-0.034630153846153845
-0.10159569230769232
-0.13226215384615383
-0.12955015384615384
-0.0936683076923077
-0.07134646153846153
-0.041514461538461535
0.0002086153846153846
0.061750153846153844
0.13852061538461538
0.1696043076923077
0.16021661538461537
0.08448923076923077
0.009804923076923077
-0.029414769230769227
-0.03921969230769231
0.010848
0.026285538461538457
0.02023569230769231
0.018775384615384614
0.027120000000000002
0.0678
0.07468430769230769
0.04631261538461538
-0.005215384615384615
-0.03442153846153846
-0.026702769230769228
-0.00855323076923077
0.014394461538461538
-0.011265230769230769
-0.03483876923076923
-0.012308307692307691
0.026285538461538457
0.047981538461538464
0.012099692307692308
-0.03066646153846154
-0.059664
-0.059872615384615385
-0.00855323076923077
0.03337846153846154
0.05236246153846154
0.040262769230769234
0.031709538461538456
0.058829538461538454
0.08344615384615384
0.09387692307692307
0.06216738461538462
0.02023569230769231
-0.006049846153846154
-0.0077187692307692304
0.017315076923076923
0.011473846153846154
0.001043076923076923
-0.0016689230769230767
0.013560000000000001
0.06049846153846154
0.06717415384615384
0.04839876923076923
0.017315076923076923
-0.022947692307692308
-0.04276615384615385
-0.044435076923076924
-0.010848
-0.007927384615384614
-0.015854769230769228
-0.01043076923076923
-0.0016689230769230767
0.03609046153846154
0.03901107692307692
0.037342153846153844
0.02232184615384615
0.016897846153846156
0.051528
0.06195876923076923
0.07426707692307692
0.053405538461538456
0.048816000000000005
0.08907876923076924
0.11911938461538461
0.16042523076923076
0.14874276923076923
0.11911938461538461
0.09512861538461538
0.05277969230769231
0.0446436923076923
0.01272553846153846
-0.03483876923076923
-0.052153846153846155
-0.030875076923076922
0.01668923076923077
0.040054153846153843
0.06362769230769232
0.06404492307692307
0.055491692307692304
0.05757784615384615
0.046104
0.045895384615384616
-0.013768615384615384
-0.07781353846153846
-0.09033046153846153
-0.09533723076923077
-0.047981538461538464
-0.01397723076923077
0.010013538461538461
0.028163076923076923
0.021904615384615383
0.04214030769230769
0.037967999999999995
0.029414769230769227
-0.003755076923076923
-0.04860738461538461
-0.05173661538461538
-0.049233230769230765
-0.02044430769230769
-0.007510153846153846
-0.0002086153846153846
0.022530461538461537
0.03838523076923077
0.07238953846153846
0.06717415384615384
0.026285538461538457
-0.041514461538461535
-0.09679753846153846
-0.07134646153846153
-0.03692492307692308
0.001043076923076923
0.03650769230769231
0.07218092307692307
0.111192
0.10910584615384614
0.0934596923076923
0.04109723076923077
-0.025033846153846153
-0.07551876923076924
-0.09721476923076922
-0.05778646153846154
-0.016897846153846156
0.044435076923076924
0.09095630769230768
0.11557292307692307
0.15833907692307692
0.15187199999999998
0.11244369230769231
0.03045784615384615
-0.05277969230769231
-0.09262523076923077
-0.1028473846153846
-0.04631261538461538
0.02586830769230769
0.09053907692307692
0.146448
0.18107815384615383
0.2205064615384615
0.21153599999999997
0.13768615384615385
0.040054153846153843
-0.051528
-0.07572738461538461
-0.05590892307692308
-0.017523692307692306
0.04214030769230769
0.08866153846153846
0.13247076923076923
0.15646153846153846
0.15416676923076922
0.11494707692307692
0.03838523076923077
-0.030875076923076922
-0.07051199999999999
-0.04819015384615385
-0.004589538461538461
0.04422646153846154
0.09867507692307692
0.1353913846153846
0.16480615384615382
0.15833907692307692
0.11995384615384615
0.04693846153846153
-0.05653476923076922
-0.12162276923076921
-0.12287446153846153
-0.07468430769230769
-0.008761846153846153
0.04568676923076923
0.0771876923076923
0.0974233846153846
0.100344
0.05611753846153846
-0.023782153846153845
-0.10743692307692307
-0.17711446153846155
-0.20444307692307692
-0.16292861538461537
-0.09930092307692308
-0.04318338461538461
-0.0016689230769230767
0.03880246153846154
0.07906523076923076
0.08428061538461538
0.05090215384615384
-0.02482523076923077
-0.10430769230769231
-0.15103753846153847
-0.1476996923076923
-0.09930092307692308
-0.027328615384615382
0.04944184615384615
0.10806276923076923
0.14331876923076922
0.1612596923076923
0.146448
0.0828203076923077
