0.017732307692307693
0.033169846153846154
0.05611753846153846
0.08052553846153847
0.10889723076923077
0.11745046153846153
0.08782707692307692
0.024199384615384616
-0.043600615384615383
-0.07092923076923077
-0.06654830769230768
-0.040262769230769234
-0.024616615384615383
-0.021070153846153846
0.001043076923076923
0.037342153846153844
0.07802215384615384
0.09450276923076922
0.06258461538461538
0.005424
-0.042557538461538466
-0.03775938461538462
-0.005424
0.003963692307692307
-0.005632615384615384
-0.014603076923076923
0.008344615384615384
0.034630153846153845
0.04401784615384615
0.03024923076923077
-0.010013538461538461
-0.043392
-0.042557538461538466
0.002086153846153846
0.050067692307692306
0.06821723076923077
0.06905169230769231
0.07510153846153846
0.10138707692307691
0.13852061538461538
0.14519630769230768
0.10201292307692307
0.03129230769230769
-0.02023569230769231
-0.029414769230769227
-0.009179076923076922
0.013560000000000001
0.021278769230769233
0.04088861538461538
0.07656184615384615
0.12204
0.15145476923076923
0.13101046153846155
0.06967753846153846
0.010848
-0.007510153846153846
-0.008970461538461538
0.0002086153846153846
0.018358153846153843
0.02044430769230769
0.03880246153846154
0.06926030769230769
0.09137353846153846
0.09596307692307693
0.05090215384615384
-0.0004172307692307692
-0.03358707692307692
-0.035255999999999996
0.0006258461538461538
0.005841230769230769
-0.011265230769230769
-0.015646153846153844
0.0025033846153846152
0.04193169230769231
0.06300184615384616
0.05444861538461539
0.009179076923076922
-0.0448523076923077
-0.06571384615384615
-0.05528307692307692
-0.022947692307692308
-0.008136
-0.0006258461538461538
0.017315076923076923
0.05403138461538461
0.09658892307692307
0.08490646153846154
0.04401784615384615
-0.003755076923076923
-0.02858030769230769
-0.011265230769230769
0.011265230769230769
0.026702769230769228
0.02482523076923077
0.027120000000000002
0.06195876923076923
0.09930092307692308
0.10201292307692307
0.07030338461538461
0.010639384615384617
-0.04652123076923077
-0.06696553846153847
-0.04839876923076923
-0.02044430769230769
-0.01272553846153846
-0.006675692307692307
0.011265230769230769
0.027120000000000002
0.03567323076923076
0.03629907692307692
0.015228923076923076
-0.0050067692307692304
-0.011891076923076923
0.0008344615384615384
0.015020307692307692
-0.0033378461538461535
-0.026076923076923077
-0.04860738461538461
-0.051528
-0.022530461538461537
0.0002086153846153846
-0.0002086153846153846
-0.010013538461538461
-0.0014603076923076922
0.018983999999999997
0.04276615384615385
0.05173661538461538
0.025033846153846153
-0.002086153846153846
-0.016480615384615385
-0.010013538461538461
0.006675692307692307
-0.017940923076923077
-0.04109723076923077
-0.046104
-0.03337846153846154
0.003963692307692307
0.015228923076923076
0.007510153846153846
-0.018358153846153843
-0.040262769230769234
-0.03483876923076923
-0.02482523076923077
-0.0043809230769230765
0.004172307692307692
0.011265230769230769
0.046104
0.08615815384615384
0.10618523076923077
0.08511507692307693
0.029623384615384614
-0.028371692307692306
-0.04944184615384615
-0.038176615384615385
-0.008761846153846153
0.02586830769230769
0.0448523076923077
0.06988615384615385
0.10868861538461538
0.1449876923076923
0.14665661538461539
0.0892873846153846
-0.0025033846153846152
-0.07885661538461539
-0.11223507692307692
-0.10618523076923077
-0.08031692307692308
-0.05298830769230769
-0.021904615384615383
0.029414769230769227
0.0771876923076923
0.08574092307692306
0.053614153846153846
-0.0029206153846153843
-0.047772923076923074
-0.07364123076923076
-0.06759138461538462
-0.04985907692307692
-0.059038153846153844
-0.049233230769230765
-0.02795446153846154
0.006258461538461538
0.04819015384615385
0.047772923076923074
0.02524246153846154
-0.03921969230769231
-0.10243015384615384
-0.119328
-0.11703323076923078
-0.07384984615384615
-0.03838523076923077
0.0035464615384615383
0.06300184615384616
0.08845292307692308
0.103056
0.05820369230769231
-0.02586830769230769
-0.09408553846153846
-0.14123261538461537
-0.13038461538461538
-0.08720123076923077
-0.023782153846153845
0.03504738461538461
0.08052553846153847
0.11745046153846153
0.10910584615384614
0.06362769230769232
-0.015228923076923076
-0.09241661538461539
-0.12391753846153845
-0.10952307692307692
-0.04672984615384615
0.014811692307692307
0.05924676923076923
0.11286092307692308
0.15875630769230767
0.17628
0.14477907692307693
0.06759138461538462
-0.022530461538461537
-0.0771876923076923
-0.08740984615384616
-0.05590892307692308
0.010222153846153844
0.08219446153846154
0.15959076923076923
0.21237046153846154
0.23677846153846152
0.2303113846153846
0.1558356923076923
0.054240000000000003
-0.04130584615384615
-0.0934596923076923
-0.07510153846153846
-0.04547815384615384
-0.01856676923076923
0.01272553846153846
0.051528
0.09763200000000001
0.11473846153846154
0.08761846153846153
0.02044430769230769
-0.06070707692307692
-0.10618523076923077
