0.10159569230769232
0.111192
0.0974233846153846
0.06675692307692307
0.031709538461538456
0.0035464615384615383
-0.006884307692307692
0.014603076923076923
0.03233538461538461
0.02357353846153846
0.0012516923076923076
-0.015020307692307692
0.019609846153846155
0.05319692307692307
0.03629907692307692
-0.0035464615384615383
-0.052153846153846155
-0.07280676923076923
-0.07238953846153846
-0.07739630769230768
-0.09512861538461538
-0.1287156923076923
-0.13309661538461537
-0.10639384615384614
-0.06800861538461538
-0.03379569230769231
-0.024616615384615383
-0.02482523076923077
-0.013560000000000001
0.02482523076923077
0.04693846153846153
0.029206153846153847
-0.018775384615384614
-0.07948246153846153
-0.09763200000000001
-0.07677046153846154
-0.03296123076923077
0.008344615384615384
0.01668923076923077
0.018358153846153843
0.03504738461538461
0.06759138461538462
0.07969107692307692
0.03859384615384615
-0.016897846153846156
-0.04756430769230769
-0.05757784615384615
-0.03275261538461539
0.012308307692307691
0.04172307692307692
0.05757784615384615
0.06154153846153846
0.06487938461538462
0.06717415384615384
0.04172307692307692
-0.011473846153846154
-0.059038153846153844
-0.07384984615384615
-0.042557538461538466
0.014603076923076923
0.051319384615384614
0.07572738461538461
0.100344
0.119328
0.1353913846153846
0.1218313846153846
0.059664
-0.020652923076923076
-0.06467076923076923
-0.054240000000000003
-0.01814953846153846
0.01397723076923077
0.04526953846153846
0.06967753846153846
0.07843938461538462
0.08073415384615384
0.06404492307692307
0.017940923076923077
-0.040262769230769234
-0.09387692307692307
-0.10389046153846154
-0.059872615384615385
-0.010222153846153844
0.04214030769230769
0.084072
0.1097316923076923
0.11452984615384615
0.09179076923076923
0.04380923076923077
-0.03921969230769231
-0.10243015384615384
-0.12955015384615384
-0.11745046153846153
-0.06425353846153846
-0.005424
0.06028984615384615
0.10743692307692307
0.14060676923076923
0.1704387692307692
0.143736
0.08615815384615384
0.01710646153846154
-0.059872615384615385
-0.08761846153846153
-0.07739630769230768
-0.03880246153846154
-0.003963692307692307
0.028788923076923077
0.08636676923076922
0.11870215384615385
0.1368516923076923
0.09325107692307691
0.010848
-0.05716061538461538
-0.10764553846153846
-0.09930092307692308
-0.07551876923076924
-0.015854769230769228
0.040679999999999994
0.07697907692307693
0.1205796923076923
0.11348676923076922
0.07572738461538461
0.006884307692307692
-0.06028984615384615
-0.08302892307692307
-0.05820369230769231
0.0035464615384615383
0.0446436923076923
0.07739630769230768
0.10952307692307692
0.14206707692307693
0.16480615384615382
0.1422756923076923
0.07572738461538461
-0.027120000000000002
-0.09700615384615385
-0.11494707692307692
-0.10785415384615385
-0.06821723076923077
-0.029414769230769227
0.010222153846153844
0.05778646153846154
0.09053907692307692
0.09471138461538461
0.03880246153846154
-0.04526953846153846
-0.11974523076923077
-0.1612596923076923
-0.14832553846153845
-0.11306953846153844
-0.05382276923076923
-0.006258461538461538
0.02753723076923077
0.07134646153846153
0.0897046153846154
0.07113784615384615
-0.0043809230769230765
-0.0855323076923077
-0.13267938461538462
-0.14436184615384615
-0.10347323076923076
-0.042974769230769226
0.019609846153846155
0.07238953846153846
0.11995384615384615
0.15562707692307692
0.1462393846153846
0.10159569230769232
0.03150092307692308
-0.03838523076923077
-0.06884307692307692
-0.05820369230769231
-0.011473846153846154
0.03150092307692308
0.05590892307692308
0.07739630769230768
0.0892873846153846
0.09241661538461539
0.06425353846153846
0.0004172307692307692
-0.07551876923076924
-0.10722830769230769
-0.08699261538461538
-0.054657230769230764
-0.016897846153846156
0.006467076923076923
0.03838523076923077
0.058829538461538454
0.059664
0.05611753846153846
0.012308307692307691
-0.043392
-0.0798996923076923
-0.08010830769230769
-0.050067692307692306
-0.02211323076923077
0.012308307692307691
0.04902461538461538
0.08448923076923077
0.12391753846153845
0.13998092307692306
0.10597661538461538
0.029414769230769227
-0.03692492307692308
-0.06028984615384615
-0.0446436923076923
0.003963692307692307
0.044435076923076924
0.07197230769230768
0.08010830769230769
0.09471138461538461
0.11870215384615385
0.09053907692307692
0.02858030769230769
-0.058412307692307694
-0.11432123076923076
-0.11202646153846153
-0.08198584615384615
-0.03504738461538461
-0.014394461538461538
0.0012516923076923076
0.029623384615384614
0.05048492307692308
0.05945538461538461
0.030875076923076922
-0.02482523076923077
-0.07009476923076922
-0.08344615384615384
-0.06383630769230769
-0.037342153846153844
-0.01710646153846154
-0.006884307692307692
0.007301538461538462
0.030040615384615384
0.04756430769230769
0.040054153846153843
-0.0077187692307692304
-0.06258461538461538
-0.07677046153846154
-0.05277969230769231
-0.015020307692307692
0.017523692307692306
0.02795446153846154
