0.0014603076923076922
0.06759138461538462
0.11911938461538461
0.14853415384615384
0.17565415384615385
0.18504184615384617
0.13893784615384613
0.06654830769230768
-0.016063384615384615
-0.06216738461538462
-0.05862092307692307
-0.017940923076923077
0.03400430769230769
0.0678
0.09825784615384614
0.11056615384615384
0.10618523076923077
0.09304246153846155
0.04172307692307692
-0.032544
-0.09575446153846154
-0.1028473846153846
-0.06216738461538462
-0.015646153846153844
0.050067692307692306
0.09971815384615385
0.13872923076923074
0.1597993846153846
0.138312
0.09679753846153846
0.018358153846153843
-0.05277969230769231
-0.08386338461538462
-0.06821723076923077
-0.03150092307692308
-0.018775384615384614
0.007301538461538462
0.032544
0.05757784615384615
0.08052553846153847
0.06341907692307691
0.02023569230769231
-0.04130584615384615
-0.08177723076923075
-0.08052553846153847
-0.05507446153846154
-0.018983999999999997
0.01043076923076923
0.04193169230769231
0.06863446153846153
0.0744756923076923
0.05674338461538461
0.008344615384615384
-0.04631261538461538
-0.08511507692307693
-0.10576799999999999
-0.0936683076923077
-0.05820369230769231
-0.020652923076923076
0.011682461538461537
0.04756430769230769
0.08657538461538461
0.11828492307692307
0.1045163076923077
0.045060923076923075
-0.012308307692307691
-0.06446215384615385
-0.06675692307692307
-0.034630153846153845
-0.003129230769230769
0.027745846153846152
0.041514461538461535
0.08177723076923075
0.11286092307692308
0.10848000000000001
0.05924676923076923
-0.026911384615384615
-0.07259815384615384
-0.09053907692307692
-0.06049846153846154
-0.00855323076923077
0.02753723076923077
0.06863446153846153
0.07969107692307692
0.07969107692307692
0.06467076923076923
0.024408000000000003
-0.031709538461538456
-0.10263876923076923
-0.13038461538461538
-0.11911938461538461
-0.08073415384615384
-0.031709538461538456
0.005424
0.05736923076923077
0.08824430769230769
0.1028473846153846
0.10827138461538462
0.06863446153846153
-0.003755076923076923
-0.06696553846153847
-0.08010830769230769
-0.06592246153846154
-0.043392
-0.017940923076923077
-0.0014603076923076922
0.03755076923076923
0.06905169230769231
0.06863446153846153
0.05674338461538461
0.0
-0.058829538461538454
-0.0936683076923077
-0.11181784615384616
-0.0897046153846154
-0.06008123076923077
-0.025033846153846153
0.011265230769230769
0.055491692307692304
0.07510153846153846
0.04172307692307692
0.0002086153846153846
-0.043600615384615383
-0.06571384615384615
-0.06446215384615385
-0.047772923076923074
-0.010639384615384617
0.01397723076923077
0.03150092307692308
0.051319384615384614
0.06362769230769232
0.059872615384615385
0.03421292307692308
0.0012516923076923076
-0.026494153846153844
-0.028788923076923077
-0.025033846153846153
-0.025033846153846153
-0.023990769230769232
-0.030875076923076922
-0.011473846153846154
0.02086153846153846
0.03984553846153846
0.040262769230769234
0.013351384615384614
-0.021904615384615383
-0.04631261538461538
-0.04422646153846154
-0.03942830769230769
-0.030875076923076922
0.003755076923076923
0.04214030769230769
0.08761846153846153
0.10889723076923077
0.09596307692307693
0.051319384615384614
-0.013560000000000001
-0.05027630769230769
-0.054240000000000003
-0.02357353846153846
-0.004798153846153846
0.008136
0.037342153846153844
0.06341907692307691
0.1097316923076923
0.1316363076923077
0.11849353846153846
0.08907876923076924
0.05194523076923077
0.04172307692307692
0.0448523076923077
0.05924676923076923
0.05194523076923077
0.030040615384615384
0.02753723076923077
0.03483876923076923
0.07155507692307693
0.07823076923076923
0.0448523076923077
-0.0004172307692307692
-0.04819015384615385
-0.037967999999999995
-0.017523692307692306
-0.020027076923076922
-0.03212676923076923
-0.051528
-0.03838523076923077
-0.003755076923076923
0.032544
0.02086153846153846
-0.031918153846153846
-0.06633969230769231
-0.09992676923076924
-0.09325107692307691
-0.06425353846153846
-0.052571076923076915
-0.02899753846153846
-0.016063384615384615
0.012934153846153845
0.04714707692307692
0.06133292307692308
0.02586830769230769
-0.041514461538461535
-0.05444861538461539
-0.06070707692307692
-0.051528
-0.045895384615384616
-0.05298830769230769
-0.033169846153846154
-0.028788923076923077
0.007301538461538462
0.026702769230769228
0.002086153846153846
-0.028788923076923077
-0.06383630769230769
-0.05653476923076922
-0.040262769230769234
-0.019609846153846155
-0.020652923076923076
-0.03233538461538461
0.0008344615384615384
0.041514461538461535
0.07677046153846154
0.06800861538461538
0.03108369230769231
0.003755076923076923
-0.026494153846153844
-0.031918153846153846
-0.03045784615384615
-0.034630153846153845
-0.030875076923076922
-0.01272553846153846
0.051528
0.09721476923076922
0.08511507692307693
0.03629907692307692
-0.021487384615384613
-0.03629907692307692
-0.04172307692307692
-0.023782153846153845
0.005841230769230769
0.0025033846153846152
0.011891076923076923
0.017523692307692306
