-0.001043076923076923
-0.03567323076923076
-0.05528307692307692
-0.04860738461538461
-0.005841230769230769
0.03045784615384615
0.025033846153846153
-0.01272553846153846
-0.0448523076923077
-0.0446436923076923
-0.02858030769230769
-0.004589538461538461
-0.011473846153846154
-0.03588184615384615
-0.02795446153846154
-0.01981846153846154
-0.008761846153846153
-0.013768615384615384
-0.05611753846153846
-0.08177723076923075
-0.092208
-0.06946892307692307
-0.018358153846153843
0.011056615384615385
0.010222153846153844
0.001043076923076923
0.027328615384615382
0.06258461538461538
0.08177723076923075
0.09012184615384615
0.07238953846153846
0.06821723076923077
0.07155507692307693
0.07927384615384615
0.08615815384615384
0.04985907692307692
0.018775384615384614
-0.002086153846153846
0.01397723076923077
0.06633969230769231
0.0897046153846154
0.1028473846153846
0.078648
0.07051199999999999
0.09971815384615385
0.0974233846153846
0.08135999999999999
0.03963692307692308
0.002086153846153846
-0.017315076923076923
-0.012934153846153845
0.023782153846153845
0.03024923076923077
0.020652923076923076
0.021696
0.03880246153846154
0.056951999999999996
0.042348923076923076
0.02586830769230769
-0.010848
-0.04109723076923077
-0.02795446153846154
-0.016063384615384615
0.005632615384615384
-0.0043809230769230765
-0.016272
-0.014811692307692307
-0.026076923076923077
-0.02357353846153846
-0.08240307692307691
-0.154584
-0.19609846153846153
-0.2090326153846154
-0.16042523076923076
-0.10639384615384614
-0.04714707692307692
-0.0077187692307692304
0.011682461538461537
0.033169846153846154
0.026911384615384615
-0.012516923076923077
-0.10889723076923077
-0.17899199999999998
-0.19296923076923078
-0.1712732307692308
-0.10138707692307691
-0.028163076923076923
0.03921969230769231
0.07384984615384615
0.09012184615384615
0.103056
0.08907876923076924
0.040054153846153843
-0.037967999999999995
-0.078648
-0.07405846153846153
-0.04693846153846153
-0.006258461538461538
0.011473846153846154
0.03755076923076923
0.07593599999999999
0.10138707692307691
0.11327815384615383
0.07927384615384615
0.016063384615384615
-0.047772923076923074
-0.06467076923076923
-0.024616615384615383
0.023364923076923075
0.07885661538461539
0.10430769230769231
0.11745046153846153
0.14081538461538462
0.12558646153846154
0.07969107692307692
-0.001043076923076923
-0.07572738461538461
-0.10389046153846154
-0.09763200000000001
-0.03775938461538462
0.04276615384615385
0.11828492307692307
0.16271999999999998
0.1846246153846154
0.20110523076923076
0.1693956923076923
0.09825784615384614
-0.006675692307692307
-0.08907876923076924
-0.09804923076923076
-0.06592246153846154
0.0033378461538461535
0.06529661538461538
0.09491999999999999
0.11140061538461538
0.11181784615384616
0.09763200000000001
0.04422646153846154
-0.045060923076923075
-0.13872923076923074
-0.184416
-0.16188553846153847
-0.11286092307692308
-0.04944184615384615
0.011891076923076923
0.06487938461538462
0.09825784615384614
0.10389046153846154
0.08115138461538463
0.007301538461538462
-0.09784061538461537
-0.17377661538461536
-0.1792006153846154
-0.13226215384615383
-0.06216738461538462
0.005215384615384615
0.05403138461538461
0.08156861538461539
0.09429415384615383
0.09304246153846155
0.05778646153846154
-0.007301538461538462
-0.08907876923076924
-0.14519630769230768
-0.13664307692307692
-0.09179076923076923
-0.02795446153846154
0.018983999999999997
0.03129230769230769
0.052571076923076915
0.05069353846153846
0.01814953846153846
-0.03045784615384615
-0.11014892307692307
-0.15667015384615385
-0.1489513846153846
-0.11494707692307692
-0.052571076923076915
0.006258461538461538
0.065088
0.11703323076923078
0.13247076923076923
0.12537784615384615
0.06529661538461538
0.0014603076923076922
-0.05048492307692308
-0.08615815384615384
-0.062376
-0.03129230769230769
0.02482523076923077
0.08094276923076923
0.12412615384615384
0.168144
0.18149538461538461
0.17377661538461536
0.10785415384615385
0.03755076923076923
0.009179076923076922
-0.0006258461538461538
0.022530461538461537
0.03567323076923076
0.059664
0.09137353846153846
0.09679753846153846
0.11599015384615384
0.1136953846153846
0.0826116923076923
0.03567323076923076
-0.006049846153846154
-0.0070929230769230765
0.003963692307692307
0.026702769230769228
0.04172307692307692
0.05069353846153846
0.06759138461538462
0.06988615384615385
0.06759138461538462
0.03337846153846154
-0.03212676923076923
-0.08010830769230769
-0.09179076923076923
-0.06154153846153846
-0.023782153846153845
0.006049846153846154
0.03150092307692308
0.054657230769230764
0.08594953846153845
0.09471138461538461
0.07134646153846153
0.03045784615384615
-0.02482523076923077
-0.065088
-0.0798996923076923
-0.07113784615384615
-0.04693846153846153
-0.026911384615384615
0.01043076923076923
0.059872615384615385
0.103056
0.10910584615384614
0.061750153846153844
-0.0043809230769230765
-0.06821723076923077
-0.10722830769230769
