-0.051319384615384614
-0.05090215384615384
-0.03609046153846154
-0.015228923076923076
0.033169846153846154
0.09074769230769231
0.13393107692307693
0.14331876923076922
0.08699261538461538
0.004798153846153846
-0.058829538461538454
-0.08845292307692308
-0.07572738461538461
-0.058412307692307694
-0.03650769230769231
-0.01814953846153846
0.014603076923076923
0.055491692307692304
0.056951999999999996
0.02086153846153846
-0.05674338461538461
-0.13205353846153844
-0.1639716923076923
-0.16188553846153847
-0.13476553846153844
-0.10597661538461538
-0.07802215384615384
-0.03609046153846154
0.02273907692307692
0.07948246153846153
0.07927384615384615
0.03671630769230769
-0.02044430769230769
-0.07760492307692309
-0.09095630769230768
-0.086784
-0.08574092307692306
-0.08219446153846154
-0.06487938461538462
-0.011473846153846154
0.06279323076923077
0.1070196923076923
0.08010830769230769
0.013768615384615384
-0.06028984615384615
-0.10096984615384616
-0.0892873846153846
-0.07885661538461539
-0.05319692307692307
-0.02899753846153846
0.007510153846153846
0.07426707692307692
0.10910584615384614
0.10597661538461538
0.04819015384615385
-0.02753723076923077
-0.06425353846153846
-0.04985907692307692
-0.005215384615384615
0.033169846153846154
0.07238953846153846
0.11745046153846153
0.16334584615384617
0.19150892307692308
0.1867107692307692
0.14728246153846153
0.08135999999999999
0.02211323076923077
0.002086153846153846
0.016063384615384615
0.03567323076923076
0.04380923076923077
0.06863446153846153
0.10076123076923077
0.13247076923076923
0.16647507692307692
0.1397723076923077
0.06529661538461538
-0.016063384615384615
-0.07551876923076924
-0.08031692307692308
-0.07197230769230768
-0.05736923076923077
-0.03233538461538461
-0.01043076923076923
0.04693846153846153
0.10994030769230768
0.1218313846153846
0.08991323076923076
0.02482523076923077
-0.027120000000000002
-0.04214030769230769
-0.04672984615384615
-0.03400430769230769
-0.017940923076923077
-0.0033378461538461535
0.038176615384615385
0.0853236923076923
0.10827138461538462
0.07948246153846153
0.013768615384615384
-0.030040615384615384
-0.040679999999999994
-0.015437538461538461
0.009804923076923077
0.01668923076923077
0.015646153846153844
0.01814953846153846
0.04088861538461538
0.054657230769230764
0.043600615384615383
-0.004589538461538461
-0.06362769230769232
-0.0880356923076923
-0.08469784615384615
-0.05528307692307692
-0.034630153846153845
-0.042348923076923076
-0.027745846153846152
-0.0014603076923076922
0.034630153846153845
0.06675692307692307
0.04756430769230769
-0.0016689230769230767
-0.07843938461538462
-0.11223507692307692
-0.09846646153846153
-0.08156861538461539
-0.06529661538461538
-0.06341907692307691
-0.022947692307692308
0.03379569230769231
0.08156861538461539
0.07364123076923076
0.01272553846153846
-0.024616615384615383
-0.04318338461538461
-0.017940923076923077
-0.0004172307692307692
-0.0016689230769230767
0.015228923076923076
0.02545107692307692
0.06133292307692308
0.08866153846153846
0.1028473846153846
0.0961716923076923
0.04088861538461538
-0.0006258461538461538
-0.017732307692307693
-0.003129230769230769
0.006884307692307692
-0.012308307692307691
-0.021696
-0.02524246153846154
0.0029206153846153843
0.04380923076923077
0.06049846153846154
0.04902461538461538
0.0025033846153846152
-0.016272
0.0022947692307692304
0.026911384615384615
0.03421292307692308
0.024616615384615383
0.042348923076923076
0.06446215384615385
0.10555938461538462
0.12454338461538461
0.08511507692307693
0.035464615384615386
-0.023990769230769232
-0.04109723076923077
-0.0448523076923077
-0.043392
-0.03859384615384615
-0.059664
-0.03609046153846154
0.002086153846153846
0.04088861538461538
0.05277969230769231
0.02023569230769231
0.0
-0.02023569230769231
-0.0077187692307692304
-0.002086153846153846
-0.04172307692307692
-0.06446215384615385
-0.078648
-0.06529661538461538
-0.03567323076923076
-0.013142769230769229
0.006884307692307692
-0.001043076923076923
0.011265230769230769
0.020652923076923076
0.022947692307692308
0.022947692307692308
-0.010013538461538461
-0.02273907692307692
-0.016063384615384615
0.027120000000000002
0.06404492307692307
0.058829538461538454
0.054240000000000003
0.029414769230769227
0.021696
0.03108369230769231
0.026702769230769228
0.011265230769230769
-0.018983999999999997
-0.018983999999999997
-0.002086153846153846
0.02023569230769231
0.05820369230769231
0.06362769230769232
0.05653476923076922
0.06738276923076922
0.08574092307692306
0.07802215384615384
0.03275261538461539
-0.023364923076923075
-0.0717636923076923
-0.07969107692307692
-0.05736923076923077
-0.006467076923076923
0.02586830769230769
0.029414769230769227
0.07280676923076923
0.10138707692307691
0.11265230769230769
0.08845292307692308
0.015228923076923076
-0.04401784615384615
-0.09241661538461539
-0.0826116923076923
-0.045895384615384616
-0.014185846153846153
0.03337846153846154
0.05924676923076923
0.08720123076923077
0.09158215384615384
0.06362769230769232
0.018983999999999997
-0.07134646153846153
