0.04318338461538461
-0.03483876923076923
-0.10493353846153847
-0.1205796923076923
-0.084072
-0.03567323076923076
0.03713353846153846
0.111192
0.17523692307692307
0.22822523076923076
0.241368
0.20131384615384615
0.1045163076923077
0.014394461538461538
-0.05507446153846154
-0.08302892307692307
-0.04568676923076923
0.024616615384615383
0.09700615384615385
0.13622584615384614
0.1858763076923077
0.22530461538461538
0.20632061538461538
0.143736
0.051528
-0.040679999999999994
-0.0974233846153846
-0.08365476923076923
-0.01856676923076923
0.05090215384615384
0.11202646153846153
0.16271999999999998
0.18942276923076923
0.19463815384615382
0.1504116923076923
0.06154153846153846
-0.023782153846153845
-0.07468430769230769
-0.054240000000000003
0.009179076923076922
0.0744756923076923
0.12433476923076923
0.15374953846153847
0.16418030769230768
0.1570873846153846
0.13330523076923076
0.06487938461538462
-0.028371692307692306
-0.08073415384615384
-0.08052553846153847
-0.03775938461538462
0.03421292307692308
0.08949599999999999
0.12996738461538462
0.15228923076923076
0.16647507692307692
0.15646153846153846
0.08907876923076924
-0.003963692307692307
-0.09804923076923076
-0.13518276923076925
-0.12788123076923075
-0.06696553846153847
0.015228923076923076
0.03901107692307692
0.0717636923076923
0.10535076923076922
0.11640738461538462
0.10535076923076922
0.04756430769230769
-0.030040615384615384
-0.09679753846153846
-0.11035753846153845
-0.08115138461538463
-0.03755076923076923
0.009596307692307692
0.047772923076923074
0.09575446153846154
0.12808984615384614
0.12934153846153845
0.10514215384615383
0.03567323076923076
-0.03337846153846154
-0.059664
-0.049233230769230765
-0.024408000000000003
-0.0012516923076923076
0.02044430769230769
0.04380923076923077
0.078648
0.0936683076923077
0.06863446153846153
0.0008344615384615384
-0.06675692307692307
-0.10076123076923077
-0.09575446153846154
-0.05716061538461538
-0.018358153846153843
0.013560000000000001
0.03129230769230769
0.06988615384615385
0.11390399999999999
0.11536430769230768
0.08177723076923075
0.029414769230769227
-0.02232184615384615
-0.054240000000000003
-0.059038153846153844
-0.03275261538461539
0.009804923076923077
0.03233538461538461
0.04965046153846154
0.078648
0.09387692307692307
0.06905169230769231
0.010848
-0.05069353846153846
-0.0880356923076923
-0.073224
-0.03400430769230769
-0.005424
0.017315076923076923
0.02586830769230769
0.045895384615384616
0.06383630769230769
0.05486584615384615
0.014185846153846153
-0.05277969230769231
-0.09199938461538461
-0.08907876923076924
-0.05924676923076923
-0.043392
-0.03838523076923077
-0.026285538461538457
-0.005841230769230769
0.03358707692307692
0.040262769230769234
0.011056615384615385
-0.031709538461538456
-0.06905169230769231
-0.06362769230769232
-0.03588184615384615
-0.004172307692307692
0.015228923076923076
0.031918153846153846
0.05382276923076923
0.08198584615384615
0.11703323076923078
0.09721476923076922
0.03421292307692308
-0.03650769230769231
-0.08010830769230769
-0.061124307692307686
-0.016063384615384615
0.021696
0.03838523076923077
0.04965046153846154
0.06800861538461538
0.09095630769230768
0.09533723076923077
0.04714707692307692
-0.012308307692307691
-0.0609156923076923
-0.06926030769230769
-0.03483876923076923
-0.0070929230769230765
0.02586830769230769
0.04526953846153846
0.05444861538461539
0.07426707692307692
0.09512861538461538
0.09137353846153846
0.05090215384615384
0.01272553846153846
-0.005215384615384615
0.0006258461538461538
0.018358153846153843
0.02044430769230769
0.010222153846153844
-0.004589538461538461
0.003755076923076923
0.045060923076923075
0.045895384615384616
-0.0022947692307692304
-0.05736923076923077
-0.09658892307692307
-0.09199938461538461
-0.06821723076923077
-0.045895384615384616
-0.03379569230769231
-0.02315630769230769
-0.005215384615384615
0.007510153846153846
0.015020307692307692
-0.013560000000000001
-0.06988615384615385
-0.11432123076923076
-0.12391753846153845
-0.09325107692307691
-0.07092923076923077
-0.056951999999999996
-0.0446436923076923
-0.02586830769230769
0.025659692307692307
0.061124307692307686
0.07364123076923076
0.05090215384615384
0.002086153846153846
-0.024199384615384616
-0.021696
0.018983999999999997
0.03024923076923077
0.003755076923076923
-0.008344615384615384
-0.002712
0.025033846153846153
0.027120000000000002
0.004589538461538461
-0.03129230769230769
-0.0744756923076923
-0.07927384615384615
-0.04401784615384615
0.019609846153846155
0.04672984615384615
0.03588184615384615
0.04985907692307692
0.07885661538461539
0.09325107692307691
0.06195876923076923
-0.010013538461538461
-0.07739630769230768
-0.11640738461538462
-0.11599015384615384
-0.08469784615384615
-0.05736923076923077
-0.03921969230769231
-0.023364923076923075
0.022530461538461537
0.08866153846153846
0.12016246153846154
0.10722830769230769
0.06049846153846154
0.02211323076923077
0.013560000000000001
