-0.111192
-0.11327815384615383
-0.08448923076923077
-0.015228923076923076
0.028163076923076923
0.053614153846153846
0.08156861538461539
0.11140061538461538
0.13372246153846154
0.11306953846153844
0.08240307692307691
0.031918153846153846
-0.0077187692307692304
-0.016063384615384615
-0.015646153846153844
0.014603076923076923
0.042974769230769226
0.06028984615384615
0.08469784615384615
0.103056
0.08740984615384616
0.02545107692307692
-0.041514461538461535
-0.06926030769230769
-0.047981538461538464
-0.0022947692307692304
0.05319692307692307
0.10514215384615383
0.1356
0.16042523076923076
0.16042523076923076
0.12266584615384615
0.06529661538461538
-0.025033846153846153
-0.09387692307692307
-0.10994030769230768
-0.07635323076923077
0.0002086153846153846
0.058412307692307694
0.10159569230769232
0.1341396923076923
0.16501476923076921
0.16981292307692308
0.12308307692307692
0.05236246153846154
-0.03504738461538461
-0.08448923076923077
-0.08052553846153847
-0.030040615384615384
0.023364923076923075
0.043600615384615383
0.07343261538461537
0.09679753846153846
0.11432123076923076
0.10347323076923076
0.03838523076923077
-0.040054153846153843
-0.12287446153846153
-0.16647507692307692
-0.14436184615384615
-0.08448923076923077
-0.02858030769230769
0.0014603076923076922
0.03880246153846154
0.06633969230769231
0.07510153846153846
0.045895384615384616
-0.035464615384615386
-0.10347323076923076
-0.15291507692307693
-0.14164984615384615
-0.07656184615384615
-0.018775384615384614
0.026076923076923077
0.04318338461538461
0.06592246153846154
0.0853236923076923
0.06467076923076923
0.0016689230769230767
-0.08761846153846153
-0.13726892307692307
-0.12537784615384615
-0.08073415384615384
-0.02044430769230769
0.019192615384615384
0.04214030769230769
0.05194523076923077
0.06279323076923077
0.07155507692307693
0.02899753846153846
-0.05319692307692307
-0.14123261538461537
-0.19004861538461537
-0.1908830769230769
-0.14060676923076923
-0.061124307692307686
-0.0006258461538461538
0.06028984615384615
0.10868861538461538
0.13247076923076923
0.13768615384615385
0.08699261538461538
-0.003129230769230769
-0.07969107692307692
-0.10055261538461538
-0.0717636923076923
-0.023990769230769232
0.03275261538461539
0.07489292307692308
0.11056615384615384
0.14144123076923076
0.13768615384615385
0.10743692307692307
0.05716061538461538
0.0006258461538461538
-0.027745846153846152
-0.01981846153846154
0.0006258461538461538
0.014394461538461538
0.03045784615384615
0.040679999999999994
0.07134646153846153
0.092208
0.07259815384615384
0.03400430769230769
-0.03504738461538461
-0.08344615384615384
-0.0853236923076923
-0.04631261538461538
0.006049846153846154
0.04276615384615385
0.07009476923076922
0.08448923076923077
0.09304246153846155
0.07197230769230768
0.016897846153846156
-0.03379569230769231
-0.06133292307692308
-0.05403138461538461
-0.01814953846153846
0.015646153846153844
0.05236246153846154
0.08094276923076923
0.092208
0.12767261538461538
0.14790830769230767
0.12537784615384615
0.08156861538461539
0.026494153846153844
0.009804923076923077
0.02273907692307692
0.042974769230769226
0.06300184615384616
0.06550523076923077
0.06884307692307692
0.07656184615384615
0.08177723076923075
0.07113784615384615
0.03880246153846154
-0.006675692307692307
-0.04631261538461538
-0.052153846153846155
-0.03108369230769231
-0.01981846153846154
-0.024408000000000003
-0.033169846153846154
-0.024199384615384616
-0.005424
0.001043076923076923
-0.004172307692307692
-0.035464615384615386
-0.06905169230769231
-0.08052553846153847
-0.058412307692307694
-0.03942830769230769
-0.06216738461538462
-0.086784
-0.0974233846153846
-0.07072061538461538
-0.028371692307692306
-0.018358153846153843
-0.021070153846153846
-0.04214030769230769
-0.04193169230769231
-0.0077187692307692304
0.008970461538461538
0.01397723076923077
-0.0012516923076923076
-0.014394461538461538
-0.011473846153846154
0.0022947692307692304
0.022530461538461537
-0.0012516923076923076
-0.054657230769230764
-0.0974233846153846
-0.0974233846153846
-0.06216738461538462
-0.03296123076923077
-0.0043809230769230765
0.0050067692307692304
0.02211323076923077
0.06926030769230769
0.10222153846153846
0.10326461538461539
0.05236246153846154
-0.005841230769230769
-0.03337846153846154
-0.03838523076923077
-0.026702769230769228
-0.03442153846153846
-0.04839876923076923
-0.03838523076923077
-0.005632615384615384
0.05319692307692307
0.08991323076923076
0.07843938461538462
0.04318338461538461
0.010639384615384617
0.015020307692307692
0.03901107692307692
0.06216738461538462
0.06717415384615384
0.058829538461538454
0.07238953846153846
0.09450276923076922
0.0936683076923077
0.06529661538461538
0.01940123076923077
-0.03066646153846154
-0.056951999999999996
-0.03504738461538461
0.012308307692307691
0.042974769230769226
0.06759138461538462
0.1136953846153846
0.15646153846153846
0.17461107692307692
0.17023015384615386
0.12642092307692307
0.06362769230769232
0.01856676923076923
0.003755076923076923
0.009804923076923077
0.02044430769230769
