-0.0717636923076923
-0.056951999999999996
-0.04568676923076923
0.003129230769230769
0.06967753846153846
0.13309661538461537
0.1397723076923077
0.10722830769230769
0.04735569230769231
-0.014394461538461538
-0.028371692307692306
-0.010222153846153844
0.04860738461538461
0.07948246153846153
0.09116492307692307
0.10660246153846153
0.10868861538461538
0.12120553846153845
0.09596307692307693
0.03629907692307692
-0.022947692307692308
-0.056951999999999996
-0.04860738461538461
-0.016897846153846156
0.008970461538461538
0.0006258461538461538
-0.00855323076923077
0.027120000000000002
0.07259815384615384
0.08636676923076922
0.06487938461538462
0.010848
-0.04088861538461538
-0.05611753846153846
-0.03296123076923077
-0.0008344615384615384
0.012308307692307691
0.01814953846153846
0.03421292307692308
0.06967753846153846
0.0961716923076923
0.09784061538461537
0.059872615384615385
0.0
-0.02482523076923077
-0.020027076923076922
-0.004589538461538461
-0.015437538461538461
-0.037342153846153844
-0.04214030769230769
-0.02086153846153846
0.040262769230769234
0.06154153846153846
0.035464615384615386
-0.009179076923076922
-0.05382276923076923
-0.05945538461538461
-0.04631261538461538
-0.024616615384615383
-0.020027076923076922
-0.02211323076923077
-0.008344615384615384
0.02545107692307692
0.07259815384615384
0.07364123076923076
0.05069353846153846
0.03609046153846154
0.035464615384615386
0.0678
0.09491999999999999
0.09095630769230768
0.058829538461538454
0.04047138461538462
0.05736923076923077
0.0853236923076923
0.1178676923076923
0.1207883076923077
0.11140061538461538
0.11452984615384615
0.12245723076923076
0.14561353846153846
0.14540492307692307
0.09679753846153846
0.034630153846153845
0.0050067692307692304
0.012934153846153845
0.021070153846153846
0.02753723076923077
0.018358153846153843
0.005841230769230769
0.015646153846153844
0.033169846153846154
0.06863446153846153
0.04839876923076923
0.011265230769230769
0.009596307692307692
0.0004172307692307692
0.03066646153846154
0.04735569230769231
0.04985907692307692
0.04693846153846153
0.021070153846153846
0.016480615384615385
-0.005424
-0.02211323076923077
-0.04985907692307692
-0.08448923076923077
-0.06633969230769231
-0.03442153846153846
0.027328615384615382
0.07364123076923076
0.0963803076923077
0.11745046153846153
0.09846646153846153
0.08907876923076924
0.04401784615384615
-0.04401784615384615
-0.13434830769230768
-0.20277415384615383
-0.184416
-0.13226215384615383
-0.07614461538461538
-0.030875076923076922
0.01043076923076923
0.05403138461538461
0.06049846153846154
0.059038153846153844
0.021278769230769233
-0.042557538461538466
-0.09679753846153846
-0.12788123076923075
-0.09763200000000001
-0.05590892307692308
-0.0014603076923076922
0.056951999999999996
0.09825784615384614
0.14123261538461537
0.14957723076923077
0.11619876923076923
0.04401784615384615
-0.026494153846153844
-0.06049846153846154
-0.06216738461538462
-0.008970461538461538
0.06154153846153846
0.12412615384615384
0.1733593846153846
0.19693292307692306
0.20527753846153846
0.15646153846153846
0.07739630769230768
-0.016272
-0.09909230769230769
-0.09408553846153846
-0.07072061538461538
-0.021904615384615383
0.03483876923076923
0.07030338461538461
0.12579507692307693
0.14582215384615385
0.15249784615384615
0.11223507692307692
0.022947692307692308
-0.04672984615384615
-0.0974233846153846
-0.06675692307692307
-0.009387692307692307
0.034630153846153845
0.0798996923076923
0.10263876923076923
0.13998092307692306
0.15103753846153847
0.12454338461538461
0.052571076923076915
-0.054240000000000003
-0.11452984615384615
-0.13101046153846155
-0.08699261538461538
-0.03108369230769231
0.010848
0.065088
0.10263876923076923
0.13601723076923075
0.1218313846153846
0.06258461538461538
-0.009387692307692307
-0.09095630769230768
-0.13080184615384613
-0.13038461538461538
-0.10514215384615383
-0.06425353846153846
-0.02232184615384615
0.03755076923076923
0.07072061538461538
0.07051199999999999
0.026494153846153844
-0.065088
-0.13622584615384614
-0.19046584615384615
-0.17648861538461538
-0.11473846153846154
-0.046104
0.03421292307692308
0.08073415384615384
0.11306953846153844
0.11807630769230769
0.10263876923076923
0.06279323076923077
-0.00855323076923077
-0.043392
-0.04693846153846153
-0.020652923076923076
0.016897846153846156
0.059038153846153844
0.10243015384615384
0.10660246153846153
0.1289243076923077
0.12558646153846154
0.08428061538461538
0.026285538461538457
-0.030875076923076922
-0.022947692307692308
-0.005215384615384615
0.035464615384615386
0.07426707692307692
0.08740984615384616
0.1097316923076923
0.12204
0.13747753846153846
0.10555938461538462
0.027328615384615382
-0.04902461538461538
-0.11140061538461538
-0.11578153846153846
-0.07197230769230768
-0.021278769230769233
0.026285538461538457
0.06300184615384616
0.11348676923076922
0.1585476923076923
0.1506203076923077
0.12788123076923075
0.06821723076923077
-0.0022947692307692304
