0.07197230769230768
0.11828492307692307
0.09596307692307693
0.03755076923076923
-0.02086153846153846
-0.0448523076923077
-0.03921969230769231
-0.042557538461538466
-0.041514461538461535
-0.03713353846153846
-0.006675692307692307
0.05924676923076923
0.11098338461538461
0.13309661538461537
0.10764553846153846
0.058829538461538454
0.021070153846153846
0.009804923076923077
0.011265230769230769
-0.0018775384615384615
-0.008136
-0.009179076923076922
0.02482523076923077
0.06362769230769232
0.05736923076923077
0.021696
-0.04819015384615385
-0.09721476923076922
-0.11849353846153846
-0.10868861538461538
-0.07969107692307692
-0.07238953846153846
-0.03984553846153846
0.02357353846153846
0.09992676923076924
0.15145476923076923
0.14415323076923076
0.09763200000000001
0.01940123076923077
-0.040679999999999994
-0.04693846153846153
-0.034630153846153845
-0.017315076923076923
-0.003129230769230769
0.02482523076923077
0.059038153846153844
0.09512861538461538
0.10952307692307692
0.058829538461538454
0.006675692307692307
-0.037342153846153844
-0.05590892307692308
-0.035255999999999996
-0.03692492307692308
-0.03775938461538462
-0.04985907692307692
-0.05236246153846154
-0.0025033846153846152
0.029623384615384614
0.020027076923076922
-0.03066646153846154
-0.06362769230769232
-0.058412307692307694
-0.03775938461538462
-0.016480615384615385
-0.028163076923076923
-0.013560000000000001
0.02211323076923077
0.08344615384615384
0.12955015384615384
0.10493353846153847
0.0717636923076923
0.01710646153846154
-0.017940923076923077
-0.02482523076923077
-0.009596307692307692
0.03838523076923077
0.048816000000000005
0.058412307692307694
0.07301538461538462
0.08469784615384615
0.09533723076923077
0.07531015384615385
0.03379569230769231
-0.0035464615384615383
0.0
0.021278769230769233
0.04088861538461538
0.03483876923076923
-0.0012516923076923076
-0.02023569230769231
-0.01668923076923077
0.0025033846153846152
0.006049846153846154
-0.03629907692307692
-0.06154153846153846
-0.06967753846153846
-0.06675692307692307
-0.04380923076923077
-0.04839876923076923
-0.06049846153846154
-0.07572738461538461
-0.05924676923076923
-0.01668923076923077
0.016063384615384615
0.03921969230769231
0.01981846153846154
0.008344615384615384
0.012934153846153845
0.018358153846153843
0.01814953846153846
-0.013351384615384614
-0.033169846153846154
-0.03358707692307692
-0.004589538461538461
0.03296123076923077
0.015646153846153844
-0.01668923076923077
-0.05298830769230769
-0.07197230769230768
-0.055491692307692304
-0.04735569230769231
-0.03233538461538461
-0.03775938461538462
-0.045895384615384616
-0.044435076923076924
-0.04631261538461538
-0.029414769230769227
-0.03483876923076923
-0.037967999999999995
-0.020027076923076922
0.01043076923076923
0.043392
0.029414769230769227
-0.0077187692307692304
-0.0448523076923077
-0.061124307692307686
-0.02753723076923077
0.0043809230769230765
0.029623384615384614
0.04631261538461538
0.05820369230769231
0.07677046153846154
0.07843938461538462
0.09283384615384616
0.07468430769230769
0.02273907692307692
0.007301538461538462
0.023364923076923075
0.054240000000000003
0.06133292307692308
0.058412307692307694
0.06383630769230769
0.05444861538461539
0.053614153846153846
0.05778646153846154
0.04819015384615385
-0.005215384615384615
-0.04693846153846153
-0.03609046153846154
-0.023990769230769232
0.020027076923076922
0.05194523076923077
0.0771876923076923
0.1028473846153846
0.09596307692307693
0.0934596923076923
0.04693846153846153
-0.009387692307692307
-0.05027630769230769
-0.07927384615384615
-0.06863446153846153
-0.0448523076923077
-0.003129230769230769
0.01668923076923077
0.021904615384615383
0.04860738461538461
0.062376
0.06028984615384615
0.03400430769230769
-0.010222153846153844
-0.052571076923076915
-0.06821723076923077
-0.03129230769230769
0.016063384615384615
0.05277969230769231
0.07280676923076923
0.09199938461538461
0.12037107692307693
0.08574092307692306
0.019609846153846155
-0.05298830769230769
-0.11849353846153846
-0.12725538461538463
-0.09700615384615385
-0.026076923076923077
0.026285538461538457
0.06195876923076923
0.09846646153846153
0.1218313846153846
0.13476553846153844
0.0936683076923077
0.01668923076923077
-0.07927384615384615
-0.13393107692307693
-0.11640738461538462
-0.06300184615384616
0.02795446153846154
0.10910584615384614
0.17481969230769231
0.22196676923076922
0.2355267692307692
0.22822523076923076
0.15333230769230768
0.042974769230769226
-0.05924676923076923
-0.11703323076923078
-0.08824430769230769
-0.042974769230769226
0.0077187692307692304
0.05570030769230769
0.10159569230769232
0.15750461538461538
0.1777403076923077
0.1704387692307692
0.10472492307692308
0.012308307692307691
-0.05048492307692308
-0.07384984615384615
-0.03337846153846154
0.01272553846153846
0.04902461538461538
0.0826116923076923
0.1097316923076923
0.13372246153846154
0.12245723076923076
0.06884307692307692
-0.012099692307692308
-0.09116492307692307
-0.12016246153846154
-0.08344615384615384
-0.005424
0.08219446153846154
0.1462393846153846
