-0.09053907692307692
-0.06946892307692307
-0.021904615384615383
0.022947692307692308
0.030040615384615384
0.01814953846153846
0.03379569230769231
0.07343261538461537
0.12683815384615382
0.1341396923076923
0.10138707692307691
0.042557538461538466
-0.014811692307692307
-0.03233538461538461
-0.037342153846153844
-0.03421292307692308
-0.030875076923076922
-0.003755076923076923
0.05173661538461538
0.09930092307692308
0.11891076923076922
0.09512861538461538
0.04172307692307692
-0.009179076923076922
-0.02899753846153846
-0.016063384615384615
0.0043809230769230765
-0.004172307692307692
-0.019609846153846155
-0.016272
-0.0012516923076923076
0.011265230769230769
-0.002712
-0.04422646153846154
-0.08866153846153846
-0.08782707692307692
-0.06279323076923077
-0.02273907692307692
0.01043076923076923
0.03233538461538461
0.06988615384615385
0.0963803076923077
0.13664307692307692
0.143736
0.07969107692307692
-0.005424
-0.07072061538461538
-0.092208
-0.0892873846153846
-0.08574092307692306
-0.07364123076923076
-0.04819015384615385
-0.007927384615384614
0.05590892307692308
0.11056615384615384
0.11870215384615385
0.07572738461538461
0.029623384615384614
0.02753723076923077
0.05298830769230769
0.06258461538461538
0.04860738461538461
0.05069353846153846
0.06571384615384615
0.092208
0.11724184615384614
0.119328
0.09909230769230769
0.037967999999999995
0.0014603076923076922
0.014603076923076923
0.05507446153846154
0.09053907692307692
0.08699261538461538
0.092208
0.10597661538461538
0.13038461538461538
0.1422756923076923
0.10806276923076923
0.041514461538461535
-0.02023569230769231
-0.025033846153846153
0.0018775384615384615
0.02858030769230769
0.02586830769230769
0.01940123076923077
0.02899753846153846
0.04902461538461538
0.07405846153846153
0.05716061538461538
0.011891076923076923
-0.04047138461538462
-0.07134646153846153
-0.05799507692307692
-0.03671630769230769
-0.015854769230769228
-0.002086153846153846
0.003755076923076923
0.026911384615384615
0.04693846153846153
0.051528
0.03379569230769231
0.0006258461538461538
-0.02858030769230769
-0.044435076923076924
-0.028163076923076923
-0.028163076923076923
-0.04130584615384615
-0.02899753846153846
-0.002086153846153846
0.056326153846153845
0.0974233846153846
0.09909230769230769
0.07593599999999999
0.03609046153846154
0.024408000000000003
0.02232184615384615
0.02545107692307692
0.023782153846153845
0.003129230769230769
-0.011265230769230769
-0.007510153846153846
0.004172307692307692
-0.017523692307692306
-0.058829538461538454
-0.0892873846153846
-0.10076123076923077
-0.07259815384615384
-0.03650769230769231
0.005215384615384615
0.03504738461538461
0.04088861538461538
0.06592246153846154
0.08073415384615384
0.08720123076923077
0.05277969230769231
-0.009179076923076922
-0.027745846153846152
-0.03296123076923077
-0.005841230769230769
0.017940923076923077
0.006258461538461538
0.008761846153846153
0.006258461538461538
0.03567323076923076
0.08073415384615384
0.08240307692307691
0.06425353846153846
0.03212676923076923
0.01397723076923077
0.02211323076923077
0.03421292307692308
0.016063384615384615
-0.024199384615384616
-0.06738276923076922
-0.09679753846153846
-0.07468430769230769
-0.04130584615384615
-0.033169846153846154
-0.05090215384615384
-0.048816000000000005
0.003755076923076923
0.043600615384615383
0.04172307692307692
0.004172307692307692
-0.03442153846153846
-0.0446436923076923
-0.03400430769230769
0.002086153846153846
0.025033846153846153
0.015020307692307692
0.01981846153846154
0.043600615384615383
0.07280676923076923
0.09283384615384616
0.07280676923076923
0.027120000000000002
-0.010013538461538461
-0.012516923076923077
0.00855323076923077
0.031918153846153846
0.042348923076923076
0.04109723076923077
0.04568676923076923
0.06028984615384615
0.08302892307692307
0.07197230769230768
0.024408000000000003
-0.043392
-0.08094276923076923
-0.059872615384615385
-0.03024923076923077
-0.002086153846153846
0.01814953846153846
0.03692492307692308
0.058412307692307694
0.08490646153846154
0.09512861538461538
0.05611753846153846
-0.02044430769230769
-0.086784
-0.09930092307692308
-0.04902461538461538
0.02044430769230769
0.07197230769230768
0.10055261538461538
0.11098338461538461
0.12579507692307693
0.11473846153846154
0.0744756923076923
0.003129230769230769
-0.06654830769230768
-0.10201292307692307
-0.09179076923076923
-0.028163076923076923
0.024408000000000003
0.07009476923076922
0.10722830769230769
0.12412615384615384
0.13226215384615383
0.10535076923076922
0.041514461538461535
-0.02753723076923077
-0.08720123076923077
-0.09512861538461538
-0.04860738461538461
0.004798153846153846
0.05403138461538461
0.08177723076923075
0.111192
0.1314276923076923
0.10681107692307691
0.03692492307692308
-0.04985907692307692
-0.1028473846153846
-0.11432123076923076
-0.07072061538461538
0.015228923076923076
0.0897046153846154
0.14540492307692307
0.1800350769230769
0.18545907692307692
0.16793538461538463
0.11473846153846154
