0.08115138461538463
0.09074769230769231
0.08574092307692306
0.08824430769230769
0.08866153846153846
0.10138707692307691
0.09867507692307692
0.051319384615384614
0.01814953846153846
-0.006049846153846154
0.0025033846153846152
0.03650769230769231
0.06988615384615385
0.09992676923076924
0.11974523076923077
0.1570873846153846
0.16209415384615386
0.12913292307692306
0.05736923076923077
-0.042348923076923076
-0.10764553846153846
-0.124752
-0.07760492307692309
-0.027328615384615382
0.004798153846153846
0.04380923076923077
0.054657230769230764
0.04672984615384615
0.013560000000000001
-0.058412307692307694
-0.14665661538461539
-0.20339999999999997
-0.18921415384615384
-0.14561353846153846
-0.09325107692307691
-0.03859384615384615
0.0002086153846153846
0.03755076923076923
0.05298830769230769
0.06467076923076923
0.04088861538461538
-0.04380923076923077
-0.1207883076923077
-0.17377661538461536
-0.17252492307692308
-0.13393107692307693
-0.07697907692307693
-0.010848
0.019609846153846155
0.04985907692307692
0.06738276923076922
0.043392
-0.02899753846153846
-0.1218313846153846
-0.1718990769230769
-0.1802436923076923
-0.12579507692307693
-0.05277969230769231
-0.010639384615384617
0.026702769230769228
0.05653476923076922
0.0853236923076923
0.07760492307692309
0.03233538461538461
-0.03984553846153846
-0.13810338461538463
-0.17669723076923077
-0.14081538461538462
-0.06008123076923077
0.025033846153846153
0.08448923076923077
0.14144123076923076
0.1829556923076923
0.20819815384615384
0.1913003076923077
0.10514215384615383
0.0002086153846153846
-0.08761846153846153
-0.11578153846153846
-0.07969107692307692
-0.009387692307692307
0.08761846153846153
0.1543753846153846
0.18232984615384615
0.20486030769230767
0.21153599999999997
0.16334584615384617
0.06154153846153846
-0.03609046153846154
-0.10159569230769232
-0.10868861538461538
-0.06675692307692307
0.0033378461538461535
0.07280676923076923
0.10910584615384614
0.14978584615384616
0.1691870769230769
0.13330523076923076
0.05590892307692308
-0.052153846153846155
-0.13184492307692308
-0.14540492307692307
-0.0934596923076923
-0.009179076923076922
0.05611753846153846
0.10347323076923076
0.13643446153846153
0.13914646153846155
0.10618523076923077
0.04714707692307692
-0.029623384615384614
-0.10493353846153847
-0.14394461538461537
-0.12558646153846154
-0.06759138461538462
-0.005632615384615384
0.05653476923076922
0.1028473846153846
0.12621230769230768
0.1395636923076923
0.116616
0.052153846153846155
-0.021696
-0.07551876923076924
-0.09784061538461537
-0.09158215384615384
-0.059872615384615385
-0.016063384615384615
0.02273907692307692
0.06028984615384615
0.0892873846153846
0.09679753846153846
0.06800861538461538
0.004798153846153846
-0.04756430769230769
-0.06154153846153846
-0.03650769230769231
0.00855323076923077
0.05820369230769231
0.09658892307692307
0.132888
0.1706473846153846
0.16313723076923078
0.10994030769230768
0.04047138461538462
-0.020652923076923076
-0.04172307692307692
-0.03045784615384615
0.011891076923076923
0.05862092307692307
0.09262523076923077
0.12350030769230769
0.1341396923076923
0.13789476923076924
0.1028473846153846
0.03379569230769231
-0.04401784615384615
-0.09554584615384615
-0.08574092307692306
-0.05298830769230769
-0.003755076923076923
0.03755076923076923
0.08094276923076923
0.11599015384615384
0.12496061538461539
0.12329169230769231
0.07510153846153846
-0.006675692307692307
-0.07301538461538462
-0.09763200000000001
-0.07697907692307693
-0.04631261538461538
-0.008344615384615384
0.04547815384615384
0.0934596923076923
0.13706030769230768
0.15604430769230768
0.15687876923076924
0.10639384615384614
0.026494153846153844
-0.011265230769230769
-0.03838523076923077
-0.032544
-0.018775384615384614
-0.0035464615384615383
0.03755076923076923
0.06300184615384616
0.07760492307692309
0.04985907692307692
-0.01043076923076923
-0.07364123076923076
-0.12558646153846154
-0.1218313846153846
-0.09784061538461537
-0.059664
-0.02357353846153846
-0.0035464615384615383
0.02357353846153846
0.03045784615384615
0.014603076923076923
-0.041514461538461535
-0.13038461538461538
-0.18754523076923074
-0.1942209230769231
-0.15374953846153847
-0.10722830769230769
-0.08031692307692308
-0.044435076923076924
0.006675692307692307
0.073224
0.1316363076923077
0.1435273846153846
0.10618523076923077
0.03567323076923076
-0.03129230769230769
-0.04819015384615385
-0.04422646153846154
-0.04902461538461538
-0.0448523076923077
-0.027745846153846152
0.016063384615384615
0.07489292307692308
0.11306953846153844
0.08344615384615384
0.02586830769230769
-0.008344615384615384
-0.010013538461538461
0.017940923076923077
0.026911384615384615
0.02023569230769231
0.005215384615384615
0.0025033846153846152
0.02482523076923077
0.04172307692307692
0.024408000000000003
-0.017732307692307693
-0.05236246153846154
-0.06049846153846154
-0.026285538461538457
-0.0016689230769230767
0.0008344615384615384
-0.0006258461538461538
-0.0035464615384615383
0.020652923076923076
