-0.1045163076923077
-0.08386338461538462
-0.043392
-0.0012516923076923076
0.03567323076923076
0.07927384615384615
0.10639384615384614
0.10514215384615383
0.0609156923076923
-0.030875076923076922
-0.11098338461538461
-0.13789476923076924
-0.10910584615384614
-0.06592246153846154
-0.017732307692307693
0.030875076923076922
0.07426707692307692
0.12537784615384615
0.146448
0.13351384615384615
0.059664
-0.044435076923076924
-0.11745046153846153
-0.14728246153846153
-0.10514215384615383
-0.037342153846153844
0.006884307692307692
0.040679999999999994
0.07572738461538461
0.10389046153846154
0.1045163076923077
0.05778646153846154
0.0025033846153846152
-0.03483876923076923
-0.04965046153846154
-0.01981846153846154
0.009596307692307692
0.021696
0.018358153846153843
0.012099692307692308
0.019609846153846155
0.024408000000000003
-0.0018775384615384615
-0.06404492307692307
-0.11724184615384614
-0.1435273846153846
-0.11974523076923077
-0.06905169230769231
-0.018775384615384614
0.03921969230769231
0.08699261538461538
0.12308307692307692
0.14060676923076923
0.1136953846153846
0.03337846153846154
-0.07426707692307692
-0.14999446153846155
-0.1696043076923077
-0.15166338461538462
-0.10201292307692307
-0.04172307692307692
0.005424
0.05382276923076923
0.09012184615384615
0.08845292307692308
0.05507446153846154
-0.015854769230769228
-0.08636676923076922
-0.10368184615384615
-0.07489292307692308
-0.010639384615384617
0.053405538461538456
0.09033046153846153
0.12391753846153845
0.14060676923076923
0.12808984615384614
0.08135999999999999
0.0035464615384615383
-0.05090215384615384
-0.06926030769230769
-0.026702769230769228
0.06446215384615385
0.143736
0.19296923076923078
0.19964492307692308
0.19797599999999999
0.17982646153846152
0.13643446153846153
0.08052553846153847
0.013142769230769229
-0.031709538461538456
-0.040679999999999994
-0.0016689230769230767
0.04902461538461538
0.08177723076923075
0.11411261538461538
0.14060676923076923
0.17669723076923077
0.18983999999999998
0.15500123076923078
0.08866153846153846
0.009387692307692307
-0.02545107692307692
-0.012516923076923077
0.03755076923076923
0.09867507692307692
0.12308307692307692
0.12537784615384615
0.12433476923076923
0.1136953846153846
0.08448923076923077
0.032544
-0.02524246153846154
-0.05173661538461538
-0.03233538461538461
0.012516923076923077
0.05799507692307692
0.06759138461538462
0.06717415384615384
0.08177723076923075
0.08073415384615384
0.06675692307692307
0.03045784615384615
-0.03755076923076923
-0.10389046153846154
-0.12767261538461538
-0.1045163076923077
-0.05674338461538461
-0.01981846153846154
0.0025033846153846152
0.014603076923076923
0.01043076923076923
0.003755076923076923
0.0022947692307692304
-0.010639384615384617
-0.04860738461538461
-0.06905169230769231
-0.047772923076923074
-0.008344615384615384
0.012308307692307691
0.011056615384615385
0.013768615384615384
0.021696
0.03838523076923077
0.05820369230769231
0.03713353846153846
-0.004172307692307692
-0.027328615384615382
-0.01668923076923077
0.018983999999999997
0.04839876923076923
0.09012184615384615
0.10952307692307692
0.13455692307692307
0.16835261538461538
0.18086953846153844
0.165432
0.07781353846153846
-0.012516923076923077
-0.06446215384615385
-0.055491692307692304
-0.015228923076923076
0.006675692307692307
0.03400430769230769
0.04318338461538461
0.07384984615384615
0.10848000000000001
0.11765907692307691
0.10722830769230769
0.040262769230769234
-0.007927384615384614
-0.03066646153846154
-0.04401784615384615
-0.03045784615384615
-0.03921969230769231
-0.03567323076923076
-0.006258461538461538
0.034630153846153845
0.06425353846153846
0.051528
0.0022947692307692304
-0.07551876923076924
-0.11432123076923076
-0.10931446153846153
-0.09679753846153846
-0.07259815384615384
-0.05090215384615384
-0.01668923076923077
0.02482523076923077
0.07259815384615384
0.09512861538461538
0.04944184615384615
-0.010639384615384617
-0.06341907692307691
-0.09116492307692307
-0.08198584615384615
-0.07468430769230769
-0.04860738461538461
-0.020652923076923076
0.0043809230769230765
0.05757784615384615
0.07238953846153846
0.040679999999999994
-0.027745846153846152
-0.09909230769230769
-0.119328
-0.10660246153846153
-0.07218092307692307
-0.049233230769230765
-0.013560000000000001
0.03504738461538461
0.09262523076923077
0.13309661538461537
0.10159569230769232
0.03859384615384615
-0.06529661538461538
-0.14811692307692306
-0.17023015384615386
-0.1712732307692308
-0.14686523076923075
-0.13267938461538462
-0.09387692307692307
-0.02086153846153846
0.05924676923076923
0.1287156923076923
0.13601723076923075
0.10138707692307691
0.046104
0.0029206153846153843
-0.018358153846153843
-0.027328615384615382
-0.033169846153846154
-0.04839876923076923
-0.016063384615384615
0.04214030769230769
0.10514215384615383
0.14331876923076922
0.10514215384615383
0.06279323076923077
0.030875076923076922
0.02211323076923077
0.034630153846153845
0.022947692307692308
0.013768615384615384
