-0.06988615384615385
-0.08949599999999999
-0.06529661538461538
-0.009179076923076922
0.017523692307692306
0.030875076923076922
0.03984553846153846
0.08344615384615384
0.13080184615384613
0.12913292307692306
0.08615815384615384
0.008136
-0.043392
-0.058412307692307694
-0.02795446153846154
0.01668923076923077
0.03024923076923077
0.05277969230769231
0.07697907692307693
0.13643446153846153
0.1940123076923077
0.18796246153846152
0.15667015384615385
0.10722830769230769
0.06842584615384616
0.04130584615384615
0.029206153846153847
0.03212676923076923
0.026285538461538457
0.022530461538461537
0.03504738461538461
0.07885661538461539
0.09846646153846153
0.06279323076923077
0.0070929230769230765
-0.03921969230769231
-0.040262769230769234
-0.015437538461538461
0.0018775384615384615
0.015228923076923076
0.01940123076923077
0.04088861538461538
0.09971815384615385
0.14415323076923076
0.12120553846153845
0.05319692307692307
-0.014185846153846153
-0.05382276923076923
-0.04985907692307692
-0.03379569230769231
-0.03400430769230769
-0.040262769230769234
-0.03775938461538462
-0.0033378461538461535
0.03504738461538461
0.05528307692307692
0.051319384615384614
0.00855323076923077
-0.027120000000000002
-0.05236246153846154
-0.051319384615384614
-0.04547815384615384
-0.05924676923076923
-0.05799507692307692
-0.053614153846153846
-0.0070929230769230765
0.03963692307692308
0.03108369230769231
-0.014185846153846153
-0.078648
-0.09658892307692307
-0.08198584615384615
-0.04944184615384615
-0.03129230769230769
-0.05090215384615384
-0.035464615384615386
-0.01814953846153846
0.015228923076923076
0.04714707692307692
0.028788923076923077
0.006467076923076923
-0.027328615384615382
-0.015228923076923076
0.009179076923076922
-0.009804923076923077
-0.029832
-0.05382276923076923
-0.03650769230769231
-0.011682461538461537
-0.005424
0.005632615384615384
-0.02315630769230769
-0.043392
-0.038176615384615385
-0.010222153846153844
0.016897846153846156
-0.01043076923076923
-0.033169846153846154
-0.04401784615384615
-0.027745846153846152
0.011265230769230769
0.02545107692307692
0.03421292307692308
0.032544
0.04985907692307692
0.0826116923076923
0.10493353846153847
0.11181784615384616
0.07405846153846153
0.04318338461538461
0.040054153846153843
0.055491692307692304
0.08991323076923076
0.09867507692307692
0.092208
0.07092923076923077
0.06133292307692308
0.08824430769230769
0.09679753846153846
0.06905169230769231
0.017732307692307693
-0.0014603076923076922
0.027120000000000002
0.03880246153846154
0.03859384615384615
0.028163076923076923
0.009179076923076922
0.016480615384615385
0.024408000000000003
0.025033846153846153
0.0012516923076923076
-0.05507446153846154
-0.0880356923076923
-0.0961716923076923
-0.07593599999999999
-0.03692492307692308
-0.023364923076923075
-0.010013538461538461
0.015646153846153844
0.04380923076923077
0.05590892307692308
0.03045784615384615
-0.01272553846153846
-0.05736923076923077
-0.08782707692307692
-0.0744756923076923
-0.030875076923076922
0.005215384615384615
0.013142769230769229
0.01272553846153846
0.03379569230769231
0.041514461538461535
0.03150092307692308
-0.0035464615384615383
-0.053405538461538456
-0.09199938461538461
-0.10555938461538462
-0.06842584615384616
-0.02482523076923077
0.021070153846153846
0.0448523076923077
0.059038153846153844
0.08949599999999999
0.09095630769230768
0.07364123076923076
0.014603076923076923
-0.05048492307692308
-0.06154153846153846
-0.04214030769230769
-0.013768615384615384
0.018983999999999997
0.04985907692307692
0.06863446153846153
0.09721476923076922
0.12808984615384614
0.11619876923076923
0.058412307692307694
0.0
-0.025659692307692307
-0.014394461538461538
0.023364923076923075
0.06905169230769231
0.10639384615384614
0.10639384615384614
0.09429415384615383
0.07739630769230768
0.03650769230769231
-0.02232184615384615
-0.10493353846153847
-0.16209415384615386
-0.1666836923076923
-0.12600369230769232
-0.06487938461538462
-0.0029206153846153843
0.05674338461538461
0.08574092307692306
0.10618523076923077
0.10263876923076923
0.055491692307692304
-0.025033846153846153
-0.12537784615384615
-0.17461107692307692
-0.1666836923076923
-0.11599015384615384
-0.03400430769230769
0.03233538461538461
0.08699261538461538
0.132888
0.15333230769230768
0.14686523076923075
0.103056
0.028163076923076923
-0.030875076923076922
-0.03150092307692308
0.0014603076923076922
0.04401784615384615
0.0853236923076923
0.10660246153846153
0.12204
0.132888
0.11745046153846153
0.07656184615384615
0.006675692307692307
-0.078648
-0.1341396923076923
-0.14728246153846153
-0.11536430769230768
-0.06216738461538462
-0.010639384615384617
0.040054153846153843
0.08740984615384616
0.11557292307692307
0.103056
0.04714707692307692
-0.04902461538461538
-0.12516923076923075
-0.1422756923076923
-0.10931446153846153
-0.05382276923076923
-0.012516923076923077
0.029623384615384614
0.07343261538461537
0.09846646153846153
0.10618523076923077
