0.009596307692307692
0.05757784615384615
0.084072
0.09053907692307692
0.04193169230769231
0.004798153846153846
0.0004172307692307692
0.00855323076923077
0.02545107692307692
-0.008761846153846153
-0.041514461538461535
-0.0448523076923077
-0.016897846153846156
0.017732307692307693
0.026494153846153844
0.03400430769230769
0.023364923076923075
0.042974769230769226
0.065088
0.07092923076923077
0.06863446153846153
0.030875076923076922
0.025033846153846153
0.042348923076923076
0.08574092307692306
0.12412615384615384
0.09992676923076924
0.06696553846153847
0.020027076923076922
-0.0033378461538461535
0.01856676923076923
0.03066646153846154
0.04526953846153846
0.04318338461538461
0.04756430769230769
0.07259815384615384
0.07489292307692308
0.06654830769230768
0.025033846153846153
-0.02586830769230769
-0.04672984615384615
-0.025033846153846153
0.011682461538461537
0.007301538461538462
0.009179076923076922
0.016480615384615385
0.041514461538461535
0.07635323076923077
0.07697907692307693
0.05528307692307692
-0.028163076923076923
-0.08115138461538463
-0.07384984615384615
-0.06404492307692307
-0.04172307692307692
-0.040262769230769234
-0.014603076923076923
0.023782153846153845
0.059038153846153844
0.09074769230769231
0.059664
0.010848
-0.045895384615384616
-0.08907876923076924
-0.0988836923076923
-0.10326461538461539
-0.0798996923076923
-0.05674338461538461
-0.027745846153846152
0.013351384615384614
0.03671630769230769
0.03859384615384615
-0.004798153846153846
-0.06300184615384616
-0.11974523076923077
-0.14060676923076923
-0.09679753846153846
-0.04380923076923077
0.014185846153846153
0.04526953846153846
0.0828203076923077
0.13434830769230768
0.11953661538461538
0.07551876923076924
0.007927384615384614
-0.05298830769230769
-0.07739630769230768
-0.0717636923076923
-0.013768615384615384
0.03713353846153846
0.07489292307692308
0.12725538461538463
0.1704387692307692
0.20110523076923076
0.17815753846153848
0.11077476923076923
0.04526953846153846
0.0035464615384615383
0.008344615384615384
0.029623384615384614
0.07426707692307692
0.12683815384615382
0.1785747692307692
0.21925476923076925
0.21883753846153844
0.20444307692307692
0.1353913846153846
0.047772923076923074
-0.011473846153846154
-0.04839876923076923
-0.017315076923076923
0.026076923076923077
0.07134646153846153
0.12391753846153845
0.1489513846153846
0.17669723076923077
0.1570873846153846
0.0855323076923077
0.0
-0.08594953846153845
-0.13038461538461538
-0.11724184615384614
-0.04631261538461538
0.029414769230769227
0.08490646153846154
0.12558646153846154
0.15750461538461538
0.16772676923076923
0.11619876923076923
0.03588184615384615
-0.07238953846153846
-0.16480615384615382
-0.18274707692307693
-0.15416676923076922
-0.08761846153846153
-0.030040615384615384
0.015646153846153844
0.06759138461538462
0.09930092307692308
0.09950953846153845
0.03838523076923077
-0.05507446153846154
-0.12934153846153845
-0.16021661538461537
-0.13852061538461538
-0.092208
-0.05069353846153846
-0.02273907692307692
0.01856676923076923
0.05298830769230769
0.07051199999999999
0.04214030769230769
-0.042348923076923076
-0.10222153846153846
-0.13518276923076925
-0.12204
-0.07489292307692308
-0.02899753846153846
0.03609046153846154
0.0826116923076923
0.11682461538461539
0.13372246153846154
0.09825784615384614
0.024408000000000003
-0.09012184615384615
-0.1760713846153846
-0.2021483076923077
-0.17815753846153848
-0.10994030769230768
-0.04547815384615384
0.025033846153846153
0.07885661538461539
0.12266584615384615
0.1476996923076923
0.11056615384615384
0.03629907692307692
-0.05090215384615384
-0.0880356923076923
-0.06133292307692308
-0.01272553846153846
0.03504738461538461
0.07134646153846153
0.10764553846153846
0.13664307692307692
0.14853415384615384
0.12579507692307693
0.06404492307692307
-0.019192615384615384
-0.073224
-0.07280676923076923
-0.046104
0.015854769230769228
0.06821723076923077
0.09450276923076922
0.13393107692307693
0.15917353846153848
0.15541846153846153
0.11953661538461538
0.05736923076923077
-0.01272553846153846
-0.06383630769230769
-0.08198584615384615
-0.07802215384615384
-0.06571384615384615
-0.06070707692307692
-0.03859384615384615
0.012516923076923077
0.03859384615384615
0.033169846153846154
-0.0004172307692307692
-0.06988615384615385
-0.10639384615384614
-0.10347323076923076
-0.07051199999999999
-0.02023569230769231
0.002712
0.027120000000000002
0.03942830769230769
0.044435076923076924
0.04902461538461538
-0.0006258461538461538
-0.07405846153846153
-0.12329169230769231
-0.11348676923076922
-0.07656184615384615
-0.04839876923076923
-0.024616615384615383
-0.00855323076923077
0.011682461538461537
0.026911384615384615
0.045895384615384616
0.030040615384615384
-0.017940923076923077
-0.05403138461538461
-0.08031692307692308
-0.0828203076923077
-0.07593599999999999
-0.07677046153846154
-0.07343261538461537
-0.05799507692307692
-0.021696
0.015020307692307692
0.023990769230769232
0.017940923076923077
