-0.11974523076923077
-0.103056
-0.07468430769230769
-0.051528
-0.02023569230769231
0.005632615384615384
0.02586830769230769
0.017523692307692306
-0.027328615384615382
-0.06425353846153846
-0.07948246153846153
-0.07364123076923076
-0.05382276923076923
-0.03609046153846154
-0.026285538461538457
-0.018983999999999997
-0.01043076923076923
0.004172307692307692
0.017523692307692306
-0.0012516923076923076
-0.037967999999999995
-0.05298830769230769
-0.047981538461538464
-0.030875076923076922
-0.01981846153846154
-0.01668923076923077
0.002086153846153846
0.029414769230769227
0.07030338461538461
0.08448923076923077
0.06300184615384616
0.025659692307692307
-0.02753723076923077
-0.04526953846153846
-0.04318338461538461
-0.022947692307692308
-0.013142769230769229
-0.014811692307692307
0.014394461538461538
0.04631261538461538
0.08323753846153846
0.08824430769230769
0.048816000000000005
0.0016689230769230767
-0.028163076923076923
-0.0043809230769230765
0.05173661538461538
0.10368184615384615
0.14206707692307693
0.1597993846153846
0.17711446153846155
0.18107815384615383
0.16230276923076925
0.11870215384615385
0.04547815384615384
-0.0035464615384615383
-0.012308307692307691
0.014603076923076923
0.042348923076923076
0.05048492307692308
0.06195876923076923
0.06487938461538462
0.09137353846153846
0.12204
0.11599015384615384
0.07218092307692307
0.009596307692307692
-0.012308307692307691
-0.02482523076923077
-0.03713353846153846
-0.042348923076923076
-0.05069353846153846
-0.03692492307692308
-0.011473846153846154
0.03609046153846154
0.06300184615384616
0.026494153846153844
-0.03567323076923076
-0.07697907692307693
-0.06717415384615384
-0.01981846153846154
0.03400430769230769
0.07113784615384615
0.0880356923076923
0.10827138461538462
0.12245723076923076
0.11452984615384615
0.0855323076923077
0.028788923076923077
-0.021278769230769233
-0.046104
-0.04380923076923077
-0.018983999999999997
-0.01710646153846154
-0.02044430769230769
-0.0070929230769230765
0.012934153846153845
0.040262769230769234
0.04902461538461538
0.034630153846153845
-0.00855323076923077
-0.06049846153846154
-0.0855323076923077
-0.08490646153846154
-0.06675692307692307
-0.07364123076923076
-0.08636676923076922
-0.06592246153846154
-0.043392
-0.03901107692307692
-0.073224
-0.13455692307692307
-0.17711446153846155
-0.18232984615384615
-0.14436184615384615
-0.08448923076923077
-0.037342153846153844
-0.0043809230769230765
0.02023569230769231
0.04693846153846153
0.06550523076923077
0.04401784615384615
-0.023364923076923075
-0.100344
-0.1287156923076923
-0.11640738461538462
-0.09429415384615383
-0.0744756923076923
-0.07802215384615384
-0.07343261538461537
-0.049233230769230765
-0.015646153846153844
0.004798153846153846
-0.02044430769230769
-0.056951999999999996
-0.06613107692307692
-0.04672984615384615
-0.016897846153846156
0.015020307692307692
0.027120000000000002
0.02753723076923077
0.02586830769230769
0.03024923076923077
0.03921969230769231
0.007510153846153846
-0.028371692307692306
-0.06341907692307691
-0.08594953846153845
-0.061750153846153844
-0.025033846153846153
0.02545107692307692
0.046104
0.06133292307692308
0.10347323076923076
0.12913292307692306
0.1356
0.08657538461538461
0.017940923076923077
-0.023990769230769232
-0.017732307692307693
0.03066646153846154
0.055491692307692304
0.05778646153846154
0.028163076923076923
0.0050067692307692304
0.011056615384615385
0.012934153846153845
0.01940123076923077
0.016897846153846156
0.021487384615384613
0.04193169230769231
0.07364123076923076
0.10555938461538462
0.10994030769230768
0.09325107692307691
0.07468430769230769
0.08031692307692308
0.10201292307692307
0.11557292307692307
0.09930092307692308
0.06717415384615384
0.05194523076923077
0.05757784615384615
0.08240307692307691
0.09450276923076922
0.08031692307692308
0.05236246153846154
0.04214030769230769
0.06821723076923077
0.10201292307692307
0.11640738461538462
0.0988836923076923
0.08323753846153846
0.0892873846153846
0.09804923076923076
0.10243015384615384
0.09074769230769231
0.05319692307692307
0.017732307692307693
0.010639384615384617
0.026285538461538457
0.04422646153846154
0.03880246153846154
0.029414769230769227
0.03483876923076923
0.04672984615384615
0.07197230769230768
0.06863446153846153
0.02795446153846154
-0.013560000000000001
-0.04756430769230769
-0.05319692307692307
-0.0446436923076923
-0.03921969230769231
-0.040262769230769234
-0.029623384615384614
-0.002086153846153846
0.025659692307692307
0.03296123076923077
-0.00855323076923077
-0.06738276923076922
-0.1070196923076923
-0.10138707692307691
-0.06216738461538462
-0.037967999999999995
-0.02586830769230769
-0.01981846153846154
-0.009179076923076922
0.0043809230769230765
0.0008344615384615384
-0.023990769230769232
-0.07489292307692308
-0.1205796923076923
-0.13768615384615385
-0.11891076923076922
-0.07218092307692307
-0.03233538461538461
0.0006258461538461538
0.026285538461538457
0.04839876923076923
0.07677046153846154
0.07301538461538462
0.017940923076923077
-0.045060923076923075
