-0.021070153846153846
-0.002086153846153846
0.030875076923076922
0.07197230769230768
0.11077476923076923
0.12767261538461538
0.09074769230769231
0.032544
-0.013768615384615384
-0.018983999999999997
0.015854769230769228
0.024199384615384616
0.03129230769230769
0.06654830769230768
0.09325107692307691
0.13184492307692308
0.1502030769230769
0.11306953846153844
0.06154153846153846
0.005841230769230769
-0.0070929230769230765
0.008970461538461538
0.022530461538461537
0.04109723076923077
0.03671630769230769
0.03901107692307692
0.06300184615384616
0.0897046153846154
0.08720123076923077
0.03775938461538462
-0.026285538461538457
-0.06279323076923077
-0.07697907692307693
-0.05382276923076923
-0.016897846153846156
-0.017732307692307693
-0.003963692307692307
0.022947692307692308
0.04380923076923077
0.058412307692307694
0.03713353846153846
-0.014603076923076923
-0.06863446153846153
-0.078648
-0.04193169230769231
-0.007510153846153846
0.006049846153846154
-0.009596307692307692
-0.013768615384615384
0.008761846153846153
0.034630153846153845
0.03650769230769231
-0.01981846153846154
-0.06800861538461538
-0.08010830769230769
-0.054240000000000003
0.0002086153846153846
0.029623384615384614
0.042348923076923076
0.03504738461538461
0.051528
0.10201292307692307
0.11473846153846154
0.08866153846153846
0.028788923076923077
-0.017940923076923077
-0.01981846153846154
-0.002086153846153846
0.03901107692307692
0.065088
0.05090215384615384
0.04672984615384615
0.07092923076923077
0.09471138461538461
0.10055261538461538
0.0717636923076923
0.04693846153846153
0.053614153846153846
0.0798996923076923
0.1218313846153846
0.14665661538461539
0.12767261538461538
0.09512861538461538
0.07781353846153846
0.07364123076923076
0.0771876923076923
0.03567323076923076
-0.012308307692307691
-0.01814953846153846
-0.0002086153846153846
0.040262769230769234
0.048816000000000005
0.03838523076923077
0.016897846153846156
-0.020652923076923076
-0.016480615384615385
0.005215384615384615
0.019609846153846155
0.011265230769230769
-0.017523692307692306
-0.01043076923076923
0.016480615384615385
0.03400430769230769
0.01668923076923077
-0.03609046153846154
-0.07948246153846153
-0.08907876923076924
-0.05236246153846154
-0.00855323076923077
0.021070153846153846
0.021070153846153846
0.005841230769230769
0.016063384615384615
0.02545107692307692
0.03504738461538461
0.005841230769230769
-0.053614153846153846
-0.07802215384615384
-0.086784
-0.07551876923076924
-0.05507446153846154
-0.04130584615384615
-0.018983999999999997
-0.002086153846153846
0.02044430769230769
0.03421292307692308
-0.004798153846153846
-0.06988615384615385
-0.1178676923076923
-0.11870215384615385
-0.08615815384615384
-0.054657230769230764
-0.026285538461538457
-0.011891076923076923
-0.0012516923076923076
0.016272
0.016272
-0.014603076923076923
-0.07197230769230768
-0.1476996923076923
-0.1908830769230769
-0.1558356923076923
-0.0771876923076923
0.007301538461538462
0.07009476923076922
0.09971815384615385
0.12329169230769231
0.13518276923076925
0.12329169230769231
0.07113784615384615
-0.026285538461538457
-0.11014892307692307
-0.143736
-0.12683815384615382
-0.08428061538461538
-0.03859384615384615
0.011473846153846154
0.061124307692307686
0.09408553846153846
0.0892873846153846
0.05173661538461538
-0.018775384615384614
-0.0855323076923077
-0.11181784615384616
-0.09992676923076924
-0.038176615384615385
0.022947692307692308
0.054657230769230764
0.07426707692307692
0.08615815384615384
0.09283384615384616
0.06821723076923077
0.002712
-0.07823076923076923
-0.12537784615384615
-0.12016246153846154
-0.07134646153846153
0.0016689230769230767
0.06133292307692308
0.11286092307692308
0.14749107692307692
0.16292861538461537
0.14060676923076923
0.05757784615384615
-0.02232184615384615
-0.09241661538461539
-0.12391753846153845
-0.1045163076923077
-0.08302892307692307
-0.03609046153846154
0.0014603076923076922
0.03358707692307692
0.07384984615384615
0.07948246153846153
0.056951999999999996
-0.017523692307692306
-0.09554584615384615
-0.12454338461538461
-0.1070196923076923
-0.04109723076923077
0.014185846153846153
0.06070707692307692
0.08657538461538461
0.09179076923076923
0.100344
0.06613107692307692
0.01940123076923077
-0.03984553846153846
-0.07781353846153846
-0.05820369230769231
-0.02232184615384615
0.041514461538461535
0.0892873846153846
0.111192
0.12433476923076923
0.12788123076923075
0.11807630769230769
0.07051199999999999
0.011891076923076923
-0.055491692307692304
-0.09116492307692307
-0.07948246153846153
-0.056951999999999996
-0.023364923076923075
-0.0035464615384615383
0.01043076923076923
0.03379569230769231
0.05298830769230769
0.047772923076923074
-0.009179076923076922
-0.06070707692307692
-0.08490646153846154
-0.09179076923076923
-0.05590892307692308
-0.014185846153846153
0.01814953846153846
0.03150092307692308
0.04276615384615385
0.06821723076923077
0.05382276923076923
0.014185846153846153
-0.03609046153846154
-0.07113784615384615
-0.059872615384615385
