-0.08845292307692308
-0.10535076923076922
-0.06592246153846154
-0.024199384615384616
0.017315076923076923
0.01043076923076923
-0.020652923076923076
-0.04944184615384615
-0.05862092307692307
-0.018358153846153843
0.011265230769230769
0.02044430769230769
0.022530461538461537
0.04318338461538461
0.09137353846153846
0.11870215384615385
0.11974523076923077
0.08740984615384616
0.035464615384615386
-0.001043076923076923
-0.011473846153846154
0.013768615384615384
0.021904615384615383
0.024408000000000003
0.04401784615384615
0.06404492307692307
0.103056
0.11056615384615384
0.08073415384615384
0.022530461538461537
-0.015854769230769228
0.003129230769230769
0.02795446153846154
0.051319384615384614
0.05277969230769231
0.05298830769230769
0.06633969230769231
0.09408553846153846
0.11974523076923077
0.0880356923076923
0.045895384615384616
0.0014603076923076922
-0.021070153846153846
0.005841230769230769
0.021070153846153846
0.03233538461538461
0.03588184615384615
0.05653476923076922
0.09825784615384614
0.13601723076923075
0.16042523076923076
0.1178676923076923
0.06341907692307691
0.03588184615384615
0.025033846153846153
0.037342153846153844
0.03483876923076923
0.021696
0.006884307692307692
0.01043076923076923
0.05403138461538461
0.09012184615384615
0.0853236923076923
0.03421292307692308
-0.0014603076923076922
-0.0014603076923076922
0.00855323076923077
0.04985907692307692
0.059664
0.05924676923076923
0.07531015384615385
0.06821723076923077
0.07781353846153846
0.05528307692307692
0.012308307692307691
-0.01814953846153846
-0.03421292307692308
0.01043076923076923
0.0448523076923077
0.06362769230769232
0.07092923076923077
0.06195876923076923
0.06654830769230768
0.06529661538461538
0.08156861538461539
0.06049846153846154
0.015228923076923076
-0.0035464615384615383
-0.01668923076923077
-0.016897846153846156
-0.040262769230769234
-0.06863446153846153
-0.07635323076923077
-0.06070707692307692
-0.026076923076923077
0.006049846153846154
0.03358707692307692
0.01043076923076923
-0.04276615384615385
-0.06926030769230769
-0.07885661538461539
-0.07781353846153846
-0.09512861538461538
-0.1205796923076923
-0.12308307692307692
-0.10055261538461538
-0.053405538461538456
-0.02315630769230769
-0.013768615384615384
-0.014394461538461538
-0.009179076923076922
0.01940123076923077
0.037967999999999995
0.043392
0.006675692307692307
-0.03609046153846154
-0.03483876923076923
-0.01814953846153846
0.018358153846153843
0.03442153846153846
0.034630153846153845
0.030875076923076922
0.03671630769230769
0.06446215384615385
0.05716061538461538
0.021696
-0.03901107692307692
-0.0897046153846154
-0.0717636923076923
-0.014185846153846153
0.037967999999999995
0.06195876923076923
0.07760492307692309
0.11494707692307692
0.1287156923076923
0.10076123076923077
0.043600615384615383
-0.027745846153846152
-0.07510153846153846
-0.08636676923076922
-0.03713353846153846
0.022947692307692308
0.07405846153846153
0.10910584615384614
0.11348676923076922
0.14269292307692305
0.14686523076923075
0.12266584615384615
0.06946892307692307
-0.007301538461538462
-0.04401784615384615
-0.04214030769230769
0.016063384615384615
0.06675692307692307
0.08073415384615384
0.08699261538461538
0.08845292307692308
0.0963803076923077
0.06842584615384616
0.013768615384615384
-0.061750153846153844
-0.13101046153846155
-0.14206707692307693
-0.11390399999999999
-0.04318338461538461
0.027328615384615382
0.06341907692307691
0.09596307692307693
0.11911938461538461
0.11432123076923076
0.05382276923076923
-0.04756430769230769
-0.12955015384615384
-0.16167692307692308
-0.11703323076923078
-0.037967999999999995
0.03775938461538462
0.10263876923076923
0.13789476923076924
0.16251138461538459
0.17544553846153846
0.16751815384615384
0.09575446153846154
-0.005632615384615384
-0.07218092307692307
-0.08323753846153846
-0.03108369230769231
0.03609046153846154
0.09700615384615385
0.12454338461538461
0.124752
0.124752
0.10055261538461538
0.04839876923076923
-0.04276615384615385
-0.13518276923076925
-0.16480615384615382
-0.14457046153846154
-0.08031692307692308
-0.018983999999999997
0.016480615384615385
0.055491692307692304
0.09158215384615384
0.11452984615384615
0.09512861538461538
0.035464615384615386
-0.044435076923076924
-0.10868861538461538
-0.12204
-0.09533723076923077
-0.03692492307692308
0.01397723076923077
0.04672984615384615
0.0826116923076923
0.10201292307692307
0.10576799999999999
0.0744756923076923
0.0043809230769230765
-0.08073415384615384
-0.13226215384615383
-0.09784061538461537
-0.0446436923076923
0.01397723076923077
0.05298830769230769
0.06362769230769232
0.09554584615384615
0.08344615384615384
0.05069353846153846
-0.019192615384615384
-0.1287156923076923
-0.18107815384615383
-0.19004861538461537
-0.1506203076923077
-0.09158215384615384
-0.03567323076923076
0.02858030769230769
0.06258461538461538
0.08365476923076923
0.08615815384615384
0.051528
-0.014394461538461538
-0.07906523076923076
-0.09116492307692307
-0.07489292307692308
