-0.14164984615384615
-0.10389046153846154
-0.05277969230769231
-0.009387692307692307
0.04130584615384615
0.08386338461538462
0.11536430769230768
0.11265230769230769
0.07468430769230769
0.008970461538461538
-0.08031692307692308
-0.12725538461538463
-0.103056
-0.042348923076923076
0.008136
0.04819015384615385
0.084072
0.1028473846153846
0.11327815384615383
0.09095630769230768
0.014394461538461538
-0.07739630769230768
-0.127464
-0.1178676923076923
-0.07259815384615384
-0.004798153846153846
0.06633969230769231
0.11536430769230768
0.14436184615384615
0.15687876923076924
0.13518276923076925
0.061124307692307686
-0.04276615384615385
-0.1422756923076923
-0.19380369230769232
-0.17002153846153847
-0.10555938461538462
-0.02545107692307692
0.03588184615384615
0.06028984615384615
0.08302892307692307
0.09471138461538461
0.07426707692307692
0.01272553846153846
-0.07113784615384615
-0.11974523076923077
-0.12370892307692308
-0.07072061538461538
-0.0008344615384615384
0.03775938461538462
0.06613107692307692
0.07092923076923077
0.08115138461538463
0.08010830769230769
0.03942830769230769
-0.02023569230769231
-0.08365476923076923
-0.0934596923076923
-0.06633969230769231
-0.017523692307692306
0.041514461538461535
0.08636676923076922
0.11306953846153844
0.10535076923076922
0.10430769230769231
0.0828203076923077
0.020652923076923076
-0.03921969230769231
-0.08824430769230769
-0.07948246153846153
-0.037342153846153844
-0.006884307692307692
0.019192615384615384
0.023990769230769232
0.04422646153846154
0.07489292307692308
0.07405846153846153
0.05090215384615384
-0.009804923076923077
-0.07593599999999999
-0.10055261538461538
-0.08156861538461539
-0.035255999999999996
0.003755076923076923
0.04318338461538461
0.08177723076923075
0.10806276923076923
0.10138707692307691
0.056326153846153845
0.005424
-0.053405538461538456
-0.08448923076923077
-0.07134646153846153
-0.03275261538461539
0.014603076923076923
0.03233538461538461
0.04714707692307692
0.07009476923076922
0.08991323076923076
0.09825784615384614
0.06446215384615385
0.0029206153846153843
-0.03692492307692308
-0.03650769230769231
-0.013768615384615384
0.018983999999999997
0.045895384615384616
0.07155507692307693
0.09971815384615385
0.12662953846153846
0.146448
0.13726892307692307
0.08907876923076924
0.026494153846153844
-0.004172307692307692
0.004798153846153846
0.04276615384615385
0.07489292307692308
0.0936683076923077
0.10430769230769231
0.11181784615384616
0.12412615384615384
0.10868861538461538
0.06028984615384615
-0.0012516923076923076
-0.03567323076923076
-0.03066646153846154
-0.016897846153846156
0.008344615384615384
0.02482523076923077
0.02899753846153846
0.062376
0.0974233846153846
0.103056
0.06300184615384616
-0.003129230769230769
-0.06279323076923077
-0.10055261538461538
-0.08761846153846153
-0.06863446153846153
-0.052153846153846155
-0.03650769230769231
-0.016063384615384615
0.032544
0.05590892307692308
0.06529661538461538
0.05194523076923077
0.0002086153846153846
-0.027328615384615382
-0.03838523076923077
-0.02211323076923077
0.0035464615384615383
0.006884307692307692
0.03233538461538461
0.07343261538461537
0.11870215384615385
0.13330523076923076
0.09304246153846155
0.020027076923076922
-0.05674338461538461
-0.08490646153846154
-0.07092923076923077
-0.03755076923076923
-0.012516923076923077
-0.005841230769230769
0.028788923076923077
0.07697907692307693
0.11265230769230769
0.10952307692307692
0.05194523076923077
-0.009387692307692307
-0.05716061538461538
-0.07510153846153846
-0.06425353846153846
-0.059664
-0.04172307692307692
-0.006675692307692307
0.047772923076923074
0.11056615384615384
0.13726892307692307
0.11891076923076922
0.06028984615384615
0.0077187692307692304
-0.020652923076923076
-0.03024923076923077
-0.02211323076923077
-0.023364923076923075
-0.019609846153846155
-0.0043809230769230765
0.03504738461538461
0.06800861538461538
0.05173661538461538
-0.0043809230769230765
-0.07635323076923077
-0.09971815384615385
-0.08010830769230769
-0.049233230769230765
-0.013142769230769229
0.014394461538461538
0.04965046153846154
0.08866153846153846
0.12204
0.11640738461538462
0.05528307692307692
-0.015646153846153844
-0.06467076923076923
-0.06926030769230769
-0.0448523076923077
-0.023364923076923075
-0.010013538461538461
-0.0008344615384615384
0.021278769230769233
0.06070707692307692
0.08115138461538463
0.06654830769230768
0.03296123076923077
-0.006675692307692307
-0.03024923076923077
-0.023990769230769232
-0.016272
-0.030040615384615384
-0.04380923076923077
-0.0448523076923077
-0.01272553846153846
0.01940123076923077
0.004798153846153846
-0.03379569230769231
-0.08657538461538461
-0.11745046153846153
-0.10159569230769232
-0.06279323076923077
-0.02524246153846154
0.0002086153846153846
0.03692492307692308
0.08240307692307691
0.11870215384615385
0.14018953846153845
0.12099692307692309
0.05090215384615384
-0.010013538461538461
-0.027328615384615382
-0.025033846153846153
-0.004798153846153846
-0.006049846153846154
