0.0035464615384615383
0.0002086153846153846
0.0043809230769230765
0.0025033846153846152
-0.009179076923076922
-0.042557538461538466
-0.05048492307692308
-0.022530461538461537
0.031918153846153846
0.07760492307692309
0.08636676923076922
0.06967753846153846
0.03692492307692308
0.027120000000000002
0.011056615384615385
-0.029414769230769227
-0.07197230769230768
-0.10096984615384616
-0.0771876923076923
-0.031709538461538456
0.023364923076923075
0.05319692307692307
0.04109723076923077
0.04047138461538462
0.04714707692307692
0.07259815384615384
0.06383630769230769
0.008344615384615384
-0.03567323076923076
-0.06863446153846153
-0.06070707692307692
-0.028163076923076923
-0.004798153846153846
0.0029206153846153843
0.005424
0.03901107692307692
0.07656184615384615
0.10430769230769231
0.09909230769230769
0.05862092307692307
0.02858030769230769
0.02315630769230769
0.062376
0.10597661538461538
0.12245723076923076
0.10722830769230769
0.06070707692307692
0.021070153846153846
-0.01272553846153846
-0.04756430769230769
-0.10138707692307691
-0.15792184615384616
-0.15562707692307692
-0.09533723076923077
-0.008761846153846153
0.07259815384615384
0.10597661538461538
0.11140061538461538
0.10889723076923077
0.08052553846153847
0.04526953846153846
-0.02044430769230769
-0.10618523076923077
-0.16230276923076925
-0.15833907692307692
-0.09679753846153846
-0.023782153846153845
0.04193169230769231
0.086784
0.12704676923076924
0.16188553846153847
0.16584923076923075
0.13747753846153846
0.07468430769230769
0.011265230769230769
-0.013142769230769229
0.010848
0.059872615384615385
0.10076123076923077
0.12141415384615384
0.12516923076923075
0.13184492307692308
0.12600369230769232
0.08219446153846154
0.014185846153846153
-0.06279323076923077
-0.11286092307692308
-0.11473846153846154
-0.061124307692307686
0.029414769230769227
0.09179076923076923
0.11599015384615384
0.1287156923076923
0.12913292307692306
0.08720123076923077
0.0043809230769230765
-0.08115138461538463
-0.1543753846153846
-0.184416
-0.1449876923076923
-0.056951999999999996
0.022947692307692308
0.06717415384615384
0.09387692307692307
0.11745046153846153
0.12329169230769231
0.07739630769230768
0.0002086153846153846
-0.07405846153846153
-0.11265230769230769
-0.10159569230769232
-0.06717415384615384
-0.01981846153846154
0.02795446153846154
0.0717636923076923
0.09471138461538461
0.09429415384615383
0.07051199999999999
0.01668923076923077
-0.04944184615384615
-0.10868861538461538
-0.11223507692307692
-0.0717636923076923
-0.022530461538461537
0.04318338461538461
0.10222153846153846
0.14164984615384615
0.15959076923076923
0.14290153846153844
0.09325107692307691
0.019192615384615384
-0.058412307692307694
-0.10389046153846154
-0.09679753846153846
-0.049233230769230765
0.005215384615384615
0.05048492307692308
0.09283384615384616
0.13893784615384613
0.15792184615384616
0.12642092307692307
0.052571076923076915
-0.04547815384615384
-0.11265230769230769
-0.11452984615384615
-0.06613107692307692
-0.017315076923076923
-0.0016689230769230767
-0.003129230769230769
-0.0035464615384615383
0.009179076923076922
0.003129230769230769
-0.03609046153846154
-0.08177723076923075
-0.11703323076923078
-0.10764553846153846
-0.06675692307692307
-0.01940123076923077
0.021904615384615383
0.047981538461538464
0.07969107692307692
0.11181784615384616
0.13518276923076925
0.111192
0.03650769230769231
-0.03296123076923077
-0.07739630769230768
-0.08031692307692308
-0.05486584615384615
-0.008344615384615384
0.04214030769230769
0.07885661538461539
0.12934153846153845
0.16626646153846153
0.17085599999999998
0.12204
0.03400430769230769
-0.03629907692307692
-0.07760492307692309
-0.06133292307692308
-0.023364923076923075
-0.0022947692307692304
0.010013538461538461
0.020652923076923076
0.04380923076923077
0.06049846153846154
0.05716061538461538
0.005424
-0.07593599999999999
-0.12913292307692306
-0.13038461538461538
-0.09074769230769231
-0.05444861538461539
-0.013768615384615384
0.03212676923076923
0.06654830769230768
0.0974233846153846
0.09471138461538461
0.05298830769230769
-0.021487384615384613
-0.0936683076923077
-0.0936683076923077
-0.05820369230769231
-0.021278769230769233
0.009804923076923077
0.03379569230769231
0.07218092307692307
0.11432123076923076
0.1422756923076923
0.12204
0.05570030769230769
-0.015437538461538461
-0.05319692307692307
-0.04860738461538461
-0.022530461538461537
0.008970461538461538
0.035464615384615386
0.06070707692307692
0.08469784615384615
0.08991323076923076
0.07510153846153846
0.014394461538461538
-0.07134646153846153
-0.12516923076923075
-0.13038461538461538
-0.09408553846153846
-0.061124307692307686
-0.029414769230769227
-0.0002086153846153846
0.02858030769230769
0.06905169230769231
0.08428061538461538
0.05674338461538461
-0.008136
-0.06946892307692307
-0.09491999999999999
-0.09262523076923077
-0.08386338461538462
-0.09158215384615384
-0.08907876923076924
-0.05736923076923077
-0.0050067692307692304
0.04819015384615385
0.059038153846153844
