-0.078648
-0.092208
-0.07030338461538461
-0.032544
0.0033378461538461535
0.024199384615384616
0.03421292307692308
0.05382276923076923
0.046104
0.01710646153846154
-0.032544
-0.07739630769230768
-0.08490646153846154
-0.05820369230769231
-0.015228923076923076
0.0033378461538461535
0.016480615384615385
0.021696
0.03942830769230769
0.07572738461538461
0.07969107692307692
0.05277969230769231
-0.007510153846153846
-0.06195876923076923
-0.09554584615384615
-0.124752
-0.13810338461538463
-0.14561353846153846
-0.12788123076923075
-0.08344615384615384
-0.02482523076923077
0.03859384615384615
0.059664
0.027328615384615382
-0.018983999999999997
-0.041514461538461535
-0.041514461538461535
-0.04318338461538461
-0.04652123076923077
-0.056951999999999996
-0.05173661538461538
-0.010848
0.03275261538461539
0.04693846153846153
0.02357353846153846
-0.017732307692307693
-0.04902461538461538
-0.047772923076923074
-0.026285538461538457
-0.007510153846153846
0.014185846153846153
0.03901107692307692
0.0771876923076923
0.12266584615384615
0.1462393846153846
0.1368516923076923
0.0988836923076923
0.05674338461538461
0.03024923076923077
0.020652923076923076
0.0018775384615384615
-0.02524246153846154
-0.030875076923076922
-0.013142769230769229
0.042557538461538466
0.10576799999999999
0.11807630769230769
0.08010830769230769
0.019192615384615384
-0.013560000000000001
-0.01043076923076923
-0.005424
-0.004172307692307692
-0.009179076923076922
0.008970461538461538
0.050067692307692306
0.09074769230769231
0.11140061538461538
0.07343261538461537
0.0077187692307692304
-0.047772923076923074
-0.05674338461538461
-0.018983999999999997
0.005424
0.022947692307692308
0.035464615384615386
0.058829538461538454
0.10243015384615384
0.12099692307692309
0.11244369230769231
0.08031692307692308
0.03066646153846154
0.0025033846153846152
0.0008344615384615384
0.006675692307692307
-0.0014603076923076922
-0.009179076923076922
0.011891076923076923
0.04130584615384615
0.07280676923076923
0.07781353846153846
0.040262769230769234
-0.011891076923076923
-0.048816000000000005
-0.050067692307692306
-0.008136
0.043600615384615383
0.05820369230769231
0.06341907692307691
0.07656184615384615
0.09846646153846153
0.09325107692307691
0.03838523076923077
-0.02315630769230769
-0.05862092307692307
-0.05653476923076922
-0.023364923076923075
0.010639384615384617
0.03129230769230769
0.04819015384615385
0.06321046153846153
0.10493353846153847
0.15333230769230768
0.15750461538461538
0.11953661538461538
0.06592246153846154
0.016897846153846156
-0.008970461538461538
-0.007510153846153846
-0.005841230769230769
-0.013768615384615384
-0.01814953846153846
0.0043809230769230765
0.04944184615384615
0.07969107692307692
0.06738276923076922
0.027328615384615382
0.0022947692307692304
-0.002086153846153846
0.01272553846153846
0.030875076923076922
0.017315076923076923
0.011473846153846154
0.029623384615384614
0.04422646153846154
0.055491692307692304
0.03212676923076923
-0.016063384615384615
-0.053405538461538456
-0.07364123076923076
-0.06049846153846154
-0.04109723076923077
-0.026494153846153844
-0.020652923076923076
-0.01856676923076923
0.01710646153846154
0.06028984615384615
0.07969107692307692
0.052571076923076915
-0.003963692307692307
-0.051528
-0.06863446153846153
-0.05298830769230769
-0.04819015384615385
-0.05611753846153846
-0.05590892307692308
-0.03296123076923077
0.004798153846153846
0.040262769230769234
0.04860738461538461
0.006258461538461538
-0.04756430769230769
-0.06341907692307691
-0.04631261538461538
-0.035464615384615386
-0.043600615384615383
-0.055491692307692304
-0.040054153846153843
0.0004172307692307692
0.05277969230769231
0.0897046153846154
0.08469784615384615
0.04965046153846154
0.0008344615384615384
-0.005215384615384615
0.010848
0.006049846153846154
-0.006049846153846154
-0.02357353846153846
0.0043809230769230765
0.05590892307692308
0.09575446153846154
0.11870215384615385
0.07927384615384615
0.02482523076923077
-0.006467076923076923
-0.009179076923076922
-0.003963692307692307
-0.01856676923076923
-0.027120000000000002
-0.021070153846153846
-0.0043809230769230765
-0.001043076923076923
0.003755076923076923
0.003755076923076923
-0.019609846153846155
-0.03066646153846154
-0.019192615384615384
0.02023569230769231
0.042348923076923076
0.009387692307692307
-0.03275261538461539
-0.04672984615384615
-0.033169846153846154
-0.006675692307692307
0.012308307692307691
0.02273907692307692
0.02858030769230769
0.03755076923076923
0.04693846153846153
0.035464615384615386
0.008344615384615384
-0.019192615384615384
-0.018983999999999997
0.02023569230769231
0.08177723076923075
0.12266584615384615
0.12537784615384615
0.11160923076923077
0.0880356923076923
0.073224
0.040054153846153843
-0.007927384615384614
-0.046104
-0.08574092307692306
-0.0798996923076923
-0.04109723076923077
0.015854769230769228
0.06884307692307692
0.07051199999999999
0.0934596923076923
0.11807630769230769
0.11640738461538462
0.09533723076923077
