-0.0897046153846154
-0.11244369230769231
-0.09033046153846153
-0.038176615384615385
0.005632615384615384
0.006884307692307692
-0.03108369230769231
-0.05528307692307692
-0.05570030769230769
-0.026702769230769228
0.001043076923076923
0.001043076923076923
-0.016272
-0.03212676923076923
-0.013142769230769229
0.013351384615384614
0.009804923076923077
-0.018775384615384614
-0.055491692307692304
-0.07259815384615384
-0.05444861538461539
-0.021696
0.005424
-0.0008344615384615384
-0.016480615384615385
-0.005424
0.03567323076923076
0.06279323076923077
0.03045784615384615
0.0002086153846153846
-0.021487384615384613
-0.015228923076923076
0.03129230769230769
0.05590892307692308
0.06550523076923077
0.047772923076923074
0.03629907692307692
0.06300184615384616
0.08386338461538462
0.09137353846153846
0.059872615384615385
0.03024923076923077
0.02795446153846154
0.03984553846153846
0.07781353846153846
0.09304246153846155
0.0826116923076923
0.054657230769230764
0.04547815384615384
0.073224
0.08699261538461538
0.07489292307692308
0.04756430769230769
0.04047138461538462
0.0446436923076923
0.03650769230769231
0.022530461538461537
0.0043809230769230765
-0.013560000000000001
-0.011265230769230769
0.017315076923076923
0.06049846153846154
0.08219446153846154
0.07072061538461538
0.05945538461538461
0.03838523076923077
0.026494153846153844
0.013560000000000001
-0.016897846153846156
-0.05799507692307692
-0.09262523076923077
-0.07635323076923077
-0.040054153846153843
-0.008344615384615384
0.006675692307692307
0.016897846153846156
0.03838523076923077
0.07092923076923077
0.10660246153846153
0.09429415384615383
0.031709538461538456
-0.03942830769230769
-0.07948246153846153
-0.07426707692307692
-0.052571076923076915
-0.031709538461538456
-0.009179076923076922
-0.011265230769230769
-0.008761846153846153
0.00855323076923077
0.008970461538461538
-0.021904615384615383
-0.08866153846153846
-0.11953661538461538
-0.10681107692307691
-0.06258461538461538
0.0025033846153846152
0.05298830769230769
0.09408553846153846
0.11870215384615385
0.12808984615384614
0.12037107692307693
0.07238953846153846
0.001043076923076923
-0.05444861538461539
-0.07781353846153846
-0.03650769230769231
0.031709538461538456
0.09429415384615383
0.1531236923076923
0.18504184615384617
0.21299630769230768
0.21967199999999998
0.19317784615384614
0.12454338461538461
0.026076923076923077
-0.037342153846153844
-0.046104
-0.008344615384615384
0.042348923076923076
0.08177723076923075
0.12204
0.14978584615384616
0.15354092307692307
0.12350030769230769
0.05090215384615384
-0.02795446153846154
-0.0936683076923077
-0.12141415384615384
-0.09283384615384616
-0.04088861538461538
0.02086153846153846
0.06905169230769231
0.10660246153846153
0.1502030769230769
0.15500123076923078
0.1136953846153846
0.022947692307692308
-0.07259815384615384
-0.11494707692307692
-0.1178676923076923
-0.06905169230769231
-0.005841230769230769
0.040679999999999994
0.07259815384615384
0.09763200000000001
0.10868861538461538
0.06613107692307692
-0.0077187692307692304
-0.09596307692307693
-0.16188553846153847
-0.16730953846153845
-0.12913292307692306
-0.051528
0.015020307692307692
0.047981538461538464
0.05736923076923077
0.04902461538461538
0.03775938461538462
-0.02482523076923077
-0.09825784615384614
-0.1585476923076923
-0.19213476923076922
-0.15270646153846154
-0.09846646153846153
-0.026494153846153844
0.026076923076923077
0.06654830769230768
0.11327815384615383
0.11807630769230769
0.10117846153846152
0.03108369230769231
-0.035255999999999996
-0.08094276923076923
-0.08302892307692307
-0.027745846153846152
0.012308307692307691
0.0880356923076923
0.14123261538461537
0.17669723076923077
0.20277415384615383
0.18253846153846154
0.14394461538461537
0.044435076923076924
-0.023990769230769232
-0.06675692307692307
-0.07572738461538461
-0.017523692307692306
0.03024923076923077
0.08866153846153846
0.103056
0.10910584615384614
0.11536430769230768
0.05277969230769231
-0.023990769230769232
-0.0880356923076923
-0.09429415384615383
-0.06988615384615385
-0.02044430769230769
0.055491692307692304
0.078648
0.1028473846153846
0.12683815384615382
0.1397723076923077
0.14811692307692306
0.09074769230769231
0.03921969230769231
-0.010013538461538461
-0.04318338461538461
0.005424
0.05090215384615384
0.09074769230769231
0.11891076923076922
0.14102399999999998
0.16626646153846153
0.15541846153846153
0.12308307692307692
0.04109723076923077
-0.030875076923076922
-0.06821723076923077
-0.06049846153846154
-0.011682461538461537
0.01043076923076923
0.052571076923076915
0.0798996923076923
0.09700615384615385
0.10806276923076923
0.07510153846153846
0.027328615384615382
-0.05820369230769231
-0.11265230769230769
-0.10389046153846154
-0.08135999999999999
-0.051528
-0.03212676923076923
0.003129230769230769
0.03921969230769231
0.06529661538461538
0.07885661538461539
0.049233230769230765
0.0022947692307692304
-0.0448523076923077
-0.06154153846153846
-0.047981538461538464
