0.07510153846153846
0.09784061538461537
0.11599015384615384
0.14519630769230768
0.14874276923076923
0.12266584615384615
0.06404492307692307
0.006884307692307692
-0.0050067692307692304
0.0025033846153846152
0.014603076923076923
0.006258461538461538
-0.007510153846153846
0.006884307692307692
0.03609046153846154
0.07635323076923077
0.08094276923076923
0.04401784615384615
0.011265230769230769
-0.006884307692307692
-0.0014603076923076922
-0.006049846153846154
-0.02795446153846154
-0.05173661538461538
-0.06821723076923077
-0.042348923076923076
0.0043809230769230765
0.02899753846153846
0.014185846153846153
-0.03066646153846154
-0.06216738461538462
-0.06529661538461538
-0.04819015384615385
-0.010222153846153844
0.016480615384615385
0.03483876923076923
0.058412307692307694
0.08177723076923075
0.1045163076923077
0.08887015384615385
0.02545107692307692
-0.045060923076923075
-0.078648
-0.07384984615384615
-0.06008123076923077
-0.06279323076923077
-0.08010830769230769
-0.07468430769230769
-0.032544
0.01043076923076923
0.031709538461538456
0.0002086153846153846
-0.06654830769230768
-0.10117846153846152
-0.10055261538461538
-0.059664
-0.024616615384615383
-0.027328615384615382
-0.02524246153846154
-0.011891076923076923
0.013142769230769229
0.023782153846153845
0.0006258461538461538
-0.050067692307692306
-0.10409907692307692
-0.11703323076923078
-0.08845292307692308
-0.046104
-0.03483876923076923
-0.031709538461538456
0.00855323076923077
0.051528
0.0936683076923077
0.10764553846153846
0.07906523076923076
0.041514461538461535
-0.009596307692307692
-0.024199384615384616
0.003755076923076923
0.021487384615384613
0.024408000000000003
0.009179076923076922
0.03296123076923077
0.07843938461538462
0.08824430769230769
0.06863446153846153
0.016272
-0.010848
-0.010639384615384617
0.022947692307692308
0.07677046153846154
0.09554584615384615
0.10430769230769231
0.09846646153846153
0.12433476923076923
0.14457046153846154
0.10910584615384614
0.06425353846153846
-0.0014603076923076922
-0.03609046153846154
-0.03692492307692308
-0.009804923076923077
0.03984553846153846
0.05069353846153846
0.06300184615384616
0.07197230769230768
0.08094276923076923
0.09095630769230768
0.051528
-0.0006258461538461538
-0.04672984615384615
-0.05173661538461538
-0.017315076923076923
0.005424
-0.0033378461538461535
-0.040262769230769234
-0.04756430769230769
-0.03212676923076923
-0.02211323076923077
-0.03609046153846154
-0.07405846153846153
-0.10347323076923076
-0.11494707692307692
-0.08344615384615384
-0.04672984615384615
-0.030875076923076922
-0.022947692307692308
-0.020652923076923076
0.0035464615384615383
0.031709538461538456
0.04109723076923077
0.007927384615384614
-0.048816000000000005
-0.06821723076923077
-0.050067692307692306
-0.009179076923076922
0.014603076923076923
0.01272553846153846
0.006049846153846154
0.006049846153846154
0.04819015384615385
0.09387692307692307
0.10764553846153846
0.08699261538461538
0.03609046153846154
0.019609846153846155
0.01940123076923077
0.022530461538461537
0.019609846153846155
-0.006467076923076923
-0.002086153846153846
0.003129230769230769
0.025033846153846153
0.04693846153846153
0.03337846153846154
0.017523692307692306
-0.002086153846153846
0.01856676923076923
0.05090215384615384
0.055491692307692304
0.04380923076923077
0.021904615384615383
0.024408000000000003
0.043600615384615383
0.073224
0.08219446153846154
0.05674338461538461
0.04380923076923077
0.05027630769230769
0.08156861538461539
0.0963803076923077
0.06216738461538462
0.02586830769230769
0.008970461538461538
0.026702769230769228
0.05611753846153846
0.07885661538461539
0.09304246153846155
0.07259815384615384
0.051528
0.055491692307692304
0.07343261538461537
0.06717415384615384
0.02273907692307692
-0.016897846153846156
-0.030875076923076922
-0.012099692307692308
0.010848
0.018358153846153843
0.017315076923076923
0.011682461538461537
0.030875076923076922
0.05570030769230769
0.06341907692307691
0.04693846153846153
0.006258461538461538
-0.006884307692307692
0.0016689230769230767
0.024408000000000003
0.031918153846153846
0.02044430769230769
0.027745846153846152
0.02044430769230769
0.029414769230769227
0.03504738461538461
0.020027076923076922
-0.0016689230769230767
-0.03609046153846154
-0.05048492307692308
-0.04172307692307692
-0.016480615384615385
-0.00855323076923077
-0.010639384615384617
0.0002086153846153846
0.024408000000000003
0.04860738461538461
0.04422646153846154
0.012516923076923077
-0.026702769230769228
-0.05444861538461539
-0.05277969230769231
-0.026911384615384615
0.011473846153846154
0.03901107692307692
0.037967999999999995
0.04839876923076923
0.06487938461538462
0.06654830769230768
0.03880246153846154
-0.005215384615384615
-0.021904615384615383
-0.03775938461538462
-0.024199384615384616
0.01981846153846154
0.04819015384615385
0.08448923076923077
0.12245723076923076
0.16584923076923075
0.17398523076923075
0.12266584615384615
0.05382276923076923
-0.018358153846153843
-0.06362769230769232
-0.08490646153846154
