-0.22989415384615383
-0.20965846153846154
-0.15228923076923076
-0.08031692307692308
-0.007510153846153846
0.07364123076923076
0.13810338461538463
0.14728246153846153
0.09950953846153845
-0.003755076923076923
-0.11599015384615384
-0.20277415384615383
-0.23677846153846152
-0.21737723076923077
-0.17628
-0.12308307692307692
-0.06446215384615385
0.013351384615384614
0.06362769230769232
0.059872615384615385
0.016897846153846156
-0.058829538461538454
-0.11599015384615384
-0.1395636923076923
-0.12767261538461538
-0.09387692307692307
-0.06133292307692308
-0.019609846153846155
0.01856676923076923
0.04756430769230769
0.06529661538461538
0.03984553846153846
-0.009804923076923077
-0.059038153846153844
-0.09095630769230768
-0.06258461538461538
-0.007510153846153846
0.04839876923076923
0.09992676923076924
0.14394461538461537
0.1802436923076923
0.17398523076923075
0.13038461538461538
0.04672984615384615
-0.061124307692307686
-0.13935507692307691
-0.14978584615384616
-0.1097316923076923
-0.05799507692307692
0.007301538461538462
0.06967753846153846
0.11974523076923077
0.14206707692307693
0.14790830769230767
0.11974523076923077
0.05194523076923077
0.0022947692307692304
-0.011056615384615385
0.024199384615384616
0.053614153846153846
0.07259815384615384
0.09283384615384616
0.11160923076923077
0.12955015384615384
0.12329169230769231
0.10910584615384614
0.035255999999999996
-0.0446436923076923
-0.073224
-0.07259815384615384
-0.03233538461538461
-0.0033378461538461535
0.02482523076923077
0.06404492307692307
0.0988836923076923
0.1341396923076923
0.1314276923076923
0.08636676923076922
0.02357353846153846
-0.04130584615384615
-0.07697907692307693
-0.07781353846153846
-0.07113784615384615
-0.06028984615384615
-0.044435076923076924
-0.02899753846153846
-0.0008344615384615384
0.01981846153846154
0.014185846153846153
-0.006258461538461538
-0.037967999999999995
-0.06446215384615385
-0.06425353846153846
-0.06467076923076923
-0.055491692307692304
-0.024408000000000003
0.008344615384615384
0.06529661538461538
0.12245723076923076
0.14144123076923076
0.09804923076923076
0.015854769230769228
-0.040054153846153843
-0.05653476923076922
-0.040262769230769234
-0.016063384615384615
0.008970461538461538
0.04985907692307692
0.09283384615384616
0.14665661538461539
0.17732307692307692
0.1652233846153846
0.11995384615384615
0.059038153846153844
0.03296123076923077
0.01043076923076923
0.006675692307692307
0.0035464615384615383
-0.006675692307692307
0.018358153846153843
0.06362769230769232
0.11682461538461539
0.11807630769230769
0.07802215384615384
0.021278769230769233
-0.03692492307692308
-0.05570030769230769
-0.056951999999999996
-0.04756430769230769
-0.033169846153846154
-0.0008344615384615384
0.05277969230769231
0.09512861538461538
0.11411261538461538
0.08699261538461538
0.029414769230769227
-0.022530461538461537
-0.05486584615384615
-0.06216738461538462
-0.04735569230769231
-0.021070153846153846
0.010848
0.054240000000000003
0.10430769230769231
0.13914646153846155
0.12329169230769231
0.07009476923076922
0.012099692307692308
-0.03379569230769231
-0.040679999999999994
-0.02357353846153846
-0.01043076923076923
0.0035464615384615383
0.027120000000000002
0.06425353846153846
0.09992676923076924
0.09784061538461537
0.040679999999999994
-0.021278769230769233
-0.05528307692307692
-0.058829538461538454
-0.03504738461538461
-0.01981846153846154
-0.013560000000000001
0.0004172307692307692
0.02899753846153846
0.06049846153846154
0.06154153846153846
0.021904615384615383
-0.03567323076923076
-0.08636676923076922
-0.10368184615384615
-0.09471138461538461
-0.08010830769230769
-0.05924676923076923
-0.03150092307692308
0.013768615384615384
0.07468430769230769
0.12496061538461539
0.13601723076923075
0.09491999999999999
0.024616615384615383
-0.017732307692307693
-0.03442153846153846
-0.033169846153846154
-0.021070153846153846
-0.014185846153846153
0.015646153846153844
0.05048492307692308
0.07885661538461539
0.08699261538461538
0.0609156923076923
0.015437538461538461
-0.02795446153846154
-0.02044430769230769
0.009596307692307692
0.03880246153846154
0.05048492307692308
0.05507446153846154
0.09679753846153846
0.1316363076923077
0.14206707692307693
0.10722830769230769
0.04214030769230769
-0.008761846153846153
-0.038176615384615385
-0.02858030769230769
-0.01272553846153846
-0.017315076923076923
-0.030875076923076922
-0.026702769230769228
0.009804923076923077
0.04944184615384615
0.06258461538461538
0.03859384615384615
-0.016897846153846156
-0.06049846153846154
-0.06633969230769231
-0.059664
-0.05778646153846154
-0.07092923076923077
-0.078648
-0.059038153846153844
-0.018775384615384614
0.015020307692307692
0.012308307692307691
-0.02586830769230769
-0.06884307692307692
-0.07197230769230768
-0.04985907692307692
-0.030040615384615384
-0.01940123076923077
-0.018358153846153843
-0.0025033846153846152
0.029206153846153847
0.05862092307692307
0.058412307692307694
0.010639384615384617
-0.040262769230769234
-0.059038153846153844
-0.04902461538461538
-0.02315630769230769
-0.021904615384615383
-0.03859384615384615
