-0.029206153846153847
-0.09241661538461539
-0.08949599999999999
-0.058829538461538454
-0.012099692307692308
0.03400430769230769
0.0771876923076923
0.12537784615384615
0.15166338461538462
0.15270646153846154
0.09429415384615383
0.009804923076923077
-0.05486584615384615
-0.09763200000000001
-0.10576799999999999
-0.10597661538461538
-0.0717636923076923
-0.017940923076923077
0.03692492307692308
0.11849353846153846
0.15813046153846153
0.15208061538461537
0.10493353846153847
0.03609046153846154
0.008970461538461538
-0.01668923076923077
-0.028788923076923077
-0.024408000000000003
-0.016063384615384615
0.03901107692307692
0.10743692307692307
0.14832553846153845
0.1422756923076923
0.11056615384615384
0.06967753846153846
0.040054153846153843
0.05090215384615384
0.06633969230769231
0.08010830769230769
0.07885661538461539
0.08365476923076923
0.12204
0.14144123076923076
0.13455692307692307
0.07531015384615385
-0.023364923076923075
-0.10159569230769232
-0.14206707692307693
-0.124752
-0.09158215384615384
-0.06216738461538462
-0.03275261538461539
0.005215384615384615
0.04714707692307692
0.06404492307692307
0.04902461538461538
-0.020652923076923076
-0.10138707692307691
-0.14978584615384616
-0.15520984615384617
-0.13121907692307694
-0.11244369230769231
-0.09262523076923077
-0.06654830769230768
-0.018983999999999997
0.04380923076923077
0.06070707692307692
0.029623384615384614
-0.021487384615384613
-0.07259815384615384
-0.08302892307692307
-0.07697907692307693
-0.07051199999999999
-0.07072061538461538
-0.05444861538461539
-0.0033378461538461535
0.04985907692307692
0.07551876923076924
0.03567323076923076
-0.03275261538461539
-0.10326461538461539
-0.13455692307692307
-0.12808984615384614
-0.12016246153846154
-0.09763200000000001
-0.08574092307692306
-0.04318338461538461
0.009596307692307692
0.04693846153846153
0.06800861538461538
0.02482523076923077
-0.02545107692307692
-0.05653476923076922
-0.05862092307692307
-0.030040615384615384
-0.023782153846153845
-0.017523692307692306
0.006884307692307692
0.03650769230769231
0.08031692307692308
0.103056
0.07635323076923077
0.026911384615384615
-0.016897846153846156
-0.02023569230769231
0.006049846153846154
0.030040615384615384
0.03629907692307692
0.03671630769230769
0.06988615384615385
0.12370892307692308
0.17419384615384614
0.1706473846153846
0.0961716923076923
0.023990769230769232
-0.026494153846153844
-0.03755076923076923
-0.019609846153846155
-0.019609846153846155
-0.006258461538461538
0.021696
0.07426707692307692
0.1368516923076923
0.15604430769230768
0.13476553846153844
0.06404492307692307
0.0014603076923076922
-0.023782153846153845
-0.03629907692307692
-0.02545107692307692
-0.02524246153846154
-0.017315076923076923
0.015646153846153844
0.04965046153846154
0.08761846153846153
0.0717636923076923
0.003963692307692307
-0.05528307692307692
-0.07030338461538461
-0.03901107692307692
-0.011891076923076923
0.006049846153846154
0.012516923076923077
0.01397723076923077
0.037967999999999995
0.0771876923076923
0.086784
0.04047138461538462
-0.03483876923076923
-0.09533723076923077
-0.11265230769230769
-0.10222153846153846
-0.09596307692307693
-0.09721476923076922
-0.08615815384615384
-0.05716061538461538
0.008970461538461538
0.073224
0.09137353846153846
0.06195876923076923
-0.008136
-0.03963692307692308
-0.0446436923076923
-0.03296123076923077
-0.021904615384615383
-0.02858030769230769
0.009596307692307692
0.05173661538461538
0.08386338461538462
0.08574092307692306
0.04756430769230769
0.010848
-0.015228923076923076
-0.007510153846153846
0.014394461538461538
0.029832
0.04693846153846153
0.05674338461538461
0.06717415384615384
0.08302892307692307
0.1045163076923077
0.09700615384615385
0.04714707692307692
-0.003755076923076923
-0.033169846153846154
-0.02524246153846154
-0.008136
-0.0016689230769230767
0.004798153846153846
0.01814953846153846
0.05048492307692308
0.08010830769230769
0.0855323076923077
0.04109723076923077
-0.018775384615384614
-0.03775938461538462
-0.02086153846153846
0.020027076923076922
0.04318338461538461
0.051528
0.06738276923076922
0.086784
0.11056615384615384
0.1028473846153846
0.056951999999999996
-0.005215384615384615
-0.05048492307692308
-0.04714707692307692
-0.024199384615384616
0.006258461538461538
0.008136
-0.010639384615384617
0.0012516923076923076
0.01814953846153846
0.043600615384615383
0.03755076923076923
0.0006258461538461538
-0.021696
-0.042974769230769226
-0.023364923076923075
-0.012934153846153845
-0.03775938461538462
-0.0609156923076923
-0.08761846153846153
-0.07259815384615384
-0.04109723076923077
-0.010013538461538461
-0.0016689230769230767
-0.023782153846153845
-0.03671630769230769
-0.040679999999999994
-0.012308307692307691
0.00855323076923077
0.0035464615384615383
-0.009596307692307692
-0.0025033846153846152
0.03901107692307692
0.04839876923076923
0.027120000000000002
-0.016063384615384615
-0.054240000000000003
-0.03066646153846154
0.006675692307692307
0.05090215384615384
