-0.08386338461538462
-0.08386338461538462
-0.04526953846153846
-0.014811692307692307
0.03296123076923077
0.06341907692307691
0.0853236923076923
0.10660246153846153
0.11745046153846153
0.10430769230769231
0.05507446153846154
0.02232184615384615
0.010013538461538461
0.013560000000000001
0.02086153846153846
0.026285538461538457
0.04756430769230769
0.05027630769230769
0.06529661538461538
0.08740984615384616
0.06341907692307691
0.013560000000000001
-0.043392
-0.04819015384615385
-0.02211323076923077
0.0016689230769230767
0.03921969230769231
0.056951999999999996
0.0855323076923077
0.11473846153846154
0.13351384615384615
0.11891076923076922
0.05069353846153846
-0.0043809230769230765
-0.052153846153846155
-0.06487938461538462
-0.03963692307692308
-0.010222153846153844
0.018358153846153843
0.043392
0.08448923076923077
0.12141415384615384
0.14457046153846154
0.12120553846153845
0.055491692307692304
-0.0050067692307692304
-0.03963692307692308
-0.03483876923076923
-0.015646153846153844
0.0016689230769230767
0.023364923076923075
0.0446436923076923
0.07635323076923077
0.100344
0.08365476923076923
0.03275261538461539
-0.035464615384615386
-0.06946892307692307
-0.07927384615384615
-0.07510153846153846
-0.05298830769230769
-0.04172307692307692
-0.026702769230769228
-0.0050067692307692304
0.03108369230769231
0.03504738461538461
-0.006884307692307692
-0.05319692307692307
-0.08031692307692308
-0.07072061538461538
-0.05444861538461539
-0.01710646153846154
0.009179076923076922
0.01668923076923077
0.058829538461538454
0.10931446153846153
0.14039815384615384
0.11181784615384616
0.051319384615384614
-0.003129230769230769
-0.03755076923076923
-0.017940923076923077
0.009179076923076922
0.04172307692307692
0.07238953846153846
0.09533723076923077
0.14603076923076924
0.17461107692307692
0.15959076923076923
0.09053907692307692
-0.0006258461538461538
-0.06571384615384615
-0.08490646153846154
-0.06884307692307692
-0.06467076923076923
-0.05507446153846154
-0.04380923076923077
-0.005841230769230769
0.04547815384615384
0.05757784615384615
0.03921969230769231
-0.010639384615384617
-0.055491692307692304
-0.07343261538461537
-0.05757784615384615
-0.01710646153846154
-0.0035464615384615383
-0.0016689230769230767
0.017523692307692306
0.05319692307692307
0.09471138461538461
0.08845292307692308
0.03775938461538462
-0.026702769230769228
-0.07364123076923076
-0.07113784615384615
-0.04819015384615385
-0.017315076923076923
-0.0033378461538461535
0.010639384615384617
0.047772923076923074
0.08782707692307692
0.10535076923076922
0.07405846153846153
0.017523692307692306
-0.04547815384615384
-0.07134646153846153
-0.07113784615384615
-0.07572738461538461
-0.06633969230769231
-0.06759138461538462
-0.047981538461538464
0.0077187692307692304
0.058412307692307694
0.07072061538461538
0.02044430769230769
-0.04380923076923077
-0.07259815384615384
-0.05298830769230769
-0.008970461538461538
0.017940923076923077
0.026702769230769228
0.02858030769230769
0.037967999999999995
0.06154153846153846
0.07677046153846154
0.06216738461538462
0.01710646153846154
-0.020652923076923076
-0.02273907692307692
-0.0022947692307692304
0.026076923076923077
0.02482523076923077
0.030040615384615384
0.04672984615384615
0.05757784615384615
0.08198584615384615
0.061124307692307686
0.015437538461538461
-0.04547815384615384
-0.0892873846153846
-0.07280676923076923
-0.04547815384615384
-0.02524246153846154
-0.028788923076923077
-0.011265230769230769
0.02753723076923077
0.06195876923076923
0.08094276923076923
0.041514461538461535
-0.0018775384615384615
-0.011682461538461537
0.008970461538461538
0.0446436923076923
0.04985907692307692
0.05090215384615384
0.05590892307692308
0.06613107692307692
0.0892873846153846
0.10138707692307691
0.10868861538461538
0.08052553846153847
0.05277969230769231
0.049233230769230765
0.049233230769230765
0.06654830769230768
0.06279323076923077
0.05507446153846154
0.04985907692307692
0.055491692307692304
0.07030338461538461
0.03650769230769231
-0.021696
-0.08991323076923076
-0.12141415384615384
-0.08761846153846153
-0.037967999999999995
-0.0008344615384615384
-0.007510153846153846
-0.021904615384615383
-0.021070153846153846
-0.01668923076923077
-0.014603076923076923
-0.04672984615384615
-0.0855323076923077
-0.10389046153846154
-0.09930092307692308
-0.05319692307692307
-0.009387692307692307
0.002712
-0.0006258461538461538
-0.005215384615384615
0.011891076923076923
0.03233538461538461
0.029414769230769227
-0.01710646153846154
-0.06258461538461538
-0.06425353846153846
-0.031709538461538456
0.025659692307692307
0.040054153846153843
0.026285538461538457
0.02273907692307692
0.025033846153846153
0.04088861538461538
0.037967999999999995
0.015854769230769228
-0.010848
-0.030040615384615384
-0.03379569230769231
-0.019192615384615384
-0.0006258461538461538
-0.020652923076923076
-0.04193169230769231
-0.04172307692307692
-0.021070153846153846
0.013351384615384614
0.004798153846153846
-0.0070929230769230765
-0.01272553846153846
-0.0070929230769230765
0.03713353846153846
0.06279323076923077
0.06487938461538462
