-0.086784
-0.1314276923076923
-0.12996738461538462
-0.08115138461538463
-0.01940123076923077
0.04944184615384615
0.10681107692307691
0.15208061538461537
0.18545907692307692
0.15500123076923078
0.08991323076923076
0.0016689230769230767
-0.07927384615384615
-0.12350030769230769
-0.14853415384615384
-0.12350030769230769
-0.06696553846153847
0.008344615384615384
0.08448923076923077
0.13601723076923075
0.15833907692307692
0.12579507692307693
0.050067692307692306
-0.03880246153846154
-0.10681107692307691
-0.1205796923076923
-0.092208
-0.05048492307692308
-0.0029206153846153843
0.05590892307692308
0.11077476923076923
0.13184492307692308
0.10994030769230768
0.025033846153846153
-0.07697907692307693
-0.14603076923076924
-0.15646153846153846
-0.09679753846153846
-0.022947692307692308
0.05799507692307692
0.12788123076923075
0.1733593846153846
0.20402584615384614
0.1881710769230769
0.12099692307692309
0.029623384615384614
-0.04839876923076923
-0.09095630769230768
-0.08490646153846154
-0.04088861538461538
0.007510153846153846
0.04756430769230769
0.07134646153846153
0.09533723076923077
0.10806276923076923
0.07551876923076924
0.006675692307692307
-0.06967753846153846
-0.1070196923076923
-0.09950953846153845
-0.07468430769230769
-0.042974769230769226
-0.008344615384615384
0.03713353846153846
0.09074769230769231
0.12016246153846154
0.11432123076923076
0.06300184615384616
-0.04401784615384615
-0.13768615384615385
-0.1696043076923077
-0.1462393846153846
-0.078648
-0.02315630769230769
0.02273907692307692
0.06258461538461538
0.09304246153846155
0.11223507692307692
0.07405846153846153
0.0077187692307692304
-0.06028984615384615
-0.0963803076923077
-0.07572738461538461
-0.027328615384615382
0.02899753846153846
0.065088
0.07906523076923076
0.08156861538461539
0.07593599999999999
0.047772923076923074
-0.00855323076923077
-0.0771876923076923
-0.12558646153846154
-0.11265230769230769
-0.05924676923076923
-0.0029206153846153843
0.03609046153846154
0.061750153846153844
0.08094276923076923
0.0963803076923077
0.09992676923076924
0.06696553846153847
-0.0035464615384615383
-0.09053907692307692
-0.1368516923076923
-0.119328
-0.07885661538461539
-0.040262769230769234
-0.0014603076923076922
0.03984553846153846
0.084072
0.1097316923076923
0.11807630769230769
0.09700615384615385
0.040679999999999994
-0.01043076923076923
-0.037342153846153844
-0.017315076923076923
0.004589538461538461
0.004798153846153846
0.009179076923076922
0.021278769230769233
0.054240000000000003
0.073224
0.06800861538461538
0.042557538461538466
0.007301538461538462
-0.005215384615384615
0.0014603076923076922
0.025033846153846153
0.046104
0.04526953846153846
0.04401784615384615
0.05945538461538461
0.08156861538461539
0.08469784615384615
0.06633969230769231
0.03379569230769231
0.006049846153846154
0.011473846153846154
0.030040615384615384
0.03838523076923077
0.043600615384615383
0.05611753846153846
0.08824430769230769
0.11452984615384615
0.12245723076923076
0.10931446153846153
0.07009476923076922
0.03859384615384615
0.016897846153846156
0.015020307692307692
0.021487384615384613
0.014603076923076923
0.014603076923076923
0.022530461538461537
0.058412307692307694
0.09491999999999999
0.09450276923076922
0.07697907692307693
0.04944184615384615
0.037967999999999995
0.043392
0.045895384615384616
0.034630153846153845
0.016480615384615385
0.02545107692307692
0.05674338461538461
0.09241661538461539
0.0974233846153846
0.059872615384615385
0.01272553846153846
-0.030040615384615384
-0.03984553846153846
-0.011891076923076923
0.009596307692307692
0.0035464615384615383
0.0018775384615384615
0.02482523076923077
0.06654830769230768
0.10514215384615383
0.10013538461538461
0.06592246153846154
0.023990769230769232
0.0022947692307692304
0.007510153846153846
0.006258461538461538
-0.011891076923076923
-0.03379569230769231
-0.010013538461538461
0.03921969230769231
0.06905169230769231
0.06404492307692307
0.016480615384615385
-0.040679999999999994
-0.07364123076923076
-0.0771876923076923
-0.06696553846153847
-0.04631261538461538
-0.042557538461538466
-0.03963692307692308
0.004798153846153846
0.05382276923076923
0.07739630769230768
0.049233230769230765
-0.013142769230769229
-0.059872615384615385
-0.07802215384615384
-0.06613107692307692
-0.049233230769230765
-0.045895384615384616
-0.04276615384615385
-0.029414769230769227
0.0012516923076923076
0.03984553846153846
0.05173661538461538
0.02753723076923077
-0.016272
-0.03713353846153846
-0.02044430769230769
-0.0004172307692307692
0.013142769230769229
0.017315076923076923
0.029414769230769227
0.042348923076923076
0.06341907692307691
0.07823076923076923
0.04214030769230769
-0.018358153846153843
-0.06675692307692307
-0.056951999999999996
-0.010222153846153844
0.012934153846153845
0.02357353846153846
0.053405538461538456
0.08699261538461538
0.11348676923076922
0.12996738461538462
0.12266584615384615
0.09179076923076923
0.043600615384615383
0.012934153846153845
0.015437538461538461
0.031918153846153846
