0.07635323076923077
0.10409907692307692
0.10368184615384615
0.08782707692307692
0.07426707692307692
0.08240307692307691
0.10743692307692307
0.11724184615384614
0.08720123076923077
0.028788923076923077
-0.025659692307692307
-0.03775938461538462
-0.014185846153846153
0.0050067692307692304
-0.0002086153846153846
-0.017940923076923077
-0.008136
0.03358707692307692
0.06967753846153846
0.08574092307692306
0.04944184615384615
0.0004172307692307692
-0.010848
-0.005841230769230769
0.009596307692307692
-0.012099692307692308
-0.04380923076923077
-0.05924676923076923
-0.05528307692307692
-0.01814953846153846
-0.012934153846153845
-0.028788923076923077
-0.059872615384615385
-0.07656184615384615
-0.0446436923076923
-0.009804923076923077
0.015646153846153844
0.0002086153846153846
-0.03045784615384615
-0.029623384615384614
-0.005215384615384615
0.021904615384615383
0.015228923076923076
-0.007510153846153846
-0.021904615384615383
-0.015437538461538461
0.017732307692307693
0.03337846153846154
0.013351384615384614
-0.014394461538461538
-0.030875076923076922
-0.0070929230769230765
0.032544
0.06487938461538462
0.07948246153846153
0.05611753846153846
0.02858030769230769
0.017315076923076923
0.026285538461538457
0.019609846153846155
-0.010848
-0.021696
-0.013142769230769229
0.005632615384615384
0.009179076923076922
-0.006675692307692307
-0.027120000000000002
-0.05069353846153846
-0.04380923076923077
-0.02482523076923077
-0.01272553846153846
-0.019192615384615384
-0.044435076923076924
-0.06028984615384615
-0.07259815384615384
-0.04839876923076923
-0.02211323076923077
-0.020652923076923076
-0.01043076923076923
0.006675692307692307
0.03692492307692308
0.03421292307692308
-0.0022947692307692304
-0.04547815384615384
-0.0826116923076923
-0.08052553846153847
-0.047772923076923074
0.0022947692307692304
0.014603076923076923
0.013768615384615384
0.05173661538461538
0.07802215384615384
0.09471138461538461
0.06487938461538462
-0.0025033846153846152
-0.06759138461538462
-0.12433476923076923
-0.12141415384615384
-0.10389046153846154
-0.07405846153846153
-0.043392
-0.037342153846153844
-0.0050067692307692304
0.009596307692307692
0.008136
-0.012934153846153845
-0.07197230769230768
-0.10180430769230768
-0.10535076923076922
-0.06863446153846153
-0.012934153846153845
0.017732307692307693
0.042557538461538466
0.052571076923076915
0.08949599999999999
0.11327815384615383
0.08073415384615384
0.01940123076923077
-0.05298830769230769
-0.06863446153846153
-0.058412307692307694
-0.03108369230769231
0.03045784615384615
0.05924676923076923
0.08574092307692306
0.13226215384615383
0.16605784615384614
0.1652233846153846
0.0892873846153846
-0.009596307692307692
-0.08031692307692308
-0.08866153846153846
-0.03066646153846154
0.03755076923076923
0.10618523076923077
0.14936861538461538
0.1800350769230769
0.19442953846153843
0.1858763076923077
0.15374953846153847
0.08031692307692308
0.007301538461538462
-0.040679999999999994
-0.04193169230769231
-0.0070929230769230765
0.03838523076923077
0.09137353846153846
0.14269292307692305
0.19296923076923078
0.2225926153846154
0.19985353846153847
0.12767261538461538
0.04172307692307692
-0.021904615384615383
-0.03880246153846154
-0.008761846153846153
0.037967999999999995
0.08094276923076923
0.1028473846153846
0.11473846153846154
0.1314276923076923
0.1178676923076923
0.05194523076923077
-0.05048492307692308
-0.138312
-0.17711446153846155
-0.1652233846153846
-0.11348676923076922
-0.04672984615384615
0.006049846153846154
0.042557538461538466
0.07197230769230768
0.08052553846153847
0.04193169230769231
-0.04214030769230769
-0.12370892307692308
-0.17586276923076924
-0.1777403076923077
-0.14603076923076924
-0.09763200000000001
-0.028163076923076923
0.03942830769230769
0.09930092307692308
0.13372246153846154
0.12621230769230768
0.07280676923076923
-0.003963692307692307
-0.06195876923076923
-0.07510153846153846
-0.05090215384615384
-0.0025033846153846152
0.06133292307692308
0.11578153846153846
0.15208061538461537
0.16418030769230768
0.143736
0.08615815384615384
-0.0035464615384615383
-0.0880356923076923
-0.13664307692307692
-0.13351384615384615
-0.08115138461538463
-0.021070153846153846
0.03755076923076923
0.09074769230769231
0.1368516923076923
0.15395815384615386
0.10660246153846153
0.02586830769230769
-0.059872615384615385
-0.11348676923076922
-0.11140061538461538
-0.06863446153846153
-0.015020307692307692
0.02899753846153846
0.07697907692307693
0.12850707692307692
0.15813046153846153
0.13852061538461538
0.08031692307692308
0.0
-0.06446215384615385
-0.078648
-0.05945538461538461
-0.017523692307692306
0.017523692307692306
0.05716061538461538
0.09658892307692307
0.12767261538461538
0.14081538461538462
0.09950953846153845
0.028788923076923077
-0.05653476923076922
-0.09909230769230769
-0.09909230769230769
-0.08198584615384615
-0.03588184615384615
0.005424
0.04902461538461538
0.084072
0.10201292307692307
0.08615815384615384
0.015228923076923076
-0.05757784615384615
