0.044435076923076924
0.002086153846153846
-0.06341907692307691
-0.06842584615384616
-0.045895384615384616
-0.005424
0.05048492307692308
0.0828203076923077
0.0988836923076923
0.11056615384615384
0.12245723076923076
0.12600369230769232
0.10743692307692307
0.04672984615384615
-0.013560000000000001
-0.03942830769230769
-0.031918153846153846
-0.0077187692307692304
0.007927384615384614
0.028371692307692306
0.04526953846153846
0.07635323076923077
0.09804923076923076
0.0771876923076923
0.04172307692307692
-0.003755076923076923
-0.026285538461538457
-0.015854769230769228
-0.0002086153846153846
0.008761846153846153
0.010013538461538461
0.015020307692307692
0.03629907692307692
0.058829538461538454
0.03942830769230769
-0.004589538461538461
-0.06049846153846154
-0.10848000000000001
-0.10493353846153847
-0.08219446153846154
-0.05611753846153846
-0.03233538461538461
-0.016063384615384615
0.02232184615384615
0.06905169230769231
0.10535076923076922
0.10368184615384615
0.051319384615384614
-0.004798153846153846
-0.03692492307692308
-0.034630153846153845
-0.01043076923076923
0.0022947692307692304
0.006884307692307692
0.026702769230769228
0.05799507692307692
0.08761846153846153
0.08469784615384615
0.03421292307692308
-0.015854769230769228
-0.054657230769230764
-0.06633969230769231
-0.05090215384615384
-0.050067692307692306
-0.0448523076923077
-0.03066646153846154
0.006675692307692307
0.045895384615384616
0.056326153846153845
0.03838523076923077
-0.015228923076923076
-0.06154153846153846
-0.09408553846153846
-0.10159569230769232
-0.08824430769230769
-0.07843938461538462
-0.06008123076923077
-0.028163076923076923
0.029623384615384614
0.08448923076923077
0.0963803076923077
0.06550523076923077
0.0025033846153846152
-0.046104
-0.06425353846153846
-0.07092923076923077
-0.06341907692307691
-0.05716061538461538
-0.03942830769230769
0.008970461538461538
0.06800861538461538
0.10326461538461539
0.08135999999999999
0.024199384615384616
-0.01272553846153846
-0.02795446153846154
-0.02211323076923077
-0.014603076923076923
-0.019609846153846155
-0.00855323076923077
0.008970461538461538
0.045060923076923075
0.08010830769230769
0.09033046153846153
0.08657538461538461
0.06738276923076922
0.04568676923076923
0.04526953846153846
0.053614153846153846
0.04109723076923077
0.03442153846153846
0.040679999999999994
0.06884307692307692
0.10806276923076923
0.11870215384615385
0.09408553846153846
0.03921969230769231
-0.007510153846153846
-0.020027076923076922
-0.012099692307692308
-0.010639384615384617
-0.021904615384615383
-0.027328615384615382
-0.003129230769230769
0.04276615384615385
0.07134646153846153
0.07134646153846153
0.03859384615384615
-0.004798153846153846
-0.023990769230769232
-0.017523692307692306
-0.0016689230769230767
0.004172307692307692
0.007301538461538462
0.01940123076923077
0.03609046153846154
0.065088
0.08490646153846154
0.05111076923076923
0.004172307692307692
-0.021070153846153846
-0.025659692307692307
0.005424
0.028163076923076923
0.034630153846153845
0.03629907692307692
0.04193169230769231
0.06571384615384615
0.07823076923076923
0.06070707692307692
0.012308307692307691
-0.02044430769230769
-0.026285538461538457
-0.008970461538461538
0.015646153846153844
0.008970461538461538
0.005424
0.008761846153846153
0.02545107692307692
0.04860738461538461
0.03379569230769231
-0.00855323076923077
-0.041514461538461535
-0.04172307692307692
-0.01043076923076923
0.03567323076923076
0.061750153846153844
0.05507446153846154
0.03400430769230769
0.026702769230769228
0.03379569230769231
0.03838523076923077
0.01940123076923077
-0.02482523076923077
-0.050067692307692306
-0.04568676923076923
-0.023782153846153845
0.013768615384615384
0.028788923076923077
0.017940923076923077
0.022530461538461537
0.042348923076923076
0.059038153846153844
0.0448523076923077
0.008136
-0.026076923076923077
-0.042557538461538466
-0.025659692307692307
-0.0014603076923076922
0.0025033846153846152
-0.020652923076923076
-0.04672984615384615
-0.06028984615384615
-0.06821723076923077
-0.06717415384615384
-0.06738276923076922
-0.08177723076923075
-0.0892873846153846
-0.04819015384615385
0.015854769230769228
0.04652123076923077
0.035255999999999996
0.008761846153846153
-0.00855323076923077
-0.011265230769230769
0.0025033846153846152
0.013142769230769229
0.004798153846153846
-0.006884307692307692
-0.0008344615384615384
0.017315076923076923
0.021070153846153846
0.01940123076923077
-0.0022947692307692304
-0.03358707692307692
-0.030875076923076922
-0.010639384615384617
0.017315076923076923
0.021904615384615383
0.011473846153846154
0.02357353846153846
0.04672984615384615
0.08240307692307691
0.0988836923076923
0.07113784615384615
0.02586830769230769
-0.0016689230769230767
-0.0022947692307692304
0.010013538461538461
0.021070153846153846
0.024616615384615383
0.040054153846153843
0.05820369230769231
0.08386338461538462
0.10848000000000001
0.09033046153846153
0.049233230769230765
0.003755076923076923
-0.01814953846153846
-0.012099692307692308
0.012099692307692308
0.04276615384615385
0.05945538461538461
0.09137353846153846
