0.015020307692307692
0.055491692307692304
0.07531015384615385
0.04547815384615384
0.03984553846153846
0.03504738461538461
0.04088861538461538
0.0448523076923077
0.0035464615384615383
-0.03671630769230769
-0.05194523076923077
-0.02795446153846154
0.01940123076923077
0.04318338461538461
0.04401784615384615
0.026911384615384615
0.028788923076923077
0.0609156923076923
0.08428061538461538
0.07092923076923077
0.01814953846153846
-0.03963692307692308
-0.07134646153846153
-0.06341907692307691
-0.05236246153846154
-0.040679999999999994
-0.009387692307692307
0.02899753846153846
0.0771876923076923
0.1028473846153846
0.09074769230769231
0.03775938461538462
-0.03045784615384615
-0.0717636923076923
-0.06633969230769231
-0.026702769230769228
0.011891076923076923
0.05298830769230769
0.08699261538461538
0.13080184615384613
0.15124615384615384
0.13622584615384614
0.084072
-0.013768615384615384
-0.06842584615384616
-0.0826116923076923
-0.04088861538461538
0.03233538461538461
0.08115138461538463
0.1151556923076923
0.12537784615384615
0.14331876923076922
0.1543753846153846
0.12850707692307692
0.052153846153846155
-0.045060923076923075
-0.09825784615384614
-0.09950953846153845
-0.06133292307692308
-0.010013538461538461
0.02858030769230769
0.06863446153846153
0.11265230769230769
0.14603076923076924
0.1287156923076923
0.03045784615384615
-0.07155507692307693
-0.1424843076923077
-0.1635544615384615
-0.11557292307692307
-0.04652123076923077
0.04756430769230769
0.11870215384615385
0.1691870769230769
0.2205064615384615
0.21174461538461536
0.14728246153846153
0.031918153846153846
-0.0678
-0.10430769230769231
-0.09158215384615384
-0.024616615384615383
0.05924676923076923
0.12621230769230768
0.17502830769230768
0.19651569230769228
0.17231630769230769
0.12037107692307693
0.03212676923076923
-0.07656184615384615
-0.13914646153846155
-0.1341396923076923
-0.07238953846153846
-0.005841230769230769
0.043392
0.07969107692307692
0.10555938461538462
0.1178676923076923
0.08949599999999999
0.027328615384615382
-0.06049846153846154
-0.14582215384615385
-0.18483323076923078
-0.16876984615384616
-0.12662953846153846
-0.08699261538461538
-0.03692492307692308
0.020027076923076922
0.06654830769230768
0.08699261538461538
0.04693846153846153
-0.03024923076923077
-0.11828492307692307
-0.18963138461538462
-0.1883796923076923
-0.15479261538461536
-0.09074769230769231
-0.015020307692307692
0.03755076923076923
0.10096984615384616
0.12287446153846153
0.09971815384615385
0.029832
-0.07551876923076924
-0.15416676923076922
-0.1883796923076923
-0.14102399999999998
-0.06988615384615385
-0.010013538461538461
0.04214030769230769
0.05820369230769231
0.08031692307692308
0.0798996923076923
0.04965046153846154
-0.0050067692307692304
-0.07781353846153846
-0.0974233846153846
-0.08866153846153846
-0.06404492307692307
-0.021070153846153846
0.016480615384615385
0.054657230769230764
0.0880356923076923
0.10681107692307691
0.10535076923076922
0.06738276923076922
0.006884307692307692
-0.018983999999999997
-0.007301538461538462
0.00855323076923077
0.02524246153846154
0.05403138461538461
0.08365476923076923
0.10201292307692307
0.11077476923076923
0.09658892307692307
0.051319384615384614
-0.011682461538461537
-0.05277969230769231
-0.05716061538461538
-0.03024923076923077
0.008344615384615384
0.02753723076923077
0.04193169230769231
0.06905169230769231
0.1097316923076923
0.1356
0.11745046153846153
0.07802215384615384
0.018983999999999997
-0.03713353846153846
-0.04568676923076923
-0.035255999999999996
-0.013768615384615384
0.003963692307692307
0.02899753846153846
0.0828203076923077
0.12099692307692309
0.13455692307692307
0.1045163076923077
0.05173661538461538
0.012516923076923077
0.002086153846153846
0.023364923076923075
0.03296123076923077
0.030040615384615384
0.013142769230769229
0.009804923076923077
0.044435076923076924
0.07238953846153846
0.07760492307692309
0.03024923076923077
-0.041514461538461535
-0.06717415384615384
-0.06446215384615385
-0.047772923076923074
-0.027745846153846152
-0.012934153846153845
0.017523692307692306
0.05862092307692307
0.10389046153846154
0.09909230769230769
0.03233538461538461
-0.04088861538461538
-0.11265230769230769
-0.13101046153846155
-0.11640738461538462
-0.09700615384615385
-0.06717415384615384
-0.055491692307692304
-0.005841230769230769
0.05382276923076923
0.08887015384615385
0.09512861538461538
0.047772923076923074
-0.006049846153846154
-0.04568676923076923
-0.06341907692307691
-0.07364123076923076
-0.08240307692307691
-0.07802215384615384
-0.05820369230769231
-0.0012516923076923076
0.06154153846153846
0.0897046153846154
0.06717415384615384
0.011056615384615385
-0.027328615384615382
-0.03400430769230769
-0.028163076923076923
-0.02482523076923077
-0.03129230769230769
-0.02482523076923077
0.014185846153846153
0.05611753846153846
0.084072
0.07489292307692308
0.029414769230769227
-0.012934153846153845
-0.02899753846153846
-0.02273907692307692
-0.006467076923076923
0.011265230769230769
0.021278769230769233
