0.10806276923076923
0.09721476923076922
0.05528307692307692
0.017732307692307693
-0.014394461538461538
-0.01272553846153846
0.03379569230769231
0.07134646153846153
0.08365476923076923
0.07635323076923077
0.08699261538461538
0.12204
0.12287446153846153
0.08177723076923075
0.031709538461538456
-0.0029206153846153843
-0.02086153846153846
-0.021487384615384613
-0.007301538461538462
0.009596307692307692
0.02586830769230769
0.052153846153846155
0.10597661538461538
0.14144123076923076
0.13205353846153844
0.08386338461538462
0.035464615384615386
0.014185846153846153
-0.004172307692307692
0.009179076923076922
0.03108369230769231
0.03400430769230769
0.052153846153846155
0.07572738461538461
0.1097316923076923
0.12162276923076921
0.08428061538461538
0.0448523076923077
-0.0008344615384615384
-0.018358153846153843
-0.005632615384615384
0.0029206153846153843
-0.0035464615384615383
-0.026285538461538457
-0.009596307692307692
0.03775938461538462
0.07572738461538461
0.07468430769230769
0.03588184615384615
0.008344615384615384
-0.0077187692307692304
-0.0043809230769230765
0.007301538461538462
-0.015228923076923076
-0.035464615384615386
-0.03337846153846154
-0.004798153846153846
0.03650769230769231
0.056951999999999996
0.05173661538461538
0.010848
-0.016063384615384615
0.003963692307692307
0.04652123076923077
0.06133292307692308
0.04819015384615385
0.042974769230769226
0.045895384615384616
0.07092923076923077
0.08845292307692308
0.07969107692307692
0.03984553846153846
-0.010013538461538461
-0.019609846153846155
-0.015646153846153844
-0.006258461538461538
-0.012099692307692308
-0.03379569230769231
-0.02586830769230769
-0.009387692307692307
0.02086153846153846
0.03713353846153846
0.015020307692307692
-0.0077187692307692304
-0.031709538461538456
-0.024408000000000003
-0.004589538461538461
-0.01814953846153846
-0.04944184615384615
-0.07927384615384615
-0.08177723076923075
-0.05757784615384615
-0.02044430769230769
-0.008136
-0.014394461538461538
0.006675692307692307
0.045895384615384616
0.10889723076923077
0.14018953846153845
0.10660246153846153
0.061124307692307686
0.025659692307692307
0.010013538461538461
-0.005841230769230769
-0.013560000000000001
-0.015854769230769228
-0.02023569230769231
-0.005215384615384615
0.027120000000000002
0.06216738461538462
0.05486584615384615
0.010848
-0.029414769230769227
-0.04756430769230769
-0.03629907692307692
-0.009179076923076922
0.0016689230769230767
-0.014185846153846153
-0.021070153846153846
-0.006467076923076923
0.009179076923076922
0.0002086153846153846
-0.03337846153846154
-0.08824430769230769
-0.12433476923076923
-0.09950953846153845
-0.05048492307692308
-0.006675692307692307
0.009387692307692307
0.021487384615384613
0.050067692307692306
0.07238953846153846
0.073224
0.043600615384615383
-0.010222153846153844
-0.06154153846153846
-0.07572738461538461
-0.05319692307692307
-0.011473846153846154
0.012516923076923077
0.02795446153846154
0.05173661538461538
0.08949599999999999
0.11724184615384614
0.07906523076923076
0.005215384615384615
-0.05090215384615384
-0.07092923076923077
-0.05674338461538461
-0.013768615384615384
0.027328615384615382
0.05382276923076923
0.078648
0.09784061538461537
0.11557292307692307
0.0961716923076923
0.03755076923076923
-0.016480615384615385
-0.04985907692307692
-0.04526953846153846
-0.002086153846153846
0.04693846153846153
0.07364123076923076
0.07906523076923076
0.10576799999999999
0.14582215384615385
0.14853415384615384
0.11348676923076922
0.034630153846153845
-0.04088861538461538
-0.07197230769230768
-0.06425353846153846
-0.026911384615384615
0.006675692307692307
0.026911384615384615
0.02795446153846154
0.03984553846153846
0.05611753846153846
0.043600615384615383
-0.008344615384615384
-0.09325107692307691
-0.138312
-0.13121907692307694
-0.09283384615384616
-0.03504738461538461
-0.008344615384615384
0.010848
0.03337846153846154
0.042974769230769226
0.0446436923076923
-0.005632615384615384
-0.0853236923076923
-0.14686523076923075
-0.16418030769230768
-0.12350030769230769
-0.06362769230769232
0.0016689230769230767
0.054657230769230764
0.09512861538461538
0.12850707692307692
0.14832553846153845
0.12975876923076923
0.0446436923076923
-0.05570030769230769
-0.130176
-0.14540492307692307
-0.10347323076923076
-0.04839876923076923
-0.002086153846153846
0.03567323076923076
0.07384984615384615
0.09950953846153845
0.09763200000000001
0.04985907692307692
-0.031918153846153846
-0.10535076923076922
-0.13101046153846155
-0.09554584615384615
-0.03650769230769231
0.013560000000000001
0.04631261538461538
0.07197230769230768
0.08302892307692307
0.07635323076923077
0.055491692307692304
-0.0029206153846153843
-0.06195876923076923
-0.09825784615384614
-0.09283384615384616
-0.025033846153846153
0.042557538461538466
0.0892873846153846
0.11244369230769231
0.12329169230769231
0.1314276923076923
0.11348676923076922
0.06884307692307692
-0.00855323076923077
-0.07301538461538462
-0.08615815384615384
-0.04965046153846154
0.014185846153846153
0.052571076923076915
0.08031692307692308
