-0.03692492307692308
0.03755076923076923
0.08490646153846154
0.1045163076923077
0.10597661538461538
0.09179076923076923
0.04109723076923077
-0.040262769230769234
-0.11056615384615384
-0.13893784615384613
-0.10472492307692308
-0.043392
0.01710646153846154
0.05716061538461538
0.07009476923076922
0.10201292307692307
0.12245723076923076
0.12829846153846153
0.10222153846153846
0.027745846153846152
-0.031918153846153846
-0.06446215384615385
-0.05298830769230769
-0.030875076923076922
-0.002086153846153846
0.05069353846153846
0.09471138461538461
0.13726892307692307
0.14290153846153844
0.10368184615384615
0.023364923076923075
-0.07843938461538462
-0.13226215384615383
-0.12934153846153845
-0.09137353846153846
-0.04860738461538461
-0.0050067692307692304
0.05298830769230769
0.10389046153846154
0.13121907692307694
0.11703323076923078
0.06341907692307691
-0.019609846153846155
-0.10076123076923077
-0.12537784615384615
-0.10681107692307691
-0.05820369230769231
-0.009804923076923077
0.024408000000000003
0.06821723076923077
0.09158215384615384
0.09721476923076922
0.07134646153846153
0.010848
-0.06216738461538462
-0.10889723076923077
-0.08323753846153846
-0.03337846153846154
0.02086153846153846
0.056326153846153845
0.06842584615384616
0.09325107692307691
0.11056615384615384
0.10806276923076923
0.055491692307692304
-0.025659692307692307
-0.07697907692307693
-0.07614461538461538
-0.029206153846153847
0.01814953846153846
0.06195876923076923
0.09512861538461538
0.11974523076923077
0.15687876923076924
0.1614683076923077
0.13101046153846155
0.0717636923076923
0.0033378461538461535
-0.029623384615384614
-0.03045784615384615
0.006675692307692307
0.03212676923076923
0.054657230769230764
0.10535076923076922
0.13455692307692307
0.15208061538461537
0.13622584615384614
0.084072
0.026911384615384615
-0.012308307692307691
-0.009804923076923077
0.0008344615384615384
0.021696
0.03567323076923076
0.055491692307692304
0.086784
0.09909230769230769
0.09971815384615385
0.053405538461538456
-0.009179076923076922
-0.05799507692307692
-0.078648
-0.042974769230769226
-0.015228923076923076
0.01856676923076923
0.05757784615384615
0.08365476923076923
0.13351384615384615
0.138312
0.1178676923076923
0.06800861538461538
-0.017523692307692306
-0.04693846153846153
-0.05674338461538461
-0.04672984615384615
-0.037967999999999995
-0.03629907692307692
0.0012516923076923076
0.04422646153846154
0.10994030769230768
0.13247076923076923
0.09304246153846155
0.03629907692307692
-0.03400430769230769
-0.05298830769230769
-0.04526953846153846
-0.03692492307692308
-0.03483876923076923
-0.027328615384615382
0.014603076923076923
0.056951999999999996
0.08699261538461538
0.05403138461538461
-0.009387692307692307
-0.06258461538461538
-0.1028473846153846
-0.08302892307692307
-0.06529661538461538
-0.048816000000000005
-0.020652923076923076
0.013560000000000001
0.07280676923076923
0.11265230769230769
0.12683815384615382
0.08740984615384616
0.015020307692307692
-0.04109723076923077
-0.06571384615384615
-0.05757784615384615
-0.06654830769230768
-0.06988615384615385
-0.04902461538461538
-0.01981846153846154
0.03504738461538461
0.07572738461538461
0.06070707692307692
0.0043809230769230765
-0.045895384615384616
-0.051319384615384614
-0.03629907692307692
-0.020652923076923076
-0.015646153846153844
-0.014394461538461538
0.004172307692307692
0.035464615384615386
0.06654830769230768
0.04965046153846154
-0.011682461538461537
-0.08887015384615385
-0.14686523076923075
-0.15333230769230768
-0.13267938461538462
-0.103056
-0.07697907692307693
-0.027120000000000002
0.04401784615384615
0.12975876923076923
0.18754523076923074
0.15333230769230768
0.07092923076923077
-0.018775384615384614
-0.0717636923076923
-0.07802215384615384
-0.08761846153846153
-0.09533723076923077
-0.09429415384615383
-0.054240000000000003
0.03483876923076923
0.09533723076923077
0.103056
0.05674338461538461
0.004172307692307692
-0.024199384615384616
-0.03650769230769231
-0.03609046153846154
-0.04214030769230769
-0.046104
-0.033169846153846154
0.015854769230769228
0.06425353846153846
0.08657538461538461
0.06759138461538462
0.003129230769230769
-0.03755076923076923
-0.052153846153846155
-0.03755076923076923
0.0025033846153846152
0.00855323076923077
0.022530461538461537
0.0446436923076923
0.07238953846153846
0.11494707692307692
0.10013538461538461
0.04380923076923077
-0.032544
-0.0880356923076923
-0.08344615384615384
-0.05486584615384615
-0.02273907692307692
-0.021278769230769233
-0.019609846153846155
0.011056615384615385
0.040679999999999994
0.05111076923076923
0.009596307692307692
-0.051319384615384614
-0.09012184615384615
-0.08761846153846153
-0.03942830769230769
-0.003755076923076923
0.02044430769230769
0.026285538461538457
0.03337846153846154
0.06863446153846153
0.07113784615384615
0.06258461538461538
0.03859384615384615
0.013351384615384614
0.017732307692307693
0.027120000000000002
0.05069353846153846
0.03755076923076923
0.015646153846153844
0.017523692307692306
