-0.16626646153846153
-0.11077476923076923
-0.04860738461538461
-0.02273907692307692
0.005424
0.03609046153846154
0.04526953846153846
0.014394461538461538
-0.05653476923076922
-0.11557292307692307
-0.14665661538461539
-0.1341396923076923
-0.08469784615384615
-0.03567323076923076
-0.0008344615384615384
0.011265230769230769
0.02211323076923077
0.02273907692307692
-0.012934153846153845
-0.07426707692307692
-0.1422756923076923
-0.16856123076923077
-0.14936861538461538
-0.08302892307692307
0.003755076923076923
0.06675692307692307
0.11160923076923077
0.13747753846153846
0.15875630769230767
0.15124615384615384
0.10138707692307691
0.024408000000000003
-0.04714707692307692
-0.07551876923076924
-0.06216738461538462
-0.021487384615384613
0.02044430769230769
0.06404492307692307
0.11202646153846153
0.15917353846153848
0.184416
0.16334584615384617
0.10222153846153846
0.027328615384615382
-0.01940123076923077
-0.026076923076923077
-0.006049846153846154
0.017732307692307693
0.04985907692307692
0.08156861538461539
0.10764553846153846
0.13601723076923075
0.12850707692307692
0.086784
0.02044430769230769
-0.03755076923076923
-0.04652123076923077
-0.017940923076923077
0.025033846153846153
0.051528
0.06300184615384616
0.09554584615384615
0.1289243076923077
0.12850707692307692
0.09909230769230769
0.03838523076923077
-0.013768615384615384
-0.051528
-0.05778646153846154
-0.010639384615384617
0.030040615384615384
0.05945538461538461
0.08010830769230769
0.10910584615384614
0.13768615384615385
0.11870215384615385
0.07405846153846153
0.0018775384615384615
-0.061124307692307686
-0.07343261538461537
-0.07092923076923077
-0.06592246153846154
-0.07009476923076922
-0.06258461538461538
-0.030875076923076922
0.0035464615384615383
0.04714707692307692
0.037967999999999995
-0.017315076923076923
-0.06696553846153847
-0.0936683076923077
-0.07468430769230769
-0.06300184615384616
-0.052153846153846155
-0.04839876923076923
-0.0446436923076923
-0.016063384615384615
0.013560000000000001
0.02795446153846154
-0.012099692307692308
-0.05382276923076923
-0.05799507692307692
-0.02858030769230769
0.016480615384615385
0.02753723076923077
0.026285538461538457
0.03901107692307692
0.06425353846153846
0.11578153846153846
0.1397723076923077
0.10952307692307692
0.06341907692307691
0.005424
-0.021487384615384613
-0.018358153846153843
-0.002712
-0.0002086153846153846
-0.009596307692307692
0.018983999999999997
0.05570030769230769
0.09971815384615385
0.10138707692307691
0.056326153846153845
0.011891076923076923
-0.032544
-0.02482523076923077
-0.006049846153846154
0.007927384615384614
0.026494153846153844
0.02795446153846154
0.05924676923076923
0.09012184615384615
0.10222153846153846
0.08845292307692308
0.031918153846153846
0.0077187692307692304
0.015020307692307692
0.03275261538461539
0.062376
0.05757784615384615
0.056951999999999996
0.07468430769230769
0.100344
0.12600369230769232
0.09992676923076924
0.042974769230769226
-0.0035464615384615383
-0.006467076923076923
0.010013538461538461
0.016480615384615385
0.011473846153846154
-0.004798153846153846
0.008970461538461538
0.023364923076923075
0.03942830769230769
0.04526953846153846
0.0006258461538461538
-0.053614153846153846
-0.10055261538461538
-0.10347323076923076
-0.0771876923076923
-0.05653476923076922
-0.037342153846153844
-0.028371692307692306
0.0006258461538461538
0.044435076923076924
0.06696553846153847
0.045895384615384616
-0.021278769230769233
-0.09012184615384615
-0.13059323076923077
-0.12767261538461538
-0.09179076923076923
-0.07802215384615384
-0.06800861538461538
-0.051528
-0.016480615384615385
0.017315076923076923
-0.0012516923076923076
-0.03233538461538461
-0.06946892307692307
-0.07343261538461537
-0.053614153846153846
-0.03671630769230769
-0.016897846153846156
-0.05069353846153846
-0.08010830769230769
-0.07969107692307692
-0.05653476923076922
-0.033169846153846154
-0.059872615384615385
-0.07280676923076923
-0.08386338461538462
-0.07802215384615384
-0.04985907692307692
-0.03442153846153846
-0.005841230769230769
-0.012934153846153845
0.008136
0.058412307692307694
0.08824430769230769
0.12120553846153845
0.08365476923076923
0.03942830769230769
0.008136
-0.007510153846153846
0.021904615384615383
0.017732307692307693
0.03150092307692308
0.049233230769230765
0.07551876923076924
0.12099692307692309
0.1207883076923077
0.11599015384615384
0.0855323076923077
0.08010830769230769
0.11348676923076922
0.12975876923076923
0.13893784615384613
0.10389046153846154
0.08845292307692308
0.07969107692307692
0.07802215384615384
0.0963803076923077
0.053614153846153846
0.015854769230769228
-0.015228923076923076
-0.021696
0.021696
0.05820369230769231
0.09512861538461538
0.08866153846153846
0.06905169230769231
0.09053907692307692
0.10514215384615383
0.10618523076923077
0.08386338461538462
0.046104
0.03400430769230769
0.035255999999999996
0.03921969230769231
0.02357353846153846
-0.008136
-0.026285538461538457
