0.07426707692307692
0.02273907692307692
-0.04965046153846154
-0.07468430769230769
-0.06905169230769231
-0.05507446153846154
-0.04088861538461538
-0.034630153846153845
-0.027328615384615382
-0.010013538461538461
0.015646153846153844
0.027745846153846152
0.003963692307692307
-0.04088861538461538
-0.06696553846153847
-0.059664
-0.009804923076923077
0.03671630769230769
0.05653476923076922
0.04756430769230769
0.020652923076923076
0.02524246153846154
0.03045784615384615
-0.0012516923076923076
-0.05590892307692308
-0.08365476923076923
-0.07739630769230768
-0.05027630769230769
-0.0006258461538461538
0.018983999999999997
-0.008761846153846153
-0.03024923076923077
-0.015854769230769228
0.018983999999999997
0.045895384615384616
0.023364923076923075
-0.010639384615384617
-0.027120000000000002
-0.023990769230769232
0.017940923076923077
0.03713353846153846
0.03442153846153846
0.016897846153846156
0.0025033846153846152
0.03504738461538461
0.08115138461538463
0.10535076923076922
0.08344615384615384
0.05486584615384615
0.05319692307692307
0.07238953846153846
0.09909230769230769
0.10764553846153846
0.09158215384615384
0.05736923076923077
0.03859384615384615
0.04214030769230769
0.04401784615384615
0.029414769230769227
0.015228923076923076
0.016897846153846156
0.019609846153846155
0.02273907692307692
0.021696
0.010848
-0.012099692307692308
-0.03567323076923076
-0.01668923076923077
0.030875076923076922
0.04631261538461538
0.03337846153846154
0.016480615384615385
0.026494153846153844
0.05048492307692308
0.05945538461538461
0.044435076923076924
-0.0070929230769230765
-0.037967999999999995
-0.04318338461538461
-0.030040615384615384
0.0004172307692307692
0.01272553846153846
0.02545107692307692
0.03296123076923077
0.05674338461538461
0.09804923076923076
0.10430769230769231
0.07489292307692308
0.021278769230769233
-0.01940123076923077
-0.026702769230769228
-0.013351384615384614
0.01710646153846154
0.03984553846153846
0.058412307692307694
0.07593599999999999
0.08386338461538462
0.08323753846153846
0.042348923076923076
-0.018983999999999997
-0.047772923076923074
-0.02858030769230769
0.015854769230769228
0.05319692307692307
0.08824430769230769
0.11849353846153846
0.14582215384615385
0.14936861538461538
0.13601723076923075
0.10931446153846153
0.044435076923076924
0.0077187692307692304
0.005841230769230769
0.027328615384615382
0.055491692307692304
0.058412307692307694
0.06571384615384615
0.06321046153846153
0.08073415384615384
0.1028473846153846
0.08386338461538462
0.041514461538461535
-0.03108369230769231
-0.07614461538461538
-0.06654830769230768
-0.05444861538461539
-0.028788923076923077
-0.0029206153846153843
0.015854769230769228
0.059872615384615385
0.0853236923076923
0.08240307692307691
0.046104
-0.02357353846153846
-0.08574092307692306
-0.11494707692307692
-0.08469784615384615
-0.03400430769230769
0.0035464615384615383
0.02795446153846154
0.06133292307692308
0.09784061538461537
0.10764553846153846
0.08073415384615384
0.009804923076923077
-0.04422646153846154
-0.06821723076923077
-0.04214030769230769
0.018358153846153843
0.05194523076923077
0.08761846153846153
0.10514215384615383
0.11974523076923077
0.12245723076923076
0.073224
0.0004172307692307692
-0.086784
-0.14018953846153845
-0.14311015384615386
-0.10013538461538461
-0.03400430769230769
0.021904615384615383
0.05528307692307692
0.06633969230769231
0.073224
0.05611753846153846
0.003129230769230769
-0.07802215384615384
-0.1558356923076923
-0.19735015384615384
-0.1923433846153846
-0.15228923076923076
-0.1097316923076923
-0.06550523076923077
-0.02044430769230769
0.01814953846153846
0.053405538461538456
0.04047138461538462
-0.026911384615384615
-0.09450276923076922
-0.14728246153846153
-0.1424843076923077
-0.08177723076923075
-0.021070153846153846
0.021278769230769233
0.05277969230769231
0.08323753846153846
0.0936683076923077
0.08135999999999999
0.019609846153846155
-0.08094276923076923
-0.15771323076923077
-0.17648861538461538
-0.12850707692307692
-0.07510153846153846
-0.02044430769230769
0.03921969230769231
0.07259815384615384
0.10764553846153846
0.1218313846153846
0.09387692307692307
0.019609846153846155
-0.06487938461538462
-0.09116492307692307
-0.08115138461538463
-0.04944184615384615
-0.005632615384615384
0.018775384615384614
0.03150092307692308
0.04839876923076923
0.08198584615384615
0.11891076923076922
0.09012184615384615
0.02858030769230769
-0.011056615384615385
-0.03609046153846154
-0.015020307692307692
0.03358707692307692
0.07426707692307692
0.09095630769230768
0.08949599999999999
0.09053907692307692
0.07656184615384615
0.04380923076923077
0.0002086153846153846
-0.042557538461538466
-0.05945538461538461
-0.049233230769230765
-0.010639384615384617
0.02795446153846154
0.06154153846153846
0.09387692307692307
0.10952307692307692
0.12412615384615384
0.11098338461538461
0.07843938461538462
0.023364923076923075
-0.02273907692307692
-0.022530461538461537
-0.004172307692307692
0.02795446153846154
0.025659692307692307
0.03296123076923077
0.06529661538461538
