-0.006675692307692307
-0.04401784615384615
-0.059872615384615385
-0.03400430769230769
-0.02086153846153846
-0.005841230769230769
0.005424
0.017523692307692306
0.059872615384615385
0.09241661538461539
0.09095630769230768
0.06133292307692308
0.03024923076923077
0.011682461538461537
0.025659692307692307
0.03942830769230769
0.003129230769230769
-0.024616615384615383
-0.026285538461538457
0.006258461538461538
0.06696553846153847
0.08490646153846154
0.08031692307692308
0.06258461538461538
0.0448523076923077
0.06362769230769232
0.07364123076923076
0.06842584615384616
0.03400430769230769
0.0025033846153846152
0.008970461538461538
0.026076923076923077
0.05945538461538461
0.05570030769230769
0.031918153846153846
0.013768615384615384
0.003129230769230769
0.023990769230769232
0.029206153846153847
0.016897846153846156
-0.005215384615384615
-0.010222153846153844
0.018983999999999997
0.05277969230769231
0.07635323076923077
0.06967753846153846
0.046104
0.031918153846153846
0.03755076923076923
0.04276615384615385
0.018358153846153843
-0.027120000000000002
-0.06675692307692307
-0.07259815384615384
-0.054657230769230764
-0.027745846153846152
-0.0006258461538461538
0.0
0.008344615384615384
0.027328615384615382
0.048816000000000005
0.06446215384615385
0.013351384615384614
-0.048816000000000005
-0.07760492307692309
-0.08887015384615385
-0.05403138461538461
-0.009179076923076922
0.009596307692307692
0.01940123076923077
0.03275261538461539
0.055491692307692304
0.06154153846153846
0.03358707692307692
-0.02273907692307692
-0.07823076923076923
-0.07781353846153846
-0.032544
0.017315076923076923
0.05090215384615384
0.054240000000000003
0.059664
0.08094276923076923
0.10076123076923077
0.08907876923076924
0.029206153846153847
-0.030040615384615384
-0.06154153846153846
-0.06425353846153846
-0.04693846153846153
-0.018358153846153843
0.0077187692307692304
0.016480615384615385
0.03129230769230769
0.038176615384615385
0.027328615384615382
0.004172307692307692
-0.04526953846153846
-0.07677046153846154
-0.08344615384615384
-0.06571384615384615
-0.021278769230769233
-0.0077187692307692304
-0.004589538461538461
0.014603076923076923
0.047772923076923074
0.07384984615384615
0.04693846153846153
-0.009179076923076922
-0.08094276923076923
-0.13038461538461538
-0.11348676923076922
-0.07280676923076923
-0.023364923076923075
0.025659692307692307
0.059038153846153844
0.0855323076923077
0.08782707692307692
0.05674338461538461
-0.006884307692307692
-0.08845292307692308
-0.14394461538461537
-0.14311015384615386
-0.09825784615384614
-0.03713353846153846
0.019192615384615384
0.05277969230769231
0.07843938461538462
0.09846646153846153
0.08115138461538463
0.017315076923076923
-0.07593599999999999
-0.14582215384615385
-0.16292861538461537
-0.12537784615384615
-0.042557538461538466
0.048816000000000005
0.10889723076923077
0.12996738461538462
0.1424843076923077
0.12913292307692306
0.07593599999999999
-0.015854769230769228
-0.12516923076923075
-0.18358153846153846
-0.1721076923076923
-0.10994030769230768
-0.027120000000000002
0.05570030769230769
0.11140061538461538
0.12808984615384614
0.130176
0.10493353846153847
0.051319384615384614
-0.031918153846153846
-0.11452984615384615
-0.12496061538461539
-0.08240307692307691
-0.016897846153846156
0.05757784615384615
0.11849353846153846
0.1558356923076923
0.16647507692307692
0.15166338461538462
0.09679753846153846
0.005841230769230769
-0.08240307692307691
-0.1314276923076923
-0.11765907692307691
-0.04819015384615385
0.03421292307692308
0.11140061538461538
0.15541846153846153
0.1792006153846154
0.1990190769230769
0.1777403076923077
0.12850707692307692
0.05799507692307692
-0.00855323076923077
-0.029832
-0.01043076923076923
0.0448523076923077
0.10326461538461539
0.13518276923076925
0.16042523076923076
0.17231630769230769
0.15166338461538462
0.09825784615384614
0.017940923076923077
-0.04819015384615385
-0.08135999999999999
-0.07948246153846153
-0.027120000000000002
0.02795446153846154
0.06008123076923077
0.09137353846153846
0.10389046153846154
0.08511507692307693
0.042974769230769226
-0.027328615384615382
-0.0974233846153846
-0.1356
-0.14018953846153845
-0.10430769230769231
-0.04839876923076923
0.010848
0.06571384615384615
0.1045163076923077
0.13121907692307694
0.10785415384615385
0.04380923076923077
-0.021904615384615383
-0.07238953846153846
-0.07343261538461537
-0.03629907692307692
0.009596307692307692
0.050067692307692306
0.09053907692307692
0.12496061538461539
0.1422756923076923
0.13372246153846154
0.09533723076923077
0.031918153846153846
-0.04985907692307692
-0.09909230769230769
-0.09095630769230768
-0.06154153846153846
-0.027328615384615382
0.011473846153846154
0.05069353846153846
0.092208
0.11286092307692308
0.09971815384615385
0.059872615384615385
-0.01710646153846154
-0.07572738461538461
-0.08428061538461538
-0.053614153846153846
-0.007510153846153846
0.02545107692307692
0.07259815384615384
0.1070196923076923
0.12162276923076921
0.1097316923076923
