-0.037342153846153844
-0.015228923076923076
0.007301538461538462
0.023782153846153845
0.026702769230769228
0.04130584615384615
0.078648
0.10555938461538462
0.10785415384615385
0.0678
-0.005841230769230769
-0.06717415384615384
-0.073224
-0.020652923076923076
0.026076923076923077
0.04860738461538461
0.07009476923076922
0.0880356923076923
0.12725538461538463
0.1502030769230769
0.1218313846153846
0.0771876923076923
0.012099692307692308
-0.027120000000000002
-0.026702769230769228
-0.029414769230769227
-0.027745846153846152
-0.03713353846153846
-0.029623384615384614
0.004589538461538461
0.03296123076923077
0.04109723076923077
0.0029206153846153843
-0.041514461538461535
-0.07843938461538462
-0.08615815384615384
-0.07301538461538462
-0.06633969230769231
-0.04693846153846153
-0.042348923076923076
-0.004589538461538461
0.04380923076923077
0.052571076923076915
0.031709538461538456
-0.03963692307692308
-0.09137353846153846
-0.11682461538461539
-0.11411261538461538
-0.08010830769230769
-0.06800861538461538
-0.042348923076923076
-0.012516923076923077
0.029414769230769227
0.06988615384615385
0.07134646153846153
0.03942830769230769
-0.01940123076923077
-0.034630153846153845
-0.023364923076923075
-0.005632615384615384
0.009179076923076922
-0.010848
-0.005632615384615384
0.008136
0.034630153846153845
0.06404492307692307
0.027120000000000002
-0.021904615384615383
-0.05674338461538461
-0.051319384615384614
-0.018775384615384614
-0.01814953846153846
-0.009387692307692307
0.014394461538461538
0.06258461538461538
0.13309661538461537
0.1693956923076923
0.17544553846153846
0.13330523076923076
0.07197230769230768
0.03233538461538461
0.008136
0.024408000000000003
0.04318338461538461
0.06028984615384615
0.07593599999999999
0.10263876923076923
0.13768615384615385
0.13789476923076924
0.10952307692307692
0.04526953846153846
0.022947692307692308
0.051319384615384614
0.0771876923076923
0.08720123076923077
0.05298830769230769
0.03066646153846154
0.021278769230769233
0.029623384615384614
0.04714707692307692
0.02044430769230769
-0.009387692307692307
-0.02899753846153846
-0.01668923076923077
0.009179076923076922
0.0070929230769230765
-0.004589538461538461
-0.03045784615384615
-0.02273907692307692
0.004798153846153846
0.02586830769230769
0.03233538461538461
-0.014603076923076923
-0.04693846153846153
-0.05173661538461538
-0.019609846153846155
0.03755076923076923
0.04985907692307692
0.03629907692307692
0.011891076923076923
0.022530461538461537
0.05507446153846154
0.05319692307692307
0.029623384615384614
-0.015646153846153844
-0.054657230769230764
-0.06988615384615385
-0.055491692307692304
-0.034630153846153845
-0.050067692307692306
-0.05778646153846154
-0.037967999999999995
-0.011056615384615385
0.02545107692307692
0.04318338461538461
0.028371692307692306
-0.005841230769230769
-0.014394461538461538
0.016272
0.033169846153846154
0.021278769230769233
-0.03275261538461539
-0.07197230769230768
-0.06967753846153846
-0.047772923076923074
-0.0002086153846153846
0.010013538461538461
0.02753723076923077
0.058412307692307694
0.07781353846153846
0.10555938461538462
0.086784
0.04985907692307692
-0.0014603076923076922
-0.03275261538461539
-0.0014603076923076922
0.033169846153846154
0.07301538461538462
0.08365476923076923
0.07927384615384615
0.09846646153846153
0.10910584615384614
0.10493353846153847
0.07051199999999999
0.03024923076923077
-0.00855323076923077
-0.03588184615384615
-0.021070153846153846
0.016272
0.05486584615384615
0.07781353846153846
0.11056615384615384
0.14811692307692306
0.14457046153846154
0.1207883076923077
0.065088
0.0
-0.03212676923076923
-0.042974769230769226
-0.010848
0.01814953846153846
0.04109723076923077
0.06133292307692308
0.06613107692307692
0.08887015384615385
0.07343261538461537
0.01856676923076923
-0.054657230769230764
-0.11452984615384615
-0.1207883076923077
-0.10576799999999999
-0.06738276923076922
-0.03901107692307692
-0.01940123076923077
0.014811692307692307
0.03296123076923077
0.042974769230769226
-0.02044430769230769
-0.11202646153846153
-0.15374953846153847
-0.18232984615384615
-0.16772676923076923
-0.14436184615384615
-0.10263876923076923
-0.05382276923076923
-0.02899753846153846
0.014394461538461538
0.035464615384615386
0.02524246153846154
-0.03963692307692308
-0.11160923076923077
-0.1316363076923077
-0.13852061538461538
-0.09846646153846153
-0.04109723076923077
0.018775384615384614
0.07739630769230768
0.11557292307692307
0.1635544615384615
0.1558356923076923
0.100344
0.012934153846153845
-0.08448923076923077
-0.10576799999999999
-0.07489292307692308
-0.007510153846153846
0.05590892307692308
0.08991323076923076
0.13810338461538463
0.18483323076923078
0.19651569230769228
0.15354092307692307
0.08115138461538463
0.014603076923076923
-0.026702769230769228
-0.011473846153846154
0.022947692307692308
0.07593599999999999
0.13205353846153844
0.1656406153846154
0.20152246153846154
0.20339999999999997
0.17982646153846152
0.10472492307692308
