0.047981538461538464
0.058829538461538454
0.031918153846153846
-0.01272553846153846
-0.06362769230769232
-0.07802215384615384
-0.061750153846153844
-0.03275261538461539
-0.008344615384615384
0.008970461538461538
0.03942830769230769
0.07197230769230768
0.09304246153846155
0.07218092307692307
0.01272553846153846
-0.053405538461538456
-0.09283384615384616
-0.08699261538461538
-0.06404492307692307
-0.04672984615384615
-0.031709538461538456
-0.009387692307692307
0.01668923076923077
0.04819015384615385
0.04631261538461538
0.006884307692307692
-0.02482523076923077
-0.04401784615384615
-0.053405538461538456
-0.055491692307692304
-0.06049846153846154
-0.08010830769230769
-0.09012184615384615
-0.06946892307692307
-0.022530461538461537
0.024616615384615383
0.03233538461538461
0.005424
-0.01668923076923077
-0.02273907692307692
-0.008344615384615384
0.026702769230769228
0.04860738461538461
0.05674338461538461
0.059664
0.06425353846153846
0.06821723076923077
0.05048492307692308
0.021696
-0.01043076923076923
-0.01856676923076923
0.010848
0.05048492307692308
0.07510153846153846
0.05570030769230769
0.03296123076923077
0.034630153846153845
0.04568676923076923
0.047772923076923074
0.03504738461538461
0.024408000000000003
0.008344615384615384
0.011265230769230769
0.03921969230769231
0.053614153846153846
0.04214030769230769
0.002086153846153846
-0.030040615384615384
-0.02858030769230769
-0.022530461538461537
0.004589538461538461
0.030040615384615384
0.042557538461538466
0.06759138461538462
0.08615815384615384
0.11098338461538461
0.0892873846153846
0.015646153846153844
-0.05027630769230769
-0.084072
-0.04714707692307692
0.0002086153846153846
0.030040615384615384
0.050067692307692306
0.044435076923076924
0.05319692307692307
0.05862092307692307
0.05236246153846154
0.010848
-0.065088
-0.10576799999999999
-0.11682461538461539
-0.09325107692307691
-0.06905169230769231
-0.04547815384615384
0.011473846153846154
0.04714707692307692
0.07092923076923077
0.07092923076923077
0.03942830769230769
-0.018358153846153843
-0.09825784615384614
-0.1207883076923077
-0.1045163076923077
-0.0609156923076923
-0.009179076923076922
0.028788923076923077
0.09512861538461538
0.12621230769230768
0.1316363076923077
0.10743692307692307
0.03880246153846154
-0.011265230769230769
-0.053614153846153846
-0.04756430769230769
-0.01668923076923077
0.02044430769230769
0.05757784615384615
0.06988615384615385
0.10535076923076922
0.12350030769230769
0.11640738461538462
0.058829538461538454
-0.024616615384615383
-0.05945538461538461
-0.06800861538461538
-0.030040615384615384
0.021070153846153846
0.06863446153846153
0.12245723076923076
0.14853415384615384
0.17169046153846151
0.1585476923076923
0.10117846153846152
0.027745846153846152
-0.05674338461538461
-0.08887015384615385
-0.06571384615384615
-0.009179076923076922
0.04652123076923077
0.09304246153846155
0.14999446153846155
0.19672430769230767
0.22822523076923076
0.19714153846153845
0.11411261538461538
0.024199384615384616
-0.048816000000000005
-0.050067692307692306
-0.014185846153846153
0.028788923076923077
0.06613107692307692
0.09095630769230768
0.13872923076923074
0.16438892307692307
0.1489513846153846
0.08866153846153846
-0.005632615384615384
-0.07948246153846153
-0.11035753846153845
-0.06738276923076922
-0.014811692307692307
0.017940923076923077
0.04839876923076923
0.06446215384615385
0.08386338461538462
0.07677046153846154
0.04172307692307692
-0.027120000000000002
-0.09679753846153846
-0.1356
-0.13434830769230768
-0.08949599999999999
-0.05736923076923077
-0.030875076923076922
-0.015854769230769228
0.0029206153846153843
0.04109723076923077
0.04985907692307692
0.01272553846153846
-0.06195876923076923
-0.127464
-0.12850707692307692
-0.09137353846153846
-0.04401784615384615
-0.007510153846153846
0.005841230769230769
0.029414769230769227
0.04902461538461538
0.06195876923076923
0.026076923076923077
-0.06821723076923077
-0.143736
-0.17502830769230768
-0.146448
-0.09116492307692307
-0.03421292307692308
0.015228923076923076
0.0446436923076923
0.07426707692307692
0.0855323076923077
0.07843938461538462
0.02899753846153846
-0.05194523076923077
-0.0936683076923077
-0.09992676923076924
-0.07426707692307692
-0.040262769230769234
-0.01981846153846154
0.010848
0.058412307692307694
0.11348676923076922
0.14874276923076923
0.13247076923076923
0.06529661538461538
-0.012516923076923077
-0.05611753846153846
-0.049233230769230765
-0.023364923076923075
-0.010013538461538461
-0.009387692307692307
-0.0018775384615384615
0.03442153846153846
0.06362769230769232
0.07030338461538461
0.040054153846153843
-0.03150092307692308
-0.0717636923076923
-0.07656184615384615
-0.04714707692307692
-0.006675692307692307
0.008136
0.020652923076923076
0.04526953846153846
0.08657538461538461
0.10138707692307691
0.06487938461538462
0.012099692307692308
-0.033169846153846154
-0.05090215384615384
-0.03024923076923077
0.010848
0.06049846153846154
0.07969107692307692
