-0.033169846153846154
-0.008136
0.01272553846153846
0.02273907692307692
0.05194523076923077
0.0855323076923077
0.09804923076923076
0.07072061538461538
0.004172307692307692
-0.03275261538461539
-0.02795446153846154
0.01272553846153846
0.07364123076923076
0.1045163076923077
0.10618523076923077
0.10389046153846154
0.10535076923076922
0.08991323076923076
0.05173661538461538
-0.010848
-0.073224
-0.09554584615384615
-0.08824430769230769
-0.05924676923076923
-0.023990769230769232
0.0014603076923076922
0.03504738461538461
0.06446215384615385
0.08699261538461538
0.0826116923076923
0.03275261538461539
-0.014394461538461538
-0.04693846153846153
-0.043392
-0.022530461538461537
-0.01856676923076923
-0.014185846153846153
-0.02044430769230769
-0.018983999999999997
0.010639384615384617
0.03421292307692308
0.009596307692307692
-0.03400430769230769
-0.0609156923076923
-0.059038153846153844
-0.00855323076923077
0.04568676923076923
0.08824430769230769
0.10618523076923077
0.08657538461538461
0.0853236923076923
0.08219446153846154
0.04401784615384615
-0.030040615384615384
-0.12788123076923075
-0.1733593846153846
-0.16063384615384615
-0.1136953846153846
-0.05090215384615384
-0.019192615384615384
0.013351384615384614
0.048816000000000005
0.07009476923076922
0.06279323076923077
0.004589538461538461
-0.052571076923076915
-0.09074769230769231
-0.09992676923076924
-0.06946892307692307
-0.040679999999999994
-0.028371692307692306
-0.01814953846153846
0.011473846153846154
0.06133292307692308
0.08636676923076922
0.07927384615384615
0.042557538461538466
-0.0033378461538461535
-0.02357353846153846
-0.022947692307692308
-0.005841230769230769
0.004589538461538461
0.007510153846153846
0.0077187692307692304
0.018358153846153843
0.030040615384615384
0.015020307692307692
-0.01856676923076923
-0.06300184615384616
-0.08177723076923075
-0.06717415384615384
-0.042974769230769226
-0.040679999999999994
-0.05799507692307692
-0.06967753846153846
-0.06279323076923077
-0.03108369230769231
-0.005841230769230769
-0.018983999999999997
-0.078648
-0.12412615384615384
-0.1218313846153846
-0.08594953846153845
-0.03609046153846154
-0.006467076923076923
0.016480615384615385
0.04380923076923077
0.08010830769230769
0.10868861538461538
0.10889723076923077
0.058829538461538454
-0.015437538461538461
-0.058829538461538454
-0.07238953846153846
-0.04944184615384615
-0.028371692307692306
-0.02545107692307692
-0.004589538461538461
0.03838523076923077
0.0853236923076923
0.11244369230769231
0.09533723076923077
0.040262769230769234
-0.032544
-0.07364123076923076
-0.056951999999999996
-0.042348923076923076
-0.037967999999999995
-0.03567323076923076
-0.0014603076923076922
0.065088
0.10868861538461538
0.09575446153846154
0.020027076923076922
-0.040262769230769234
-0.06133292307692308
-0.03150092307692308
0.012308307692307691
0.025033846153846153
0.049233230769230765
0.07238953846153846
0.10910584615384614
0.14477907692307693
0.1397723076923077
0.1178676923076923
0.061124307692307686
0.009596307692307692
-0.003755076923076923
0.002086153846153846
0.024199384615384616
0.026494153846153844
0.045895384615384616
0.06863446153846153
0.10076123076923077
0.12579507692307693
0.08636676923076922
0.01397723076923077
-0.08782707692307692
-0.14415323076923076
-0.14185846153846154
-0.10618523076923077
-0.06654830769230768
-0.05862092307692307
-0.03901107692307692
-0.015854769230769228
0.012934153846153845
0.01856676923076923
-0.02023569230769231
-0.06675692307692307
-0.11724184615384614
-0.12162276923076921
-0.09387692307692307
-0.07113784615384615
-0.05090215384615384
-0.05319692307692307
-0.037342153846153844
-0.0050067692307692304
0.024199384615384616
0.018358153846153843
-0.03901107692307692
-0.07197230769230768
-0.06821723076923077
-0.02858030769230769
0.028788923076923077
0.027120000000000002
0.006258461538461538
0.0014603076923076922
0.015437538461538461
0.04276615384615385
0.03609046153846154
0.019192615384615384
-0.006884307692307692
-0.01814953846153846
-0.005424
0.004589538461538461
0.010013538461538461
-0.019192615384615384
-0.037967999999999995
-0.022947692307692308
0.02086153846153846
0.0717636923076923
0.07280676923076923
0.055491692307692304
0.030040615384615384
0.023364923076923075
0.04422646153846154
0.05507446153846154
0.05236246153846154
0.020027076923076922
0.006884307692307692
0.017732307692307693
0.041514461538461535
0.07113784615384615
0.065088
0.06195876923076923
0.07364123076923076
0.11202646153846153
0.1424843076923077
0.11807630769230769
0.07301538461538462
0.01814953846153846
-0.003963692307692307
0.007510153846153846
0.035464615384615386
0.07030338461538461
0.06341907692307691
0.07072061538461538
0.0936683076923077
0.09137353846153846
0.07259815384615384
0.005841230769230769
-0.05069353846153846
-0.08302892307692307
-0.08887015384615385
-0.05528307692307692
-0.027120000000000002
0.02315630769230769
0.06070707692307692
0.09116492307692307
0.12162276923076921
0.10889723076923077
0.06613107692307692
-0.017315076923076923
-0.07906523076923076
