0.0880356923076923
0.033169846153846154
-0.024199384615384616
-0.03483876923076923
-0.016897846153846156
0.016480615384615385
0.030875076923076922
0.043392
0.07927384615384615
0.10952307692307692
0.12788123076923075
0.11098338461538461
0.04401784615384615
-0.017940923076923077
-0.05590892307692308
-0.06133292307692308
-0.03609046153846154
-0.019192615384615384
0.007510153846153846
0.04109723076923077
0.09554584615384615
0.16000799999999998
0.18066092307692305
0.157296
0.09784061538461537
0.05069353846153846
0.015854769230769228
-0.032544
-0.054240000000000003
-0.05298830769230769
-0.042974769230769226
-0.02044430769230769
0.01668923076923077
0.04088861538461538
0.01710646153846154
-0.03275261538461539
-0.06821723076923077
-0.07572738461538461
-0.06842584615384616
-0.04047138461538462
-0.009179076923076922
0.0014603076923076922
0.011265230769230769
0.026911384615384615
0.028788923076923077
0.0004172307692307692
-0.058412307692307694
-0.10848000000000001
-0.13393107692307693
-0.12704676923076924
-0.0961716923076923
-0.09179076923076923
-0.09658892307692307
-0.0934596923076923
-0.05924676923076923
-0.005215384615384615
0.025033846153846153
0.019609846153846155
-0.021696
-0.05298830769230769
-0.06884307692307692
-0.08073415384615384
-0.09825784615384614
-0.11557292307692307
-0.1218313846153846
-0.11348676923076922
-0.07760492307692309
-0.04422646153846154
-0.03400430769230769
-0.06821723076923077
-0.11599015384615384
-0.119328
-0.08991323076923076
-0.04985907692307692
-0.02586830769230769
-0.014185846153846153
-0.004798153846153846
0.021278769230769233
0.06133292307692308
0.062376
0.03275261538461539
-0.013351384615384614
-0.050067692307692306
-0.040262769230769234
-0.004589538461538461
0.03379569230769231
0.05653476923076922
0.06675692307692307
0.09074769230769231
0.1151556923076923
0.1316363076923077
0.12141415384615384
0.07677046153846154
0.035464615384615386
0.011265230769230769
0.011265230769230769
0.01668923076923077
0.02086153846153846
0.02086153846153846
0.024199384615384616
0.06654830769230768
0.10138707692307691
0.09763200000000001
0.04965046153846154
-0.02023569230769231
-0.04902461538461538
-0.04172307692307692
-0.021696
-0.006884307692307692
0.004589538461538461
0.026494153846153844
0.06738276923076922
0.11619876923076923
0.13643446153846153
0.11077476923076923
0.043600615384615383
-0.03045784615384615
-0.05277969230769231
-0.03629907692307692
-0.02023569230769231
-0.012934153846153845
-0.013560000000000001
0.012308307692307691
0.05590892307692308
0.0880356923076923
0.08177723076923075
0.03692492307692308
-0.005215384615384615
-0.021904615384615383
-0.002086153846153846
0.03066646153846154
0.043600615384615383
0.03421292307692308
0.026076923076923077
0.033169846153846154
0.04568676923076923
0.02044430769230769
-0.04318338461538461
-0.11223507692307692
-0.15938215384615384
-0.15145476923076923
-0.10514215384615383
-0.03296123076923077
0.004798153846153846
0.009596307692307692
0.052153846153846155
0.11140061538461538
0.143736
0.10910584615384614
0.03379569230769231
-0.026702769230769228
-0.059872615384615385
-0.061750153846153844
-0.04401784615384615
-0.022530461538461537
-0.005841230769230769
0.02023569230769231
0.07009476923076922
0.1205796923076923
0.13351384615384615
0.08845292307692308
0.02044430769230769
-0.02273907692307692
-0.03358707692307692
0.0002086153846153846
0.04109723076923077
0.03984553846153846
0.026911384615384615
0.029414769230769227
0.05674338461538461
0.07384984615384615
0.05048492307692308
-0.011056615384615385
-0.06633969230769231
-0.06070707692307692
-0.023364923076923075
0.016272
0.025033846153846153
0.02211323076923077
0.030875076923076922
0.04902461538461538
0.07823076923076923
0.07113784615384615
0.03296123076923077
0.0
-0.009179076923076922
0.014603076923076923
0.04422646153846154
0.06195876923076923
0.05444861538461539
0.03337846153846154
0.05090215384615384
0.08219446153846154
0.09554584615384615
0.07781353846153846
0.03045784615384615
-0.014811692307692307
-0.04318338461538461
-0.03755076923076923
-0.026494153846153844
-0.024408000000000003
-0.021278769230769233
0.003129230769230769
0.05194523076923077
0.0798996923076923
0.08615815384615384
0.047772923076923074
-0.018983999999999997
-0.046104
-0.040679999999999994
-0.020652923076923076
-0.02357353846153846
-0.04839876923076923
-0.04109723076923077
-0.027120000000000002
-0.002712
0.024408000000000003
0.024408000000000003
0.0070929230769230765
-0.023364923076923075
-0.015020307692307692
0.007301538461538462
0.021070153846153846
0.015437538461538461
-0.014394461538461538
-0.0025033846153846152
0.02357353846153846
0.05382276923076923
0.06863446153846153
0.04318338461538461
0.018775384615384614
0.0016689230769230767
0.02044430769230769
0.042557538461538466
0.026285538461538457
0.017523692307692306
0.02023569230769231
0.03108369230769231
0.03442153846153846
0.021904615384615383
0.015228923076923076
0.006467076923076923
0.011265230769230769
0.03629907692307692
