-0.008970461538461538
0.004589538461538461
0.022947692307692308
0.029414769230769227
0.004589538461538461
-0.03609046153846154
-0.07635323076923077
-0.08469784615384615
-0.073224
-0.04547815384615384
-0.02023569230769231
-0.0012516923076923076
0.011891076923076923
0.01272553846153846
0.03150092307692308
0.015854769230769228
-0.03713353846153846
-0.07551876923076924
-0.09596307692307693
-0.07802215384615384
-0.04109723076923077
-0.005424
0.02858030769230769
0.04965046153846154
0.06759138461538462
0.09387692307692307
0.11411261538461538
0.10597661538461538
0.06717415384615384
0.02795446153846154
0.026076923076923077
0.045895384615384616
0.059664
0.06133292307692308
0.059038153846153844
0.06675692307692307
0.09804923076923076
0.12683815384615382
0.1316363076923077
0.11390399999999999
0.065088
0.035255999999999996
0.026702769230769228
0.029623384615384614
0.03629907692307692
0.016063384615384615
0.006675692307692307
0.01397723076923077
0.04172307692307692
0.06696553846153847
0.04214030769230769
0.0035464615384615383
-0.03024923076923077
-0.028788923076923077
-0.002086153846153846
0.012099692307692308
0.015228923076923076
-0.006884307692307692
-0.008136
0.019609846153846155
0.058829538461538454
0.08365476923076923
0.07092923076923077
0.05611753846153846
0.03942830769230769
0.03609046153846154
0.04902461538461538
0.04631261538461538
0.042557538461538466
0.04965046153846154
0.07343261538461537
0.11911938461538461
0.13810338461538463
0.10138707692307691
0.03045784615384615
-0.016897846153846156
-0.02044430769230769
-0.015020307692307692
-0.0077187692307692304
-0.012516923076923077
-0.017940923076923077
0.0014603076923076922
0.03942830769230769
0.0771876923076923
0.07343261538461537
0.02357353846153846
-0.021696
-0.041514461538461535
-0.03421292307692308
-0.02044430769230769
-0.026076923076923077
-0.03942830769230769
-0.042348923076923076
-0.017315076923076923
0.017940923076923077
0.037967999999999995
0.027745846153846152
-0.011473846153846154
-0.026911384615384615
-0.008970461538461538
0.017523692307692306
0.023364923076923075
-0.02023569230769231
-0.06529661538461538
-0.07635323076923077
-0.04819015384615385
-0.007510153846153846
0.0035464615384615383
-0.016897846153846156
-0.06487938461538462
-0.09241661538461539
-0.084072
-0.05653476923076922
-0.04819015384615385
-0.06592246153846154
-0.05924676923076923
-0.02795446153846154
0.017315076923076923
0.017523692307692306
-0.040262769230769234
-0.10326461538461539
-0.1570873846153846
-0.1718990769230769
-0.15124615384615384
-0.12099692307692309
-0.07551876923076924
-0.04214030769230769
-0.006049846153846154
0.043600615384615383
0.07197230769230768
0.07092923076923077
0.02858030769230769
-0.016063384615384615
-0.03629907692307692
-0.040679999999999994
-0.03296123076923077
-0.042348923076923076
-0.05945538461538461
-0.04172307692307692
0.01043076923076923
0.07969107692307692
0.11536430769230768
0.08824430769230769
0.04172307692307692
-0.0035464615384615383
-0.024408000000000003
-0.012308307692307691
0.0018775384615384615
0.01272553846153846
0.022947692307692308
0.04172307692307692
0.07572738461538461
0.09825784615384614
0.08740984615384616
0.056951999999999996
0.018775384615384614
-0.006049846153846154
0.005632615384615384
0.02899753846153846
0.042348923076923076
0.04839876923076923
0.07614461538461538
0.124752
0.15228923076923076
0.143736
0.0892873846153846
0.03129230769230769
0.00855323076923077
0.015854769230769228
0.049233230769230765
0.07489292307692308
0.07697907692307693
0.08448923076923077
0.111192
0.13455692307692307
0.1353913846153846
0.10868861538461538
0.061750153846153844
0.03692492307692308
0.038176615384615385
0.047772923076923074
0.06383630769230769
0.04735569230769231
0.03483876923076923
0.040679999999999994
0.058829538461538454
0.09074769230769231
0.08657538461538461
0.06425353846153846
0.04318338461538461
0.045895384615384616
0.05674338461538461
0.065088
0.06049846153846154
0.03567323076923076
0.03024923076923077
0.03942830769230769
0.06404492307692307
0.07697907692307693
0.051528
0.01668923076923077
-0.0018775384615384615
-0.0006258461538461538
0.010013538461538461
0.009804923076923077
-0.023364923076923075
-0.06633969230769231
-0.06946892307692307
-0.042348923076923076
-0.0035464615384615383
0.026285538461538457
0.027120000000000002
0.044435076923076924
0.07301538461538462
0.08699261538461538
0.0936683076923077
0.05528307692307692
-0.006049846153846154
-0.04568676923076923
-0.06487938461538462
-0.05444861538461539
-0.04380923076923077
-0.03838523076923077
-0.022530461538461537
0.004798153846153846
0.05173661538461538
0.09012184615384615
0.08866153846153846
0.03629907692307692
-0.02858030769230769
-0.051319384615384614
-0.034630153846153845
0.004172307692307692
0.03483876923076923
0.04860738461538461
0.06675692307692307
0.08135999999999999
0.0771876923076923
0.03859384615384615
-0.03901107692307692
-0.11640738461538462
-0.15750461538461538
-0.1462393846153846
-0.09012184615384615
