0.06070707692307692
0.009596307692307692
-0.009596307692307692
-0.023364923076923075
-0.040262769230769234
-0.05653476923076922
-0.05570030769230769
-0.003963692307692307
0.06008123076923077
0.07760492307692309
0.04839876923076923
-0.011682461538461537
-0.05069353846153846
-0.05090215384615384
-0.03859384615384615
-0.018983999999999997
-0.010848
-0.003755076923076923
0.02273907692307692
0.058412307692307694
0.09179076923076923
0.08615815384615384
0.031918153846153846
-0.027745846153846152
-0.047981538461538464
-0.03609046153846154
-0.02482523076923077
-0.018775384615384614
-0.020652923076923076
0.002712
0.04714707692307692
0.08782707692307692
0.116616
0.078648
0.024199384615384616
-0.013560000000000001
-0.02858030769230769
-0.007510153846153846
-0.006467076923076923
0.0002086153846153846
0.004798153846153846
0.021696
0.06279323076923077
0.07906523076923076
0.06717415384615384
0.008344615384615384
-0.05924676923076923
-0.09408553846153846
-0.08615815384615384
-0.04756430769230769
-0.027745846153846152
-0.013560000000000001
0.013768615384615384
0.04902461538461538
0.08010830769230769
0.065088
0.013351384615384614
-0.03504738461538461
-0.05945538461538461
-0.04568676923076923
-0.017523692307692306
0.011891076923076923
0.023364923076923075
0.033169846153846154
0.06967753846153846
0.08866153846153846
0.08761846153846153
0.065088
0.029623384615384614
-0.003963692307692307
-0.028788923076923077
-0.023990769230769232
-0.014603076923076923
-0.0016689230769230767
0.003963692307692307
0.01668923076923077
0.06821723076923077
0.11452984615384615
0.12808984615384614
0.07656184615384615
0.0016689230769230767
-0.02899753846153846
-0.027328615384615382
-0.003129230769230769
-0.009179076923076922
-0.026494153846153844
-0.015228923076923076
0.011265230769230769
0.04902461538461538
0.05236246153846154
0.03212676923076923
-0.0006258461538461538
-0.024408000000000003
-0.016897846153846156
-0.005424
0.009596307692307692
0.004798153846153846
0.006675692307692307
0.02858030769230769
0.06258461538461538
0.10722830769230769
0.1136953846153846
0.09137353846153846
0.05298830769230769
0.012308307692307691
-0.008970461538461538
-0.021278769230769233
-0.035464615384615386
-0.05799507692307692
-0.06028984615384615
-0.03129230769230769
0.004798153846153846
0.03150092307692308
0.012099692307692308
-0.023364923076923075
-0.042348923076923076
-0.051319384615384614
-0.03504738461538461
-0.023364923076923075
-0.035464615384615386
-0.06613107692307692
-0.0826116923076923
-0.07051199999999999
-0.05048492307692308
-0.04547815384615384
-0.07781353846153846
-0.10618523076923077
-0.09658892307692307
-0.05674338461538461
-0.0002086153846153846
0.026494153846153844
0.0
-0.023782153846153845
-0.02023569230769231
0.0025033846153846152
0.011473846153846154
-0.007510153846153846
-0.015437538461538461
-0.011056615384615385
0.0070929230769230765
0.021696
0.015020307692307692
-0.023990769230769232
-0.07030338461538461
-0.07823076923076923
-0.05236246153846154
0.0
0.023364923076923075
0.00855323076923077
0.0022947692307692304
0.005424
0.03233538461538461
0.041514461538461535
0.004589538461538461
-0.03671630769230769
-0.0717636923076923
-0.0717636923076923
-0.04839876923076923
-0.029206153846153847
-0.004589538461538461
0.007927384615384614
0.03150092307692308
0.08010830769230769
0.11891076923076922
0.10994030769230768
0.04902461538461538
0.0
-0.012099692307692308
-0.002086153846153846
0.02023569230769231
0.03942830769230769
0.04631261538461538
0.05236246153846154
0.08156861538461539
0.10201292307692307
0.08866153846153846
0.018775384615384614
-0.06696553846153847
-0.10493353846153847
-0.10722830769230769
-0.07614461538461538
-0.05570030769230769
-0.037967999999999995
0.011473846153846154
0.06195876923076923
0.10660246153846153
0.12037107692307693
0.07843938461538462
0.006884307692307692
-0.06592246153846154
-0.10243015384615384
-0.0974233846153846
-0.07134646153846153
-0.021487384615384613
0.02023569230769231
0.05653476923076922
0.08761846153846153
0.1045163076923077
0.09784061538461537
0.04631261538461538
-0.005841230769230769
-0.03567323076923076
-0.0018775384615384615
0.05111076923076923
0.07197230769230768
0.08991323076923076
0.10326461538461539
0.12579507692307693
0.12162276923076921
0.09700615384615385
0.04193169230769231
-0.050067692307692306
-0.10952307692307692
-0.12683815384615382
-0.0892873846153846
-0.034630153846153845
0.009596307692307692
0.06070707692307692
0.10430769230769231
0.143736
0.13893784615384613
0.08740984615384616
0.017940923076923077
-0.04631261538461538
-0.06362769230769232
-0.04693846153846153
-0.009179076923076922
0.04568676923076923
0.09095630769230768
0.13101046153846155
0.16167692307692308
0.173568
0.15249784615384615
0.07531015384615385
-0.002086153846153846
-0.05924676923076923
-0.05528307692307692
0.0025033846153846152
0.05444861538461539
0.1178676923076923
0.15333230769230768
0.17252492307692308
0.1710646153846154
0.13935507692307691
