-0.10430769230769231
-0.09575446153846154
-0.051319384615384614
0.015437538461538461
0.04944184615384615
0.06154153846153846
0.07238953846153846
0.06425353846153846
0.06383630769230769
0.03984553846153846
-0.0070929230769230765
-0.055491692307692304
-0.08761846153846153
-0.0678
-0.03233538461538461
-0.009179076923076922
0.02023569230769231
0.052571076923076915
0.08740984615384616
0.10117846153846152
0.09909230769230769
0.0826116923076923
0.030875076923076922
-0.020027076923076922
-0.04422646153846154
-0.018775384615384614
0.02357353846153846
0.045060923076923075
0.061750153846153844
0.06425353846153846
0.06028984615384615
0.043392
0.010639384615384617
-0.008970461538461538
-0.03921969230769231
-0.04756430769230769
-0.01940123076923077
0.03150092307692308
0.0855323076923077
0.0771876923076923
0.05924676923076923
0.04985907692307692
0.03692492307692308
0.02211323076923077
-0.026702769230769228
-0.07280676923076923
-0.11223507692307692
-0.12788123076923075
-0.10201292307692307
-0.06279323076923077
-0.01814953846153846
0.003963692307692307
0.04380923076923077
0.09575446153846154
0.11140061538461538
0.09930092307692308
0.02899753846153846
-0.04839876923076923
-0.09763200000000001
-0.11557292307692307
-0.09450276923076922
-0.0892873846153846
-0.07948246153846153
-0.05319692307692307
-0.009179076923076922
0.042348923076923076
0.056326153846153845
0.04422646153846154
0.0006258461538461538
-0.03775938461538462
-0.05194523076923077
-0.058829538461538454
-0.05277969230769231
-0.06863446153846153
-0.06654830769230768
-0.03275261538461539
0.007301538461538462
0.042348923076923076
0.03942830769230769
0.01272553846153846
-0.019609846153846155
-0.035464615384615386
-0.02545107692307692
-0.026702769230769228
-0.03567323076923076
-0.03838523076923077
-0.02211323076923077
0.02795446153846154
0.07760492307692309
0.10681107692307691
0.08991323076923076
0.047772923076923074
0.004589538461538461
-0.02023569230769231
-0.018983999999999997
-0.025659692307692307
-0.023782153846153845
-0.017940923076923077
0.02273907692307692
0.08323753846153846
0.09992676923076924
0.07677046153846154
0.008136
-0.05528307692307692
-0.07405846153846153
-0.056326153846153845
-0.01856676923076923
-0.005424
0.0025033846153846152
0.026702769230769228
0.07697907692307693
0.12788123076923075
0.12829846153846153
0.09095630769230768
0.04422646153846154
0.01397723076923077
0.015646153846153844
0.03775938461538462
0.04965046153846154
0.04214030769230769
0.03921969230769231
0.06049846153846154
0.10076123076923077
0.11599015384615384
0.08824430769230769
0.043392
0.012934153846153845
0.02023569230769231
0.03838523076923077
0.042974769230769226
0.03963692307692308
0.023990769230769232
0.02232184615384615
0.03775938461538462
0.049233230769230765
0.040679999999999994
-0.02586830769230769
-0.0892873846153846
-0.10827138461538462
-0.08991323076923076
-0.04944184615384615
-0.03066646153846154
-0.014603076923076923
-0.0006258461538461538
0.01940123076923077
0.045060923076923075
0.05570030769230769
0.034630153846153845
-0.043392
-0.09930092307692308
-0.084072
-0.046104
-0.011056615384615385
-0.0022947692307692304
0.016897846153846156
0.058829538461538454
0.09033046153846153
0.10952307692307692
0.09262523076923077
0.05090215384615384
-0.003129230769230769
-0.030875076923076922
-0.01668923076923077
-0.012934153846153845
-0.021696
-0.0446436923076923
-0.040679999999999994
-0.012934153846153845
0.018358153846153843
0.06008123076923077
0.052571076923076915
0.01710646153846154
-0.018358153846153843
-0.023990769230769232
-0.002086153846153846
-0.006884307692307692
-0.030040615384615384
-0.06300184615384616
-0.06884307692307692
-0.04756430769230769
-0.02211323076923077
-0.014603076923076923
-0.04318338461538461
-0.049233230769230765
-0.03629907692307692
-0.008970461538461538
0.011891076923076923
0.0006258461538461538
-0.005841230769230769
-0.013560000000000001
-0.001043076923076923
0.021696
0.029623384615384614
0.015854769230769228
-0.019192615384615384
-0.03713353846153846
-0.03629907692307692
-0.021904615384615383
-0.014185846153846153
-0.031709538461538456
-0.045060923076923075
-0.04088861538461538
-0.009387692307692307
0.015854769230769228
0.004589538461538461
-0.014394461538461538
-0.03233538461538461
-0.03045784615384615
-0.02357353846153846
-0.016897846153846156
-0.017315076923076923
-0.03400430769230769
-0.022947692307692308
0.017315076923076923
0.06842584615384616
0.07531015384615385
0.03400430769230769
0.010848
0.0008344615384615384
0.015020307692307692
0.03296123076923077
0.029414769230769227
0.023364923076923075
0.005215384615384615
0.016480615384615385
0.050067692307692306
0.061750153846153844
0.04756430769230769
0.015854769230769228
0.014394461538461538
0.04422646153846154
0.07238953846153846
0.0828203076923077
0.05486584615384615
0.008344615384615384
-0.02586830769230769
-0.03108369230769231
-0.021278769230769233
-0.026494153846153844
-0.03859384615384615
-0.03775938461538462
-0.008136
0.01814953846153846
0.031709538461538456
