-0.1908830769230769
-0.1718990769230769
-0.1070196923076923
-0.05298830769230769
-0.0006258461538461538
0.037967999999999995
0.08782707692307692
0.11098338461538461
0.06926030769230769
0.011891076923076923
-0.05590892307692308
-0.09137353846153846
-0.08448923076923077
-0.035255999999999996
0.04214030769230769
0.09033046153846153
0.13309661538461537
0.15395815384615386
0.15228923076923076
0.13393107692307693
0.0771876923076923
0.007510153846153846
-0.05444861538461539
-0.06362769230769232
-0.03859384615384615
0.0012516923076923076
0.05194523076923077
0.10013538461538461
0.16334584615384617
0.1913003076923077
0.1867107692307692
0.14164984615384615
0.049233230769230765
-0.031918153846153846
-0.08636676923076922
-0.07134646153846153
-0.021904615384615383
0.041514461538461535
0.10347323076923076
0.13226215384615383
0.1612596923076923
0.1531236923076923
0.09909230769230769
0.0070929230769230765
-0.10055261538461538
-0.1666836923076923
-0.17815753846153848
-0.11703323076923078
-0.021070153846153846
0.05382276923076923
0.10785415384615385
0.12037107692307693
0.10514215384615383
0.052153846153846155
-0.0446436923076923
-0.127464
-0.19985353846153847
-0.22447015384615385
-0.1992276923076923
-0.14311015384615386
-0.059872615384615385
-0.005841230769230769
0.037967999999999995
0.06654830769230768
0.07927384615384615
0.053614153846153846
-0.01981846153846154
-0.0880356923076923
-0.1422756923076923
-0.13872923076923074
-0.10159569230769232
-0.03483876923076923
0.04672984615384615
0.09429415384615383
0.1356
0.13643446153846153
0.09241661538461539
0.011056615384615385
-0.08782707692307692
-0.14185846153846154
-0.14790830769230767
-0.10660246153846153
-0.037967999999999995
0.027745846153846152
0.08782707692307692
0.13601723076923075
0.15082892307692305
0.12808984615384614
0.07885661538461539
0.012934153846153845
-0.046104
-0.06613107692307692
-0.0448523076923077
-0.006884307692307692
0.030040615384615384
0.05611753846153846
0.08636676923076922
0.10868861538461538
0.10994030769230768
0.09554584615384615
0.044435076923076924
-0.022947692307692308
-0.06905169230769231
-0.06967753846153846
-0.016272
0.03775938461538462
0.07781353846153846
0.124752
0.16292861538461537
0.1927606153846154
0.18983999999999998
0.1289243076923077
0.03629907692307692
-0.04819015384615385
-0.073224
-0.04380923076923077
-0.006884307692307692
0.04839876923076923
0.09137353846153846
0.1136953846153846
0.14331876923076922
0.13601723076923075
0.08949599999999999
0.008344615384615384
-0.0771876923076923
-0.11640738461538462
-0.12579507692307693
-0.10827138461538462
-0.07030338461538461
-0.029206153846153847
0.008761846153846153
0.05382276923076923
0.08115138461538463
0.059038153846153844
0.008136
-0.06759138461538462
-0.12662953846153846
-0.14144123076923076
-0.12120553846153845
-0.07739630769230768
-0.02357353846153846
0.022947692307692308
0.05194523076923077
0.08010830769230769
0.0826116923076923
0.056326153846153845
-0.004589538461538461
-0.07969107692307692
-0.09283384615384616
-0.04756430769230769
0.011265230769230769
0.05653476923076922
0.07760492307692309
0.09784061538461537
0.116616
0.11536430769230768
0.09137353846153846
0.031709538461538456
-0.03629907692307692
-0.0826116923076923
-0.08636676923076922
-0.05277969230769231
-0.014185846153846153
0.029206153846153847
0.052153846153846155
0.08094276923076923
0.11640738461538462
0.10681107692307691
0.07468430769230769
0.021696
-0.030875076923076922
-0.0448523076923077
-0.026285538461538457
0.010013538461538461
0.03337846153846154
0.04318338461538461
0.05924676923076923
0.08991323076923076
0.11849353846153846
0.10389046153846154
0.06279323076923077
0.016897846153846156
-0.012308307692307691
0.00855323076923077
0.03108369230769231
0.045895384615384616
0.055491692307692304
0.05570030769230769
0.08115138461538463
0.11056615384615384
0.12433476923076923
0.08866153846153846
0.020027076923076922
-0.03775938461538462
-0.06967753846153846
-0.061124307692307686
-0.05570030769230769
-0.05611753846153846
-0.042348923076923076
-0.021487384615384613
0.03066646153846154
0.08469784615384615
0.09012184615384615
0.058412307692307694
0.004798153846153846
-0.026076923076923077
-0.03024923076923077
-0.021696
-0.015646153846153844
-0.01397723076923077
0.014185846153846153
0.05236246153846154
0.10347323076923076
0.11432123076923076
0.07823076923076923
0.040054153846153843
-0.0070929230769230765
-0.014185846153846153
0.0070929230769230765
0.02357353846153846
0.03358707692307692
0.04047138461538462
0.06717415384615384
0.09095630769230768
0.10201292307692307
0.07468430769230769
0.0077187692307692304
-0.05194523076923077
-0.08010830769230769
-0.06550523076923077
-0.03129230769230769
0.005424
0.026702769230769228
0.03775938461538462
0.0828203076923077
0.13601723076923075
0.1543753846153846
0.11327815384615383
0.054657230769230764
0.012308307692307691
-0.02858030769230769
-0.009179076923076922
0.015437538461538461
0.02899753846153846
