0.04860738461538461
0.050067692307692306
0.008970461538461538
-0.03775938461538462
-0.06446215384615385
-0.06258461538461538
-0.043600615384615383
-0.016063384615384615
0.012934153846153845
0.019609846153846155
0.03400430769230769
0.04756430769230769
0.04214030769230769
0.0014603076923076922
-0.05069353846153846
-0.06800861538461538
-0.059872615384615385
-0.020027076923076922
0.013768615384615384
0.040054153846153843
0.06195876923076923
0.07656184615384615
0.10618523076923077
0.12350030769230769
0.10848000000000001
0.06425353846153846
0.027120000000000002
0.015228923076923076
0.02232184615384615
0.03150092307692308
0.022530461538461537
0.005424
0.019609846153846155
0.06675692307692307
0.10618523076923077
0.10576799999999999
0.05757784615384615
0.008136
-0.009179076923076922
0.009804923076923077
0.02524246153846154
0.013351384615384614
0.0070929230769230765
0.012308307692307691
0.05298830769230769
0.10389046153846154
0.12370892307692308
0.10660246153846153
0.04693846153846153
0.0008344615384615384
0.0002086153846153846
0.013768615384615384
0.032544
0.04819015384615385
0.05403138461538461
0.06800861538461538
0.08866153846153846
0.10848000000000001
0.09074769230769231
0.035255999999999996
-0.019609846153846155
-0.03713353846153846
-0.010222153846153844
-0.0035464615384615383
-0.02899753846153846
-0.07635323076923077
-0.11327815384615383
-0.10660246153846153
-0.08010830769230769
-0.04756430769230769
-0.04860738461538461
-0.08073415384615384
-0.09450276923076922
-0.08699261538461538
-0.05590892307692308
-0.03942830769230769
-0.053405538461538456
-0.058412307692307694
-0.03838523076923077
0.014394461538461538
0.050067692307692306
0.03775938461538462
0.0
-0.05444861538461539
-0.08031692307692308
-0.06717415384615384
-0.04318338461538461
-0.024616615384615383
-0.01981846153846154
-0.0008344615384615384
0.0446436923076923
0.08761846153846153
0.09408553846153846
0.06759138461538462
0.03108369230769231
-0.0025033846153846152
-0.03400430769230769
-0.04380923076923077
-0.05528307692307692
-0.08240307692307691
-0.10535076923076922
-0.09825784615384614
-0.028788923076923077
0.030040615384615384
0.04401784615384615
0.024199384615384616
-0.006675692307692307
-0.003129230769230769
0.01856676923076923
0.040679999999999994
0.04819015384615385
0.043600615384615383
0.040262769230769234
0.06070707692307692
0.09429415384615383
0.07468430769230769
0.027745846153846152
-0.014185846153846153
-0.029414769230769227
-0.013768615384615384
0.0014603076923076922
0.023364923076923075
0.025033846153846153
0.02795446153846154
0.05319692307692307
0.07572738461538461
0.08219446153846154
0.05403138461538461
0.003755076923076923
-0.04819015384615385
-0.07656184615384615
-0.06592246153846154
-0.05653476923076922
-0.06383630769230769
-0.07635323076923077
-0.08094276923076923
-0.06049846153846154
-0.028371692307692306
-0.006884307692307692
-0.02795446153846154
-0.056951999999999996
-0.062376
-0.051319384615384614
-0.03275261538461539
-0.02858030769230769
-0.021278769230769233
-0.006258461538461538
0.021070153846153846
0.05611753846153846
0.07802215384615384
0.05382276923076923
0.0018775384615384615
-0.030040615384615384
-0.028788923076923077
0.014394461538461538
0.033169846153846154
0.010013538461538461
0.005841230769230769
0.015854769230769228
0.04214030769230769
0.07635323076923077
0.0828203076923077
0.058829538461538454
0.011473846153846154
0.0043809230769230765
0.03984553846153846
0.06300184615384616
0.05820369230769231
0.023990769230769232
0.010013538461538461
0.008344615384615384
0.015854769230769228
0.03233538461538461
0.00855323076923077
-0.004589538461538461
0.004798153846153846
0.03838523076923077
0.09763200000000001
0.12516923076923075
0.11995384615384615
0.1045163076923077
0.10159569230769232
0.10889723076923077
0.13080184615384613
0.13330523076923076
0.10117846153846152
0.08073415384615384
0.07802215384615384
0.09387692307692307
0.09241661538461539
0.0448523076923077
-0.014185846153846153
-0.029414769230769227
-0.0050067692307692304
0.024408000000000003
0.03984553846153846
0.04276615384615385
0.049233230769230765
0.04860738461538461
0.058829538461538454
0.0771876923076923
0.06905169230769231
0.026076923076923077
-0.02545107692307692
-0.04902461538461538
-0.040262769230769234
-0.023364923076923075
-0.022530461538461537
-0.03108369230769231
-0.026494153846153844
-0.005841230769230769
0.02044430769230769
0.032544
0.011265230769230769
-0.027120000000000002
-0.04944184615384615
-0.040262769230769234
0.0002086153846153846
0.03963692307692308
0.05820369230769231
0.05945538461538461
0.06049846153846154
0.065088
0.03483876923076923
-0.01856676923076923
-0.0853236923076923
-0.13622584615384614
-0.14665661538461539
-0.12704676923076924
-0.07238953846153846
-0.045895384615384616
-0.034630153846153845
-0.017315076923076923
0.005632615384615384
0.04214030769230769
0.016480615384615385
-0.03296123076923077
-0.08511507692307693
-0.12037107692307693
-0.10159569230769232
-0.07426707692307692
-0.02482523076923077
0.012516923076923077
0.03400430769230769
