-0.07009476923076922
0.005424
0.08386338461538462
0.14540492307692307
0.1804523076923077
0.19192615384615386
0.1794092307692308
0.13393107692307693
0.059664
-0.016063384615384615
-0.07384984615384615
-0.06863446153846153
-0.02482523076923077
0.021070153846153846
0.06028984615384615
0.08866153846153846
0.12975876923076923
0.16793538461538463
0.18274707692307693
0.13518276923076925
0.058829538461538454
-0.005215384615384615
-0.053405538461538456
-0.05319692307692307
-0.04088861538461538
-0.014185846153846153
0.015228923076923076
0.03942830769230769
0.08010830769230769
0.09074769230769231
0.06154153846153846
-0.014185846153846153
-0.10326461538461539
-0.15604430769230768
-0.16292861538461537
-0.11494707692307692
-0.06529661538461538
-0.02044430769230769
0.031709538461538456
0.065088
0.07113784615384615
0.03045784615384615
-0.033169846153846154
-0.1097316923076923
-0.1792006153846154
-0.1802436923076923
-0.14749107692307692
-0.09679753846153846
-0.03880246153846154
-0.0050067692307692304
0.035464615384615386
0.04819015384615385
0.03775938461538462
0.01272553846153846
-0.04860738461538461
-0.08302892307692307
-0.07343261538461537
-0.03024923076923077
0.010848
0.03963692307692308
0.065088
0.07259815384615384
0.08365476923076923
0.06738276923076922
0.016480615384615385
-0.04631261538461538
-0.111192
-0.1397723076923077
-0.12955015384615384
-0.09471138461538461
-0.05403138461538461
-0.02586830769230769
0.007510153846153846
0.048816000000000005
0.08344615384615384
0.08240307692307691
0.038176615384615385
-0.03337846153846154
-0.10639384615384614
-0.12913292307692306
-0.10576799999999999
-0.06759138461538462
-0.0446436923076923
-0.03379569230769231
-0.004798153846153846
0.025659692307692307
0.03629907692307692
0.015854769230769228
-0.011682461538461537
-0.01272553846153846
0.0035464615384615383
0.035464615384615386
0.05716061538461538
0.04902461538461538
0.028163076923076923
0.013560000000000001
0.024408000000000003
0.030040615384615384
0.01856676923076923
-0.012934153846153845
-0.05403138461538461
-0.07384984615384615
-0.07531015384615385
-0.06321046153846153
-0.05194523076923077
-0.03609046153846154
-0.018358153846153843
0.011265230769230769
0.06049846153846154
0.08594953846153845
0.07259815384615384
0.029832
-0.016480615384615385
-0.035464615384615386
-0.026494153846153844
-0.011891076923076923
-0.008761846153846153
-0.01710646153846154
-0.002086153846153846
0.04380923076923077
0.07238953846153846
0.06321046153846153
0.018983999999999997
-0.026076923076923077
-0.03150092307692308
-0.016480615384615385
-0.004798153846153846
-0.0022947692307692304
-0.023364923076923075
-0.029623384615384614
-0.005841230769230769
0.04109723076923077
0.07948246153846153
0.06988615384615385
0.043392
0.0008344615384615384
-0.02211323076923077
-0.025659692307692307
-0.03504738461538461
-0.047772923076923074
-0.055491692307692304
-0.025033846153846153
0.026494153846153844
0.07802215384615384
0.08490646153846154
0.06404492307692307
0.051319384615384614
0.04193169230769231
0.05194523076923077
0.05611753846153846
0.055491692307692304
0.05382276923076923
0.05611753846153846
0.0897046153846154
0.12808984615384614
0.13893784615384613
0.0988836923076923
0.03483876923076923
-0.011265230769230769
-0.02858030769230769
-0.010848
0.014185846153846153
0.025659692307692307
0.030875076923076922
0.05319692307692307
0.0988836923076923
0.119328
0.08782707692307692
0.014394461538461538
-0.06216738461538462
-0.08991323076923076
-0.08907876923076924
-0.07113784615384615
-0.05674338461538461
-0.05799507692307692
-0.026076923076923077
0.016897846153846156
0.05590892307692308
0.06467076923076923
0.02232184615384615
-0.02232184615384615
-0.05799507692307692
-0.04839876923076923
-0.018358153846153843
-0.013768615384615384
-0.0035464615384615383
0.005841230769230769
0.031918153846153846
0.06529661538461538
0.08469784615384615
0.06946892307692307
0.006258461538461538
-0.04276615384615385
-0.05486584615384615
-0.024616615384615383
0.01043076923076923
0.023364923076923075
0.042557538461538466
0.05862092307692307
0.08386338461538462
0.09471138461538461
0.07426707692307692
0.03942830769230769
-0.03045784615384615
-0.07301538461538462
-0.06049846153846154
-0.03045784615384615
-0.012099692307692308
-0.02023569230769231
0.0016689230769230767
0.04860738461538461
0.09304246153846155
0.09596307692307693
0.04672984615384615
-0.006467076923076923
-0.05298830769230769
-0.06028984615384615
-0.03108369230769231
0.0012516923076923076
0.015228923076923076
0.024199384615384616
0.059038153846153844
0.0934596923076923
0.10263876923076923
0.08031692307692308
0.03066646153846154
-0.017940923076923077
-0.044435076923076924
-0.03504738461538461
-0.003129230769230769
0.010848
0.006258461538461538
0.0035464615384615383
0.021070153846153846
0.05924676923076923
0.07739630769230768
0.06070707692307692
0.010848
-0.015228923076923076
-0.0035464615384615383
0.0006258461538461538
0.0035464615384615383
-0.016480615384615385
-0.026285538461538457
