0.004798153846153846
0.013351384615384614
0.026494153846153844
0.03942830769230769
0.033169846153846154
0.017940923076923077
-0.023990769230769232
-0.07614461538461538
-0.09658892307692307
-0.07134646153846153
-0.02586830769230769
-0.0016689230769230767
0.017315076923076923
0.038176615384615385
0.07384984615384615
0.09825784615384614
0.09971815384615385
0.09763200000000001
0.04672984615384615
-0.005841230769230769
-0.027328615384615382
-0.03129230769230769
-0.023364923076923075
-0.024199384615384616
-0.011265230769230769
0.006258461538461538
0.031709538461538456
0.05048492307692308
0.05048492307692308
0.043600615384615383
0.020027076923076922
0.026285538461538457
0.0446436923076923
0.05736923076923077
0.054657230769230764
0.028788923076923077
0.016480615384615385
0.005215384615384615
0.03379569230769231
0.05528307692307692
0.023990769230769232
-0.0029206153846153843
-0.03942830769230769
-0.05069353846153846
-0.03880246153846154
-0.037342153846153844
-0.025033846153846153
-0.01397723076923077
0.033169846153846154
0.0936683076923077
0.13706030769230768
0.16188553846153847
0.12996738461538462
0.09429415384615383
0.07635323076923077
0.0717636923076923
0.07489292307692308
0.05820369230769231
0.05194523076923077
0.06195876923076923
0.0892873846153846
0.12287446153846153
0.13059323076923077
0.10910584615384614
0.059038153846153844
0.03150092307692308
0.03963692307692308
0.04693846153846153
0.042974769230769226
0.03150092307692308
0.041514461538461535
0.06884307692307692
0.09763200000000001
0.11473846153846154
0.10159569230769232
0.06487938461538462
0.015228923076923076
-0.005841230769230769
0.014394461538461538
0.011056615384615385
0.004172307692307692
0.008970461538461538
0.022530461538461537
0.06592246153846154
0.10096984615384616
0.116616
0.08469784615384615
0.042557538461538466
0.02586830769230769
0.01940123076923077
0.020027076923076922
-0.018775384615384614
-0.05778646153846154
-0.08177723076923075
-0.07510153846153846
-0.0050067692307692304
0.029832
0.01272553846153846
-0.027328615384615382
-0.07948246153846153
-0.103056
-0.11348676923076922
-0.11870215384615385
-0.12913292307692306
-0.12266584615384615
-0.0936683076923077
-0.03942830769230769
0.02211323076923077
0.0022947692307692304
-0.06800861538461538
-0.1151556923076923
-0.12516923076923075
-0.11703323076923078
-0.10472492307692308
-0.08824430769230769
-0.084072
-0.07218092307692307
-0.04130584615384615
0.0043809230769230765
0.03212676923076923
0.0014603076923076922
-0.03775938461538462
-0.06008123076923077
-0.047772923076923074
-0.0018775384615384615
0.012099692307692308
-0.0077187692307692304
-0.035464615384615386
-0.029206153846153847
0.008970461538461538
0.042974769230769226
0.053614153846153846
0.02753723076923077
-0.004589538461538461
-0.008761846153846153
0.02232184615384615
0.05528307692307692
0.058412307692307694
0.042348923076923076
0.02858030769230769
0.04401784615384615
0.08073415384615384
0.10722830769230769
0.10368184615384615
0.06675692307692307
0.04547815384615384
0.06467076923076923
0.09283384615384616
0.10555938461538462
0.09387692307692307
0.07384984615384615
0.09012184615384615
0.14477907692307693
0.19735015384615384
0.19588984615384614
0.138312
0.09971815384615385
0.0798996923076923
0.07885661538461539
0.08782707692307692
0.06404492307692307
0.0446436923076923
0.03588184615384615
0.053405538461538456
0.08761846153846153
0.10263876923076923
0.10660246153846153
0.08699261538461538
0.06258461538461538
0.05236246153846154
0.040054153846153843
0.009179076923076922
-0.040679999999999994
-0.0771876923076923
-0.07364123076923076
-0.042348923076923076
-0.0029206153846153843
0.0022947692307692304
-0.021696
-0.031918153846153846
-0.02482523076923077
-0.0012516923076923076
0.011265230769230769
-0.011056615384615385
-0.050067692307692306
-0.05194523076923077
-0.012516923076923077
0.04214030769230769
0.0771876923076923
0.06133292307692308
0.017315076923076923
-0.028163076923076923
-0.04693846153846153
-0.058412307692307694
-0.09304246153846155
-0.127464
-0.14540492307692307
-0.13601723076923075
-0.08782707692307692
-0.03358707692307692
-0.005424
-0.017732307692307693
-0.03337846153846154
-0.021278769230769233
-0.008136
0.003129230769230769
-0.018358153846153843
-0.05924676923076923
-0.08574092307692306
-0.08866153846153846
-0.0678
-0.06279323076923077
-0.059038153846153844
-0.04839876923076923
-0.021904615384615383
0.02044430769230769
0.04214030769230769
0.030875076923076922
-0.03045784615384615
-0.09095630769230768
-0.0897046153846154
-0.054240000000000003
-0.011265230769230769
0.014811692307692307
0.010013538461538461
0.008136
0.017732307692307693
0.027745846153846152
0.008344615384615384
-0.04714707692307692
-0.09429415384615383
-0.11536430769230768
-0.09053907692307692
-0.041514461538461535
0.009596307692307692
0.04401784615384615
0.049233230769230765
0.06028984615384615
0.06216738461538462
0.042974769230769226
-0.01981846153846154
-0.10055261538461538
-0.14811692307692306
-0.14164984615384615
