-0.03942830769230769
-0.02023569230769231
0.003129230769230769
0.006884307692307692
0.017315076923076923
0.05111076923076923
0.09700615384615385
0.11891076923076922
0.08490646153846154
0.015646153846153844
-0.05590892307692308
-0.08615815384615384
-0.07301538461538462
-0.045060923076923075
-0.019192615384615384
-0.003963692307692307
0.023990769230769232
0.06425353846153846
0.10597661538461538
0.10764553846153846
0.06717415384615384
0.014603076923076923
-0.04109723076923077
-0.049233230769230765
-0.050067692307692306
-0.06216738461538462
-0.05590892307692308
-0.034630153846153845
0.02044430769230769
0.07843938461538462
0.11181784615384616
0.08907876923076924
0.02545107692307692
-0.029414769230769227
-0.06070707692307692
-0.051319384615384614
-0.04693846153846153
-0.06884307692307692
-0.0678
-0.04088861538461538
0.010639384615384617
0.052571076923076915
0.03609046153846154
0.003963692307692307
-0.027745846153846152
-0.03755076923076923
-0.03108369230769231
-0.03379569230769231
-0.03963692307692308
-0.05590892307692308
-0.046104
-0.017523692307692306
0.028163076923076923
0.06675692307692307
0.05820369230769231
0.025659692307692307
-0.017940923076923077
-0.018983999999999997
0.003963692307692307
0.007301538461538462
0.006675692307692307
-0.0016689230769230767
0.014185846153846153
0.04172307692307692
0.06717415384615384
0.06905169230769231
0.024199384615384616
-0.015646153846153844
-0.020652923076923076
0.008970461538461538
0.031918153846153846
0.025659692307692307
0.019192615384615384
0.010639384615384617
0.02211323076923077
0.05069353846153846
0.052153846153846155
0.03379569230769231
-0.009387692307692307
-0.03775938461538462
-0.03629907692307692
-0.02795446153846154
-0.02315630769230769
-0.05590892307692308
-0.07155507692307693
-0.04985907692307692
0.001043076923076923
0.05069353846153846
0.047981538461538464
0.03400430769230769
0.013351384615384614
0.024616615384615383
0.06550523076923077
0.06404492307692307
0.03504738461538461
-0.006258461538461538
-0.023990769230769232
-0.015646153846153844
0.015646153846153844
0.058829538461538454
0.052571076923076915
0.03024923076923077
0.010013538461538461
0.005841230769230769
0.011473846153846154
-0.009179076923076922
-0.03045784615384615
-0.04944184615384615
-0.031918153846153846
0.007301538461538462
0.03275261538461539
0.05069353846153846
0.034630153846153845
0.03963692307692308
0.06341907692307691
0.06425353846153846
0.06592246153846154
0.022530461538461537
-0.02524246153846154
-0.05069353846153846
-0.06300184615384616
-0.01397723076923077
0.029623384615384614
0.04839876923076923
0.06633969230769231
0.09763200000000001
0.119328
0.09241661538461539
0.053614153846153846
-0.0070929230769230765
-0.04756430769230769
-0.04902461538461538
-0.024408000000000003
0.02482523076923077
0.026911384615384615
0.020027076923076922
0.02858030769230769
0.01940123076923077
0.011891076923076923
-0.02795446153846154
-0.08177723076923075
-0.11703323076923078
-0.12704676923076924
-0.09241661538461539
-0.05090215384615384
-0.011056615384615385
0.011265230769230769
0.02044430769230769
0.040054153846153843
0.04902461538461538
0.029623384615384614
-0.03942830769230769
-0.11327815384615383
-0.14957723076923077
-0.1341396923076923
-0.058412307692307694
0.01668923076923077
0.0717636923076923
0.09825784615384614
0.11411261538461538
0.143736
0.14206707692307693
0.103056
0.027120000000000002
-0.029206153846153847
-0.040262769230769234
-0.03775938461538462
-0.0016689230769230767
0.042557538461538466
0.07572738461538461
0.09658892307692307
0.11140061538461538
0.12120553846153845
0.08469784615384615
0.0035464615384615383
-0.08490646153846154
-0.13393107692307693
-0.11557292307692307
-0.05319692307692307
0.029414769230769227
0.09658892307692307
0.13372246153846154
0.15270646153846154
0.1476996923076923
0.12975876923076923
0.07030338461538461
-0.013560000000000001
-0.07677046153846154
-0.11807630769230769
-0.09825784615384614
-0.03358707692307692
0.03024923076923077
0.0717636923076923
0.11348676923076922
0.15833907692307692
0.165432
0.12955015384615384
0.045060923076923075
-0.04109723076923077
-0.09658892307692307
-0.11077476923076923
-0.07072061538461538
-0.008344615384615384
0.04756430769230769
0.0771876923076923
0.10055261538461538
0.11223507692307692
0.08177723076923075
0.006884307692307692
-0.09909230769230769
-0.1779489230769231
-0.21007569230769232
-0.1829556923076923
-0.10785415384615385
-0.03421292307692308
0.03358707692307692
0.06216738461538462
0.06863446153846153
0.05590892307692308
-0.009596307692307692
-0.09179076923076923
-0.184416
-0.22467876923076924
-0.1977673846153846
-0.14811692307692306
-0.065088
-0.0035464615384615383
0.04401784615384615
0.08615815384615384
0.09930092307692308
0.07697907692307693
-0.009179076923076922
-0.10868861538461538
-0.17169046153846151
-0.18525046153846153
-0.14874276923076923
-0.08636676923076922
-0.012099692307692308
0.04214030769230769
0.06675692307692307
0.07051199999999999
0.037967999999999995
-0.008136
