-0.05090215384615384
-0.08240307692307691
-0.055491692307692304
-0.014185846153846153
0.009804923076923077
0.03629907692307692
0.04318338461538461
0.06341907692307691
0.08052553846153847
0.08198584615384615
0.05277969230769231
-0.013142769230769229
-0.06341907692307691
-0.06800861538461538
-0.03337846153846154
-0.013560000000000001
0.0043809230769230765
0.02899753846153846
0.059664
0.11765907692307691
0.16459753846153846
0.1779489230769231
0.13434830769230768
0.06633969230769231
0.049233230769230765
0.06592246153846154
0.07531015384615385
0.05444861538461539
0.021487384615384613
0.026911384615384615
0.051528
0.07739630769230768
0.08323753846153846
0.05757784615384615
0.03838523076923077
0.03984553846153846
0.054657230769230764
0.056326153846153845
0.06028984615384615
0.06633969230769231
0.06654830769230768
0.08594953846153845
0.11014892307692307
0.13309661538461537
0.11745046153846153
0.05924676923076923
0.0025033846153846152
-0.031709538461538456
-0.027745846153846152
-0.017940923076923077
-0.02086153846153846
-0.02858030769230769
-0.02482523076923077
0.01814953846153846
0.07384984615384615
0.10555938461538462
0.07030338461538461
-0.012934153846153845
-0.058412307692307694
-0.06613107692307692
-0.05173661538461538
-0.053614153846153846
-0.06633969230769231
-0.06300184615384616
-0.05236246153846154
0.0012516923076923076
0.023990769230769232
0.007301538461538462
-0.02273907692307692
-0.05403138461538461
-0.041514461538461535
-0.03942830769230769
-0.03859384615384615
-0.06967753846153846
-0.10514215384615383
-0.10159569230769232
-0.08428061538461538
-0.025659692307692307
0.003129230769230769
0.01668923076923077
0.029623384615384614
0.031709538461538456
0.07280676923076923
0.07572738461538461
0.04965046153846154
0.009179076923076922
-0.04088861538461538
-0.03379569230769231
-0.01043076923076923
0.03296123076923077
0.06070707692307692
0.051319384615384614
0.03901107692307692
0.021696
0.03859384615384615
0.03379569230769231
0.007927384615384614
-0.014185846153846153
-0.03212676923076923
0.00855323076923077
0.02357353846153846
0.012934153846153845
-0.0035464615384615383
-0.03504738461538461
-0.011891076923076923
0.013142769230769229
0.03650769230769231
0.034630153846153845
-0.012934153846153845
-0.040679999999999994
-0.06717415384615384
-0.0448523076923077
-0.0012516923076923076
0.011056615384615385
0.035464615384615386
0.05611753846153846
0.09429415384615383
0.10263876923076923
0.073224
0.046104
-0.013142769230769229
-0.04965046153846154
-0.047772923076923074
-0.013768615384615384
0.02795446153846154
0.050067692307692306
0.09429415384615383
0.12162276923076921
0.12266584615384615
0.09158215384615384
0.013351384615384614
-0.06717415384615384
-0.13643446153846153
-0.15270646153846154
-0.13038461538461538
-0.09116492307692307
-0.031709538461538456
-0.0004172307692307692
0.035464615384615386
0.06592246153846154
0.0744756923076923
0.04088861538461538
-0.04276615384615385
-0.09241661538461539
-0.13101046153846155
-0.12496061538461539
-0.07238953846153846
-0.03024923076923077
0.022947692307692308
0.05069353846153846
0.09763200000000001
0.13476553846153844
0.10389046153846154
0.054240000000000003
-0.02357353846153846
-0.06696553846153847
-0.08615815384615384
-0.0828203076923077
-0.018775384615384614
0.03671630769230769
0.0988836923076923
0.15145476923076923
0.18274707692307693
0.1760713846153846
0.10243015384615384
0.013351384615384614
-0.08115138461538463
-0.111192
-0.07510153846153846
-0.030875076923076922
0.02545107692307692
0.06863446153846153
0.11098338461538461
0.13121907692307694
0.12829846153846153
0.10138707692307691
0.027328615384615382
-0.04380923076923077
-0.10013538461538461
-0.10660246153846153
-0.07343261538461537
-0.030040615384615384
0.026911384615384615
0.0826116923076923
0.15103753846153847
0.19067446153846154
0.1881710769230769
0.12829846153846153
0.03358707692307692
-0.029414769230769227
-0.07113784615384615
-0.059038153846153844
-0.007301538461538462
0.033169846153846154
0.06675692307692307
0.09116492307692307
0.1218313846153846
0.1314276923076923
0.08991323076923076
0.010013538461538461
-0.07593599999999999
-0.12725538461538463
-0.13393107692307693
-0.09533723076923077
-0.04547815384615384
0.0025033846153846152
0.058412307692307694
0.09158215384615384
0.09241661538461539
0.04860738461538461
-0.04902461538461538
-0.15124615384615384
-0.20506892307692307
-0.1942209230769231
-0.14290153846153844
-0.06300184615384616
0.01710646153846154
0.07468430769230769
0.12391753846153845
0.12996738461538462
0.10639384615384614
0.03984553846153846
-0.06821723076923077
-0.13622584615384614
-0.15333230769230768
-0.1136953846153846
-0.04714707692307692
0.03024923076923077
0.11098338461538461
0.16209415384615386
0.19505538461538463
0.18107815384615383
0.12099692307692309
0.043600615384615383
-0.051319384615384614
-0.11473846153846154
-0.12621230769230768
-0.10347323076923076
-0.06279323076923077
-0.01940123076923077
0.04631261538461538
0.10681107692307691
0.13664307692307692
0.12037107692307693
