0.034630153846153845
0.06154153846153846
0.06905169230769231
0.03296123076923077
0.014603076923076923
0.01668923076923077
0.040054153846153843
0.07009476923076922
0.040262769230769234
0.013560000000000001
-0.004798153846153846
0.002086153846153846
0.03421292307692308
0.02858030769230769
0.027120000000000002
0.009804923076923077
0.0025033846153846152
0.01272553846153846
0.011265230769230769
0.021904615384615383
-0.0022947692307692304
-0.009596307692307692
-0.003963692307692307
0.007301538461538462
0.024199384615384616
-0.026702769230769228
-0.05507446153846154
-0.06592246153846154
-0.06008123076923077
-0.008344615384615384
0.005841230769230769
0.03108369230769231
0.04902461538461538
0.07197230769230768
0.1136953846153846
0.09450276923076922
0.08177723076923075
0.03942830769230769
-0.02211323076923077
-0.027328615384615382
-0.006884307692307692
0.03108369230769231
0.04672984615384615
0.05674338461538461
0.07843938461538462
0.08574092307692306
0.0880356923076923
0.06946892307692307
0.02795446153846154
-0.035464615384615386
-0.07343261538461537
-0.04401784615384615
-0.00855323076923077
0.02795446153846154
0.04380923076923077
0.04860738461538461
0.06926030769230769
0.07343261538461537
0.07572738461538461
0.024199384615384616
-0.04318338461538461
-0.08657538461538461
-0.124752
-0.10138707692307691
-0.07009476923076922
-0.037342153846153844
-0.0033378461538461535
0.02357353846153846
0.07238953846153846
0.07343261538461537
0.052153846153846155
-0.008344615384615384
-0.0880356923076923
-0.12996738461538462
-0.14206707692307693
-0.08782707692307692
-0.048816000000000005
-0.01856676923076923
0.017523692307692306
0.04839876923076923
0.08469784615384615
0.05236246153846154
-0.008136
-0.07677046153846154
-0.13643446153846153
-0.13935507692307691
-0.10514215384615383
-0.03838523076923077
0.02044430769230769
0.06550523076923077
0.10493353846153847
0.12162276923076921
0.12767261538461538
0.08699261538461538
0.004798153846153846
-0.0678
-0.10660246153846153
-0.09387692307692307
-0.04652123076923077
0.02586830769230769
0.10743692307692307
0.17377661538461536
0.20819815384615384
0.21007569230769232
0.18253846153846154
0.11098338461538461
0.032544
-0.03838523076923077
-0.06592246153846154
-0.031918153846153846
0.009387692307692307
0.06675692307692307
0.11411261538461538
0.15938215384615384
0.1908830769230769
0.15374953846153847
0.08574092307692306
-0.013142769230769229
-0.11056615384615384
-0.15875630769230767
-0.15562707692307692
-0.10493353846153847
-0.044435076923076924
0.021278769230769233
0.06592246153846154
0.09012184615384615
0.0961716923076923
0.04839876923076923
-0.015854769230769228
-0.09325107692307691
-0.14749107692307692
-0.1435273846153846
-0.1070196923076923
-0.023990769230769232
0.05945538461538461
0.12579507692307693
0.1710646153846154
0.19004861538461537
0.17419384615384614
0.07677046153846154
-0.03150092307692308
-0.11098338461538461
-0.143736
-0.11473846153846154
-0.06028984615384615
0.006467076923076923
0.05194523076923077
0.09471138461538461
0.13372246153846154
0.14290153846153844
0.09554584615384615
-0.010013538461538461
-0.09930092307692308
-0.16334584615384617
-0.18337292307692307
-0.15646153846153846
-0.11181784615384616
-0.043392
0.030040615384615384
0.09429415384615383
0.11953661538461538
0.09325107692307691
0.03567323076923076
-0.03379569230769231
-0.086784
-0.10013538461538461
-0.07364123076923076
-0.02586830769230769
0.01814953846153846
0.07113784615384615
0.116616
0.12850707692307692
0.12350030769230769
0.08156861538461539
0.006675692307692307
-0.06028984615384615
-0.0744756923076923
-0.02315630769230769
0.028788923076923077
0.06404492307692307
0.0961716923076923
0.11223507692307692
0.12496061538461539
0.12370892307692308
0.09241661538461539
0.014603076923076923
-0.0880356923076923
-0.154584
-0.16876984615384616
-0.13121907692307694
-0.06633969230769231
-0.0014603076923076922
0.05486584615384615
0.09241661538461539
0.11724184615384614
0.11703323076923078
0.06258461538461538
-0.013351384615384614
-0.07405846153846153
-0.10639384615384614
-0.09950953846153845
-0.06717415384615384
-0.028371692307692306
-0.0002086153846153846
0.0448523076923077
0.10535076923076922
0.14311015384615386
0.143736
0.08824430769230769
0.010013538461538461
-0.05277969230769231
-0.08323753846153846
-0.07343261538461537
-0.03984553846153846
-0.003129230769230769
0.016897846153846156
0.03609046153846154
0.05590892307692308
0.05611753846153846
0.020027076923076922
-0.04944184615384615
-0.08302892307692307
-0.05945538461538461
-0.022530461538461537
0.015228923076923076
0.02753723076923077
0.029623384615384614
0.04860738461538461
0.07030338461538461
0.10159569230769232
0.09283384615384616
0.04902461538461538
0.015020307692307692
-0.012516923076923077
-0.006467076923076923
0.0077187692307692304
0.02211323076923077
0.03233538461538461
0.05173661538461538
0.09283384615384616
0.12120553846153845
0.11599015384615384
0.07405846153846153
0.025659692307692307
