-0.12850707692307692
-0.09930092307692308
-0.07238953846153846
-0.05570030769230769
-0.027120000000000002
0.012516923076923077
0.06028984615384615
0.08699261538461538
0.04401784615384615
-0.022530461538461537
-0.06362769230769232
-0.06487938461538462
-0.03504738461538461
0.0006258461538461538
0.03650769230769231
0.05570030769230769
0.07238953846153846
0.10243015384615384
0.11348676923076922
0.0798996923076923
-0.002086153846153846
-0.06738276923076922
-0.08782707692307692
-0.07906523076923076
-0.031709538461538456
0.008970461538461538
0.045895384615384616
0.07218092307692307
0.078648
0.10201292307692307
0.11160923076923077
0.07969107692307692
0.014394461538461538
-0.04526953846153846
-0.04526953846153846
-0.020027076923076922
-0.0016689230769230767
0.010013538461538461
0.020652923076923076
0.04902461538461538
0.06613107692307692
0.08386338461538462
0.0853236923076923
0.03859384615384615
-0.006884307692307692
-0.014185846153846153
0.01397723076923077
0.047772923076923074
0.07197230769230768
0.10055261538461538
0.12266584615384615
0.13664307692307692
0.15646153846153846
0.14582215384615385
0.09408553846153846
0.03108369230769231
-0.011056615384615385
-0.021278769230769233
-0.013768615384615384
0.0043809230769230765
0.014394461538461538
0.008970461538461538
0.016897846153846156
0.050067692307692306
0.058829538461538454
0.03150092307692308
-0.014394461538461538
-0.05674338461538461
-0.07030338461538461
-0.04652123076923077
-0.013142769230769229
-0.004589538461538461
0.004798153846153846
0.02232184615384615
0.03984553846153846
0.04985907692307692
0.035464615384615386
-0.003963692307692307
-0.04401784615384615
-0.05757784615384615
-0.041514461538461535
-0.0008344615384615384
0.02524246153846154
0.03629907692307692
0.05382276923076923
0.07280676923076923
0.10180430769230768
0.09158215384615384
0.044435076923076924
0.003129230769230769
-0.03567323076923076
-0.031918153846153846
0.006258461538461538
0.04276615384615385
0.06592246153846154
0.056951999999999996
0.0609156923076923
0.08574092307692306
0.103056
0.09721476923076922
0.06988615384615385
0.06884307692307692
0.06571384615384615
0.06446215384615385
0.07969107692307692
0.08219446153846154
0.07969107692307692
0.06717415384615384
0.084072
0.11870215384615385
0.12016246153846154
0.10347323076923076
0.07843938461538462
0.07113784615384615
0.084072
0.11223507692307692
0.13935507692307691
0.11682461538461539
0.08949599999999999
0.09304246153846155
0.10952307692307692
0.1207883076923077
0.084072
0.026702769230769228
-0.004798153846153846
-0.01981846153846154
-0.01814953846153846
-0.022947692307692308
-0.03024923076923077
-0.03838523076923077
-0.058412307692307694
-0.040054153846153843
-0.0002086153846153846
0.022530461538461537
0.011473846153846154
-0.014603076923076923
-0.011265230769230769
0.004172307692307692
0.018983999999999997
-0.0002086153846153846
-0.05319692307692307
-0.10514215384615383
-0.12370892307692308
-0.08824430769230769
-0.054240000000000003
-0.023782153846153845
-0.007510153846153846
0.0022947692307692304
0.04735569230769231
0.08031692307692308
0.08740984615384616
0.03379569230769231
-0.05528307692307692
-0.092208
-0.10076123076923077
-0.0798996923076923
-0.05090215384615384
-0.03859384615384615
-0.035464615384615386
-0.042348923076923076
-0.025659692307692307
-0.01043076923076923
-0.025659692307692307
-0.07635323076923077
-0.10889723076923077
-0.086784
-0.05194523076923077
-0.017940923076923077
-0.009596307692307692
-0.023364923076923075
-0.024616615384615383
-0.01043076923076923
0.012308307692307691
0.02273907692307692
-0.004798153846153846
-0.05486584615384615
-0.08031692307692308
-0.05611753846153846
-0.003963692307692307
0.053614153846153846
0.09533723076923077
0.12350030769230769
0.13393107692307693
0.1178676923076923
0.10347323076923076
0.05319692307692307
-0.029832
-0.08824430769230769
-0.10180430769230768
-0.06279323076923077
-0.013560000000000001
0.03567323076923076
0.08782707692307692
0.12120553846153845
0.14665661538461539
0.1397723076923077
0.0988836923076923
0.010848
-0.08866153846153846
-0.1316363076923077
-0.13393107692307693
-0.06800861538461538
0.008344615384615384
0.05674338461538461
0.09491999999999999
0.1136953846153846
0.14206707692307693
0.12412615384615384
0.06571384615384615
0.0012516923076923076
-0.0609156923076923
-0.06926030769230769
-0.043392
-0.003129230769230769
0.03421292307692308
0.04380923076923077
0.07009476923076922
0.09554584615384615
0.08740984615384616
0.06884307692307692
0.02357353846153846
-0.030040615384615384
-0.06675692307692307
-0.07489292307692308
-0.054657230769230764
-0.024616615384615383
0.0033378461538461535
0.015646153846153844
0.03671630769230769
0.03233538461538461
-0.009804923076923077
-0.07551876923076924
-0.1614683076923077
-0.1881710769230769
-0.15896492307692306
-0.09241661538461539
-0.016480615384615385
0.037967999999999995
0.08344615384615384
0.09909230769230769
0.10576799999999999
0.08344615384615384
0.029623384615384614
-0.037342153846153844
