-0.04214030769230769
-0.11140061538461538
-0.17148184615384612
-0.18942276923076923
-0.16230276923076925
-0.11327815384615383
-0.05507446153846154
-0.010639384615384617
0.03129230769230769
0.073224
0.08302892307692307
0.04672984615384615
-0.03588184615384615
-0.11223507692307692
-0.14749107692307692
-0.14060676923076923
-0.09179076923076923
-0.03442153846153846
0.01940123076923077
0.06717415384615384
0.10347323076923076
0.13247076923076923
0.12788123076923075
0.08761846153846153
0.029832
-0.026702769230769228
-0.04756430769230769
-0.03275261538461539
-0.0016689230769230767
0.02545107692307692
0.049233230769230765
0.08344615384615384
0.119328
0.13622584615384614
0.09950953846153845
0.014811692307692307
-0.06592246153846154
-0.10493353846153847
-0.09554584615384615
-0.05319692307692307
0.003755076923076923
0.05611753846153846
0.0934596923076923
0.11724184615384614
0.12558646153846154
0.09846646153846153
0.03567323076923076
-0.038176615384615385
-0.08240307692307691
-0.08574092307692306
-0.06592246153846154
-0.028371692307692306
0.008970461538461538
0.04839876923076923
0.08907876923076924
0.11640738461538462
0.10910584615384614
0.04318338461538461
-0.05298830769230769
-0.14311015384615386
-0.1860849230769231
-0.17461107692307692
-0.13226215384615383
-0.08177723076923075
-0.04985907692307692
0.0016689230769230767
0.05716061538461538
0.06529661538461538
0.024199384615384616
-0.05444861538461539
-0.12120553846153845
-0.15166338461538462
-0.13601723076923075
-0.09679753846153846
-0.07781353846153846
-0.06675692307692307
-0.053614153846153846
-0.008136
0.03775938461538462
0.030040615384615384
0.006049846153846154
-0.03442153846153846
-0.05611753846153846
-0.04318338461538461
-0.028163076923076923
-0.006675692307692307
0.0043809230769230765
0.026494153846153844
0.058829538461538454
0.07802215384615384
0.0963803076923077
0.0744756923076923
0.014185846153846153
-0.03838523076923077
-0.054657230769230764
-0.016897846153846156
0.03567323076923076
0.07802215384615384
0.10201292307692307
0.12266584615384615
0.14978584615384616
0.15875630769230767
0.14331876923076922
0.08845292307692308
0.021487384615384613
-0.02753723076923077
-0.042974769230769226
-0.020027076923076922
-0.009596307692307692
0.0012516923076923076
0.02086153846153846
0.058412307692307694
0.11703323076923078
0.13706030769230768
0.12329169230769231
0.07259815384615384
0.023364923076923075
0.01710646153846154
0.03629907692307692
0.06341907692307691
0.05528307692307692
0.02899753846153846
0.015228923076923076
0.021278769230769233
0.034630153846153845
0.03045784615384615
0.009804923076923077
-0.024199384615384616
-0.04193169230769231
-0.03045784615384615
-0.015854769230769228
-0.011473846153846154
-0.019192615384615384
-0.013560000000000001
0.008970461538461538
0.02357353846153846
0.020652923076923076
-0.009179076923076922
-0.03859384615384615
-0.04631261538461538
-0.040679999999999994
-0.018983999999999997
-0.011473846153846154
-0.021487384615384613
-0.013768615384615384
0.0016689230769230767
0.03838523076923077
0.07113784615384615
0.05820369230769231
0.015646153846153844
-0.027120000000000002
-0.04401784615384615
-0.042348923076923076
-0.02524246153846154
-0.032544
-0.051528
-0.04985907692307692
-0.015646153846153844
0.04631261538461538
0.06800861538461538
0.05590892307692308
0.018983999999999997
-0.010848
0.0
0.021070153846153846
0.02357353846153846
0.004798153846153846
-0.0004172307692307692
0.007510153846153846
0.03609046153846154
0.058829538461538454
0.046104
0.012934153846153845
-0.017940923076923077
-0.0008344615384615384
0.03859384615384615
0.05611753846153846
0.045895384615384616
0.02586830769230769
0.027120000000000002
0.041514461538461535
0.07051199999999999
0.08469784615384615
0.045895384615384616
-0.0043809230769230765
-0.040262769230769234
-0.03483876923076923
-0.002086153846153846
0.020027076923076922
0.05027630769230769
0.07802215384615384
0.11452984615384615
0.15187199999999998
0.15333230769230768
0.11286092307692308
0.04693846153846153
0.006049846153846154
-0.001043076923076923
0.021696
0.04672984615384615
0.03775938461538462
0.03066646153846154
0.031709538461538456
0.05486584615384615
0.08615815384615384
0.07656184615384615
0.054657230769230764
0.021070153846153846
0.002086153846153846
0.009804923076923077
0.014811692307692307
0.03108369230769231
0.027120000000000002
0.022947692307692308
0.0446436923076923
0.0717636923076923
0.09095630769230768
0.05945538461538461
0.003129230769230769
-0.03755076923076923
-0.042974769230769226
-0.006049846153846154
0.035464615384615386
0.06341907692307691
0.07572738461538461
0.08010830769230769
0.08907876923076924
0.08636676923076922
0.05090215384615384
-0.0022947692307692304
-0.04547815384615384
-0.062376
-0.046104
-0.016480615384615385
-0.0012516923076923076
0.005841230769230769
0.02545107692307692
0.04965046153846154
0.06613107692307692
0.05236246153846154
0.011473846153846154
-0.02273907692307692
-0.041514461538461535
-0.030875076923076922
