0.09512861538461538
0.07656184615384615
0.07906523076923076
0.07656184615384615
0.04735569230769231
0.010639384615384617
-0.0035464615384615383
0.014394461538461538
0.065088
0.11181784615384616
0.13101046153846155
0.12496061538461539
0.11745046153846153
0.119328
0.11432123076923076
0.09471138461538461
0.042557538461538466
-0.018775384615384614
-0.054657230769230764
-0.04088861538461538
0.016897846153846156
0.07969107692307692
0.12913292307692306
0.13935507692307691
0.13789476923076924
0.14290153846153844
0.12162276923076921
0.07614461538461538
0.0025033846153846152
-0.04756430769230769
-0.04547815384615384
-0.018358153846153843
0.034630153846153845
0.07468430769230769
0.10055261538461538
0.12767261538461538
0.15103753846153847
0.16418030769230768
0.13893784615384613
0.08198584615384615
0.003755076923076923
-0.04839876923076923
-0.042348923076923076
-0.003129230769230769
0.04380923076923077
0.06425353846153846
0.06154153846153846
0.06195876923076923
0.06863446153846153
0.05194523076923077
-0.008970461538461538
-0.09241661538461539
-0.14999446153846155
-0.1696043076923077
-0.1358086153846154
-0.056951999999999996
0.01272553846153846
0.06675692307692307
0.09304246153846155
0.09825784615384614
0.07218092307692307
-0.0018775384615384615
-0.08198584615384615
-0.13998092307692306
-0.16418030769230768
-0.12662953846153846
-0.03880246153846154
0.05757784615384615
0.13455692307692307
0.17169046153846151
0.19004861538461537
0.1712732307692308
0.092208
-0.007927384615384614
-0.08907876923076924
-0.12037107692307693
-0.10076123076923077
-0.03609046153846154
0.04965046153846154
0.12412615384615384
0.18149538461538461
0.2021483076923077
0.19338646153846153
0.15562707692307692
0.08219446153846154
-0.006467076923076923
-0.08699261538461538
-0.12642092307692307
-0.10138707692307691
-0.040679999999999994
0.021696
0.09012184615384615
0.14957723076923077
0.19025723076923076
0.19693292307692306
0.15667015384615385
0.06321046153846153
-0.03921969230769231
-0.100344
-0.10806276923076923
-0.058829538461538454
0.006049846153846154
0.06487938461538462
0.10159569230769232
0.12496061538461539
0.1368516923076923
0.11202646153846153
0.04819015384615385
-0.03024923076923077
-0.08761846153846153
-0.10576799999999999
-0.07468430769230769
-0.017523692307692306
0.04214030769230769
0.08866153846153846
0.12287446153846153
0.13518276923076925
0.10868861538461538
0.05611753846153846
-0.03275261538461539
-0.11035753846153845
-0.1435273846153846
-0.1424843076923077
-0.08991323076923076
-0.0446436923076923
-0.0018775384615384615
0.05736923076923077
0.09450276923076922
0.11473846153846154
0.10159569230769232
0.050067692307692306
-0.026076923076923077
-0.09909230769230769
-0.1136953846153846
-0.07843938461538462
-0.035255999999999996
0.0029206153846153843
0.037967999999999995
0.07969107692307692
0.11953661538461538
0.13622584615384614
0.10138707692307691
0.03275261538461539
-0.04735569230769231
-0.10201292307692307
-0.09095630769230768
-0.05757784615384615
-0.008344615384615384
0.05111076923076923
0.09825784615384614
0.13643446153846153
0.13309661538461537
0.0892873846153846
0.011891076923076923
-0.08469784615384615
-0.1397723076923077
-0.13643446153846153
-0.09012184615384615
-0.03212676923076923
0.022530461538461537
0.07739630769230768
0.12454338461538461
0.15959076923076923
0.16856123076923077
0.1435273846153846
0.07301538461538462
-0.012934153846153845
-0.06988615384615385
-0.08866153846153846
-0.086784
-0.073224
-0.04172307692307692
0.015437538461538461
0.07051199999999999
0.09033046153846153
0.07635323076923077
0.02044430769230769
-0.0446436923076923
-0.10201292307692307
-0.11348676923076922
-0.07927384615384615
-0.05653476923076922
-0.03692492307692308
-0.015228923076923076
0.015020307692307692
0.021487384615384613
-0.005215384615384615
-0.06383630769230769
-0.14164984615384615
-0.1881710769230769
-0.18399876923076922
-0.13330523076923076
-0.08824430769230769
-0.059664
-0.041514461538461535
-0.023364923076923075
0.02232184615384615
0.04109723076923077
0.01940123076923077
-0.029832
-0.09074769230769231
-0.10827138461538462
-0.10138707692307691
-0.07927384615384615
-0.06362769230769232
-0.06967753846153846
-0.05194523076923077
-0.023782153846153845
-0.004589538461538461
-0.008136
-0.04318338461538461
-0.09116492307692307
-0.12412615384615384
-0.10827138461538462
-0.06154153846153846
-0.022530461538461537
-0.00855323076923077
-0.006675692307692307
0.02357353846153846
0.059664
0.07155507692307693
0.04547815384615384
-0.02545107692307692
-0.0880356923076923
-0.10952307692307692
-0.08490646153846154
-0.04380923076923077
-0.016897846153846156
0.021487384615384613
0.07092923076923077
0.12412615384615384
0.16459753846153846
0.1570873846153846
0.11640738461538462
0.05611753846153846
0.03296123076923077
0.06446215384615385
0.10681107692307691
0.13706030769230768
0.12391753846153845
0.11035753846153845
0.10743692307692307
0.12391753846153845
