0.07927384615384615
0.08699261538461538
0.08574092307692306
0.09053907692307692
0.132888
0.1693956923076923
0.16647507692307692
0.1136953846153846
0.051319384615384614
0.02023569230769231
0.012516923076923077
0.02482523076923077
0.023782153846153845
0.020027076923076922
0.026494153846153844
0.03692492307692308
0.06759138461538462
0.07948246153846153
0.0609156923076923
0.027120000000000002
-0.002086153846153846
-0.005632615384615384
-0.0022947692307692304
0.0016689230769230767
0.006675692307692307
0.018358153846153843
0.03838523076923077
0.05924676923076923
0.06446215384615385
0.029206153846153847
-0.042348923076923076
-0.11035753846153845
-0.13852061538461538
-0.13080184615384613
-0.08907876923076924
-0.024408000000000003
0.03609046153846154
0.08615815384615384
0.11265230769230769
0.11181784615384616
0.07072061538461538
-0.008970461538461538
-0.09596307692307693
-0.15374953846153847
-0.14999446153846155
-0.10055261538461538
-0.032544
0.015854769230769228
0.040054153846153843
0.07030338461538461
0.08887015384615385
0.08115138461538463
0.052153846153846155
0.008136
-0.022947692307692308
-0.02899753846153846
-0.011891076923076923
0.02044430769230769
0.04756430769230769
0.07426707692307692
0.11578153846153846
0.15082892307692305
0.15333230769230768
0.11202646153846153
0.03337846153846154
-0.04735569230769231
-0.09596307692307693
-0.07906523076923076
-0.013768615384615384
0.06550523076923077
0.13184492307692308
0.18232984615384615
0.22467876923076924
0.22321846153846153
0.1696043076923077
0.07384984615384615
-0.021904615384615383
-0.06800861538461538
-0.06738276923076922
-0.02524246153846154
0.0448523076923077
0.11473846153846154
0.1779489230769231
0.22572184615384616
0.23510953846153848
0.20465169230769228
0.14164984615384615
0.03504738461538461
-0.06613107692307692
-0.08887015384615385
-0.04318338461538461
0.02273907692307692
0.09053907692307692
0.13726892307692307
0.16188553846153847
0.18545907692307692
0.17669723076923077
0.14582215384615385
0.0853236923076923
-0.007927384615384614
-0.058412307692307694
-0.05403138461538461
-0.010848
0.04109723076923077
0.08010830769230769
0.10848000000000001
0.12642092307692307
0.1368516923076923
0.10868861538461538
0.04547815384615384
-0.032544
-0.10743692307692307
-0.14144123076923076
-0.12788123076923075
-0.09325107692307691
-0.0448523076923077
0.0006258461538461538
0.02899753846153846
0.06654830769230768
0.07134646153846153
0.02524246153846154
-0.04860738461538461
-0.13080184615384613
-0.16793538461538463
-0.14978584615384616
-0.11265230769230769
-0.07343261538461537
-0.024199384615384616
0.005215384615384615
0.03066646153846154
0.041514461538461535
0.02232184615384615
-0.016480615384615385
-0.09095630769230768
-0.13121907692307694
-0.13101046153846155
-0.08907876923076924
-0.03588184615384615
-0.01856676923076923
0.003755076923076923
0.021278769230769233
0.04130584615384615
0.04944184615384615
0.024616615384615383
-0.02524246153846154
-0.06800861538461538
-0.06946892307692307
-0.054240000000000003
-0.037342153846153844
-0.019192615384615384
-0.006884307692307692
0.008136
0.03483876923076923
0.06070707692307692
0.07635323076923077
0.04693846153846153
-0.004798153846153846
-0.02586830769230769
-0.02524246153846154
-0.0004172307692307692
0.027328615384615382
0.051319384615384614
0.07197230769230768
0.09241661538461539
0.11411261538461538
0.11390399999999999
0.07948246153846153
0.01856676923076923
-0.02315630769230769
-0.026076923076923077
-0.009179076923076922
0.003755076923076923
-0.006675692307692307
-0.02023569230769231
-0.007510153846153846
0.011682461538461537
0.01856676923076923
0.006675692307692307
-0.017523692307692306
-0.056326153846153845
-0.09408553846153846
-0.08991323076923076
-0.07426707692307692
-0.07134646153846153
-0.07551876923076924
-0.05862092307692307
-0.03129230769230769
-0.017315076923076923
-0.007510153846153846
-0.031709538461538456
-0.07739630769230768
-0.11640738461538462
-0.1205796923076923
-0.09763200000000001
-0.06633969230769231
-0.03692492307692308
-0.02524246153846154
0.0
0.029623384615384614
0.045895384615384616
0.03755076923076923
-0.006049846153846154
-0.04318338461538461
-0.05298830769230769
-0.03379569230769231
-0.014603076923076923
-0.02273907692307692
-0.040679999999999994
-0.0448523076923077
-0.02753723076923077
-0.0029206153846153843
0.008136
-0.013351384615384614
-0.03838523076923077
-0.04693846153846153
-0.020652923076923076
0.01981846153846154
0.031918153846153846
0.03024923076923077
0.02586830769230769
0.049233230769230765
0.07635323076923077
0.0853236923076923
0.06613107692307692
0.018983999999999997
-0.012934153846153845
-0.026494153846153844
-0.010222153846153844
0.003963692307692307
0.015854769230769228
0.03337846153846154
0.05111076923076923
0.09784061538461537
0.12412615384615384
0.11494707692307692
0.07906523076923076
0.016897846153846156
-0.02232184615384615
-0.015020307692307692
0.0077187692307692304
0.023364923076923075
0.025033846153846153
0.02086153846153846
0.03713353846153846
