-0.09137353846153846
-0.040262769230769234
0.01043076923076923
0.03984553846153846
0.06967753846153846
0.08302892307692307
0.06154153846153846
0.02023569230769231
-0.05277969230769231
-0.119328
-0.16313723076923078
-0.165432
-0.12496061538461539
-0.08031692307692308
-0.03942830769230769
-0.016272
0.003755076923076923
0.023364923076923075
-0.005841230769230769
-0.06487938461538462
-0.11703323076923078
-0.15750461538461538
-0.14311015384615386
-0.09721476923076922
-0.045060923076923075
0.0043809230769230765
0.03421292307692308
0.05403138461538461
0.042974769230769226
0.01397723076923077
-0.03296123076923077
-0.0936683076923077
-0.12725538461538463
-0.119328
-0.07551876923076924
-0.022530461538461537
0.03212676923076923
0.0892873846153846
0.130176
0.13601723076923075
0.09784061538461537
0.035464615384615386
-0.037342153846153844
-0.08866153846153846
-0.08302892307692307
-0.04401784615384615
-0.006884307692307692
0.017940923076923077
0.047772923076923074
0.0828203076923077
0.10952307692307692
0.1289243076923077
0.1136953846153846
0.05757784615384615
0.0006258461538461538
-0.03379569230769231
-0.02899753846153846
-0.009804923076923077
0.015020307692307692
0.04652123076923077
0.078648
0.130176
0.16313723076923078
0.16230276923076925
0.12496061538461539
0.065088
0.02023569230769231
0.0
0.024199384615384616
0.05444861538461539
0.06571384615384615
0.07614461538461538
0.09033046153846153
0.11682461538461539
0.12558646153846154
0.09846646153846153
0.03671630769230769
-0.029206153846153847
-0.06571384615384615
-0.06946892307692307
-0.047772923076923074
-0.037342153846153844
-0.03045784615384615
-0.01940123076923077
0.009179076923076922
0.05111076923076923
0.04985907692307692
-0.0022947692307692304
-0.08386338461538462
-0.15604430769230768
-0.17419384615384614
-0.16021661538461537
-0.11807630769230769
-0.0717636923076923
-0.04547815384615384
-0.0043809230769230765
0.02482523076923077
0.05090215384615384
0.040262769230769234
-0.01981846153846154
-0.06759138461538462
-0.08344615384615384
-0.05716061538461538
-0.03337846153846154
-0.018358153846153843
-0.008761846153846153
-0.002086153846153846
0.03275261538461539
0.06988615384615385
0.08907876923076924
0.08365476923076923
0.03755076923076923
-0.006675692307692307
-0.021904615384615383
-0.0077187692307692304
0.02315630769230769
0.03984553846153846
0.05277969230769231
0.06821723076923077
0.100344
0.12350030769230769
0.103056
0.056951999999999996
0.003963692307692307
-0.01981846153846154
-0.021070153846153846
-0.016480615384615385
-0.002712
-0.005841230769230769
0.014394461538461538
0.05298830769230769
0.06905169230769231
0.073224
0.04214030769230769
0.005215384615384615
-0.012516923076923077
-0.003963692307692307
0.017940923076923077
0.026702769230769228
0.031918153846153846
0.03296123076923077
0.0448523076923077
0.06946892307692307
0.09262523076923077
0.07656184615384615
0.03859384615384615
0.006675692307692307
-0.020652923076923076
-0.02211323076923077
-0.018775384615384614
-0.013768615384615384
0.0043809230769230765
0.041514461538461535
0.10347323076923076
0.1489513846153846
0.14123261538461537
0.09491999999999999
0.040054153846153843
0.0035464615384615383
-0.006675692307692307
-0.008761846153846153
-0.009179076923076922
-0.0008344615384615384
0.02899753846153846
0.08428061538461538
0.13393107692307693
0.14164984615384615
0.09804923076923076
0.03629907692307692
-0.006675692307692307
-0.014185846153846153
0.0002086153846153846
0.016272
0.02023569230769231
0.015437538461538461
0.03421292307692308
0.05069353846153846
0.056951999999999996
0.04047138461538462
-0.012516923076923077
-0.045060923076923075
-0.045895384615384616
-0.028163076923076923
-0.005841230769230769
0.005424
0.011265230769230769
0.03942830769230769
0.08699261538461538
0.12516923076923075
0.12433476923076923
0.07009476923076922
0.0006258461538461538
-0.05111076923076923
-0.05674338461538461
-0.013142769230769229
0.020652923076923076
0.03024923076923077
0.05945538461538461
0.10618523076923077
0.14874276923076923
0.16334584615384617
0.12496061538461539
0.06884307692307692
0.016897846153846156
-0.01043076923076923
0.014394461538461538
0.03212676923076923
0.032544
0.034630153846153845
0.03629907692307692
0.06362769230769232
0.08490646153846154
0.0798996923076923
0.04672984615384615
0.001043076923076923
-0.01043076923076923
0.010848
0.04839876923076923
0.05820369230769231
0.038176615384615385
0.033169846153846154
0.02482523076923077
0.04172307692307692
0.052153846153846155
0.011682461538461537
-0.037967999999999995
-0.09012184615384615
-0.09304246153846155
-0.06967753846153846
-0.05277969230769231
-0.040262769230769234
-0.03483876923076923
-0.008344615384615384
0.010848
0.03358707692307692
0.04172307692307692
0.003963692307692307
-0.03504738461538461
-0.06571384615384615
-0.06654830769230768
-0.05319692307692307
-0.06529661538461538
-0.06300184615384616
-0.054240000000000003
