0.05111076923076923
0.04214030769230769
0.024199384615384616
0.028163076923076923
0.05111076923076923
0.07927384615384615
0.061124307692307686
0.07009476923076922
0.07948246153846153
0.08156861538461539
0.09450276923076922
0.07656184615384615
0.04902461538461538
-0.018983999999999997
-0.051528
-0.04318338461538461
-0.03504738461538461
-0.008344615384615384
-0.008970461538461538
0.024408000000000003
0.05444861538461539
0.06842584615384616
0.07426707692307692
0.01940123076923077
-0.025659692307692307
-0.07426707692307692
-0.09137353846153846
-0.05570030769230769
-0.029832
0.0008344615384615384
0.006467076923076923
0.023364923076923075
0.06654830769230768
0.07614461538461538
0.07030338461538461
0.020027076923076922
-0.03984553846153846
-0.0771876923076923
-0.08386338461538462
-0.03108369230769231
-0.0014603076923076922
0.025659692307692307
0.053614153846153846
0.09679753846153846
0.13226215384615383
0.08177723076923075
0.022530461538461537
-0.050067692307692306
-0.09596307692307693
-0.09304246153846155
-0.06300184615384616
0.010639384615384617
0.051528
0.08657538461538461
0.11286092307692308
0.11557292307692307
0.11974523076923077
0.08031692307692308
0.018775384615384614
-0.042557538461538466
-0.06070707692307692
-0.03379569230769231
0.0022947692307692304
0.06195876923076923
0.10660246153846153
0.14728246153846153
0.1706473846153846
0.16710092307692306
0.14978584615384616
0.06884307692307692
-0.022947692307692308
-0.08302892307692307
-0.08052553846153847
-0.028371692307692306
0.02044430769230769
0.08302892307692307
0.11828492307692307
0.15208061538461537
0.17273353846153844
0.1395636923076923
0.07802215384615384
-0.018983999999999997
-0.08198584615384615
-0.111192
-0.09262523076923077
-0.025659692307692307
0.024199384615384616
0.07489292307692308
0.0897046153846154
0.10347323076923076
0.09700615384615385
0.029414769230769227
-0.026494153846153844
-0.10555938461538462
-0.15687876923076924
-0.14811692307692306
-0.103056
-0.0077187692307692304
0.05757784615384615
0.11432123076923076
0.15875630769230767
0.16188553846153847
0.12725538461538463
0.02211323076923077
-0.07155507692307693
-0.14477907692307693
-0.16981292307692308
-0.12266584615384615
-0.07092923076923077
-0.006258461538461538
0.03609046153846154
0.07614461538461538
0.1151556923076923
0.11557292307692307
0.07739630769230768
-0.013142769230769229
-0.08010830769230769
-0.12370892307692308
-0.1449876923076923
-0.11870215384615385
-0.08386338461538462
-0.010013538461538461
0.05277969230769231
0.09158215384615384
0.10347323076923076
0.04568676923076923
-0.02315630769230769
-0.10389046153846154
-0.15145476923076923
-0.13706030769230768
-0.09846646153846153
-0.02586830769230769
0.03108369230769231
0.09450276923076922
0.15333230769230768
0.1570873846153846
0.143736
0.07510153846153846
-0.02044430769230769
-0.09304246153846155
-0.12037107692307693
-0.07405846153846153
-0.022947692307692308
0.011265230769230769
0.041514461538461535
0.06154153846153846
0.08198584615384615
0.08782707692307692
0.06821723076923077
0.00855323076923077
-0.07197230769230768
-0.12099692307692309
-0.12579507692307693
-0.0880356923076923
-0.042974769230769226
0.0035464615384615383
0.05403138461538461
0.10159569230769232
0.13121907692307694
0.10514215384615383
0.04839876923076923
-0.02482523076923077
-0.06988615384615385
-0.0798996923076923
-0.05674338461538461
-0.010848
0.012099692307692308
0.045895384615384616
0.08344615384615384
0.12767261538461538
0.13998092307692306
0.11202646153846153
0.05444861538461539
-0.02273907692307692
-0.054240000000000003
-0.052571076923076915
-0.024408000000000003
0.0029206153846153843
0.008761846153846153
0.00855323076923077
0.026494153846153844
0.04631261538461538
0.041514461538461535
-0.0070929230769230765
-0.0892873846153846
-0.127464
-0.111192
-0.07468430769230769
-0.053614153846153846
-0.037342153846153844
-0.024408000000000003
0.004798153846153846
0.054240000000000003
0.07927384615384615
0.07572738461538461
0.011891076923076923
-0.056326153846153845
-0.08177723076923075
-0.06216738461538462
-0.011891076923076923
0.021904615384615383
0.05069353846153846
0.07635323076923077
0.12120553846153845
0.15208061538461537
0.14978584615384616
0.1045163076923077
0.015646153846153844
-0.041514461538461535
-0.05444861538461539
-0.03108369230769231
0.01043076923076923
0.03108369230769231
0.042557538461538466
0.078648
0.10785415384615385
0.11202646153846153
0.09158215384615384
0.03129230769230769
-0.02753723076923077
-0.05403138461538461
-0.046104
-0.02086153846153846
-0.005424
0.004798153846153846
0.02482523076923077
0.05528307692307692
0.0828203076923077
0.08302892307692307
0.049233230769230765
-0.0012516923076923076
-0.032544
-0.022947692307692308
0.005841230769230769
0.03963692307692308
0.07301538461538462
0.10326461538461539
0.13768615384615385
0.17502830769230768
0.18921415384615384
0.15875630769230767
0.09930092307692308
0.03400430769230769
0.0
