0.04172307692307692
0.026285538461538457
-0.012934153846153845
-0.04547815384615384
-0.038176615384615385
-0.027745846153846152
-0.028788923076923077
-0.042974769230769226
-0.044435076923076924
-0.026702769230769228
0.0006258461538461538
0.030875076923076922
0.018775384615384614
-0.01814953846153846
-0.058829538461538454
-0.06946892307692307
-0.027328615384615382
0.01710646153846154
0.03400430769230769
0.02545107692307692
0.021696
0.030875076923076922
0.03963692307692308
0.03233538461538461
-0.006884307692307692
-0.05590892307692308
-0.08010830769230769
-0.06550523076923077
-0.035464615384615386
-0.021070153846153846
-0.016063384615384615
-0.0014603076923076922
0.031709538461538456
0.07405846153846153
0.10430769230769231
0.0892873846153846
0.03275261538461539
-0.0070929230769230765
-0.021278769230769233
-0.010639384615384617
0.002086153846153846
-0.0033378461538461535
0.011473846153846154
0.029623384615384614
0.046104
0.06008123076923077
0.04652123076923077
0.013351384615384614
-0.021904615384615383
-0.02273907692307692
0.005841230769230769
0.03588184615384615
0.05027630769230769
0.027745846153846152
0.0002086153846153846
-0.009804923076923077
-0.0016689230769230767
-0.0008344615384615384
-0.03629907692307692
-0.06633969230769231
-0.08240307692307691
-0.07739630769230768
-0.03963692307692308
-0.003129230769230769
0.004589538461538461
-0.015646153846153844
-0.013351384615384614
0.015646153846153844
0.033169846153846154
0.03233538461538461
0.020652923076923076
0.012934153846153845
0.025659692307692307
0.051528
0.07218092307692307
0.05674338461538461
0.005215384615384615
-0.03713353846153846
-0.042557538461538466
-0.004172307692307692
0.040679999999999994
0.05799507692307692
0.06216738461538462
0.08511507692307693
0.12704676923076924
0.15416676923076922
0.1504116923076923
0.11640738461538462
0.06341907692307691
0.03212676923076923
0.03609046153846154
0.055491692307692304
0.07739630769230768
0.08177723076923075
0.09074769230769231
0.11974523076923077
0.15562707692307692
0.18086953846153844
0.15750461538461538
0.0974233846153846
0.03671630769230769
0.012934153846153845
0.02795446153846154
0.05736923076923077
0.07885661538461539
0.0892873846153846
0.11035753846153845
0.12642092307692307
0.13789476923076924
0.11411261538461538
0.04735569230769231
-0.019609846153846155
-0.06571384615384615
-0.059664
-0.03713353846153846
-0.02023569230769231
0.0012516923076923076
0.026702769230769228
0.06988615384615385
0.11599015384615384
0.14060676923076923
0.09971815384615385
0.008970461538461538
-0.06884307692307692
-0.10618523076923077
-0.111192
-0.10743692307692307
-0.07739630769230768
-0.029623384615384614
0.03150092307692308
0.09700615384615385
0.11828492307692307
0.06988615384615385
-0.03233538461538461
-0.12162276923076921
-0.16105107692307694
-0.15082892307692305
-0.10785415384615385
-0.04756430769230769
0.012308307692307691
0.056951999999999996
0.09554584615384615
0.10618523076923077
0.06633969230769231
-0.003755076923076923
-0.06341907692307691
-0.10806276923076923
-0.11327815384615383
-0.07927384615384615
-0.03442153846153846
0.015020307692307692
0.05757784615384615
0.10827138461538462
0.13497415384615385
0.11640738461538462
0.045895384615384616
-0.03421292307692308
-0.09658892307692307
-0.138312
-0.11202646153846153
-0.05674338461538461
0.009804923076923077
0.06675692307692307
0.10201292307692307
0.14811692307692306
0.16042523076923076
0.1207883076923077
0.042557538461538466
-0.04985907692307692
-0.0934596923076923
-0.08115138461538463
-0.03921969230769231
0.010848
0.06967753846153846
0.12642092307692307
0.1637630769230769
0.19213476923076922
0.16438892307692307
0.09325107692307691
0.013768615384615384
-0.05298830769230769
-0.05736923076923077
-0.03609046153846154
0.014185846153846153
0.07405846153846153
0.11599015384615384
0.16876984615384616
0.1881710769230769
0.17461107692307692
0.10076123076923077
-0.006675692307692307
-0.07531015384615385
-0.1151556923076923
-0.08949599999999999
-0.022947692307692308
0.03483876923076923
0.07739630769230768
0.11494707692307692
0.1489513846153846
0.1502030769230769
0.11599015384615384
0.05069353846153846
-0.023782153846153845
-0.08177723076923075
-0.10514215384615383
-0.09179076923076923
-0.08094276923076923
-0.065088
-0.024616615384615383
0.017315076923076923
0.059872615384615385
0.07781353846153846
0.04318338461538461
-0.030040615384615384
-0.10368184615384615
-0.11953661538461538
-0.08448923076923077
-0.044435076923076924
-0.013560000000000001
0.013768615384615384
0.040054153846153843
0.06362769230769232
0.07781353846153846
0.061124307692307686
0.0077187692307692304
-0.05382276923076923
-0.07572738461538461
-0.05236246153846154
-0.010222153846153844
0.052153846153846155
0.09784061538461537
0.12037107692307693
0.14561353846153846
0.15124615384615384
0.12308307692307692
0.051319384615384614
-0.029414769230769227
-0.08177723076923075
-0.09179076923076923
-0.06946892307692307
-0.05048492307692308
-0.02795446153846154
-0.002712
0.02795446153846154
