-0.05674338461538461
-0.03901107692307692
-0.035255999999999996
-0.03713353846153846
-0.030040615384615384
-0.01272553846153846
0.02753723076923077
0.05736923076923077
0.04526953846153846
-0.013560000000000001
-0.08657538461538461
-0.12808984615384614
-0.127464
-0.10117846153846152
-0.08615815384615384
-0.06821723076923077
-0.019192615384615384
0.03024923076923077
0.07384984615384615
0.078648
0.028788923076923077
-0.029623384615384614
-0.07280676923076923
-0.07969107692307692
-0.06738276923076922
-0.06362769230769232
-0.06884307692307692
-0.05090215384615384
-0.0014603076923076922
0.04985907692307692
0.078648
0.06800861538461538
0.052153846153846155
0.03483876923076923
0.017523692307692306
0.023990769230769232
0.01981846153846154
0.011682461538461537
0.0025033846153846152
0.013351384615384614
0.07343261538461537
0.12099692307692309
0.13372246153846154
0.0828203076923077
0.012099692307692308
-0.0014603076923076922
0.017940923076923077
0.06279323076923077
0.06216738461538462
0.04547815384615384
0.059872615384615385
0.06633969230769231
0.09930092307692308
0.09158215384615384
0.05069353846153846
0.01814953846153846
-0.012934153846153845
0.0008344615384615384
0.016480615384615385
0.031918153846153846
0.035464615384615386
0.029414769230769227
0.04819015384615385
0.06675692307692307
0.09471138461538461
0.08740984615384616
0.05653476923076922
0.031709538461538456
0.003963692307692307
0.01272553846153846
0.010639384615384617
-0.01272553846153846
-0.03337846153846154
-0.04902461538461538
-0.02795446153846154
0.0008344615384615384
0.004589538461538461
-0.024616615384615383
-0.06592246153846154
-0.08135999999999999
-0.06946892307692307
-0.02858030769230769
-0.015854769230769228
-0.03358707692307692
-0.05277969230769231
-0.07384984615384615
-0.054240000000000003
-0.042974769230769226
-0.04839876923076923
-0.065088
-0.08219446153846154
-0.04672984615384615
-0.004172307692307692
0.04401784615384615
0.05173661538461538
0.009804923076923077
-0.0022947692307692304
-0.010639384615384617
-0.005841230769230769
-0.01668923076923077
-0.05277969230769231
-0.052153846153846155
-0.03066646153846154
0.006884307692307692
0.03024923076923077
0.03150092307692308
0.013351384615384614
-0.016063384615384615
-0.012308307692307691
0.008761846153846153
0.041514461538461535
0.03379569230769231
-0.010848
-0.02232184615384615
-0.03838523076923077
-0.03150092307692308
-0.022947692307692308
-0.058829538461538454
-0.078648
-0.0880356923076923
-0.059872615384615385
-0.019609846153846155
0.0008344615384615384
0.028163076923076923
0.04172307692307692
0.06487938461538462
0.09700615384615385
0.11327815384615383
0.07635323076923077
-0.0012516923076923076
-0.037342153846153844
-0.04547815384615384
-0.029623384615384614
0.011265230769230769
0.040262769230769234
0.061124307692307686
0.07697907692307693
0.11473846153846154
0.14018953846153845
0.10764553846153846
0.03838523076923077
-0.03880246153846154
-0.07238953846153846
-0.07364123076923076
-0.043392
-0.008761846153846153
-0.0025033846153846152
0.021487384615384613
0.046104
0.06216738461538462
0.06070707692307692
0.021070153846153846
-0.03629907692307692
-0.08198584615384615
-0.07823076923076923
-0.04109723076923077
0.006884307692307692
0.05069353846153846
0.08907876923076924
0.13267938461538462
0.13747753846153846
0.13309661538461537
0.10889723076923077
0.03379569230769231
-0.031709538461538456
-0.05111076923076923
0.0050067692307692304
0.0717636923076923
0.12725538461538463
0.17544553846153846
0.19818461538461538
0.21716861538461538
0.19964492307692308
0.1570873846153846
0.07572738461538461
-0.03838523076923077
-0.11286092307692308
-0.1314276923076923
-0.08720123076923077
-0.007301538461538462
0.06738276923076922
0.13205353846153844
0.1792006153846154
0.2059033846153846
0.18629353846153843
0.11995384615384615
0.044435076923076924
-0.026702769230769228
-0.058829538461538454
-0.065088
-0.04318338461538461
0.005215384615384615
0.0446436923076923
0.10576799999999999
0.15082892307692305
0.17544553846153846
0.16584923076923075
0.10493353846153847
0.03233538461538461
-0.03838523076923077
-0.04380923076923077
-0.02273907692307692
0.012308307692307691
0.06842584615384616
0.10493353846153847
0.1543753846153846
0.16876984615384616
0.14394461538461537
0.09179076923076923
-0.0043809230769230765
-0.086784
-0.12579507692307693
-0.11014892307692307
-0.06946892307692307
-0.016063384615384615
0.05611753846153846
0.10576799999999999
0.130176
0.11348676923076922
0.04756430769230769
-0.05528307692307692
-0.16251138461538459
-0.21487384615384614
-0.21654276923076923
-0.16480615384615382
-0.09575446153846154
-0.04193169230769231
0.02753723076923077
0.09262523076923077
0.12850707692307692
0.11494707692307692
0.050067692307692306
-0.03609046153846154
-0.11140061538461538
-0.13184492307692308
-0.09763200000000001
-0.042557538461538466
0.01710646153846154
0.08031692307692308
0.1476996923076923
0.18650215384615382
0.17440246153846153
0.10138707692307691
-0.013768615384615384
