0.0853236923076923
0.1151556923076923
0.10681107692307691
0.06425353846153846
-0.007301538461538462
-0.06571384615384615
-0.06571384615384615
-0.037967999999999995
-0.0043809230769230765
0.027328615384615382
0.05382276923076923
0.08511507692307693
0.1205796923076923
0.14436184615384615
0.10952307692307692
0.02273907692307692
-0.06258461538461538
-0.11432123076923076
-0.10597661538461538
-0.052153846153846155
0.021070153846153846
0.0961716923076923
0.14936861538461538
0.18983999999999998
0.2059033846153846
0.1693956923076923
0.08177723076923075
-0.024408000000000003
-0.07969107692307692
-0.06633969230769231
-0.01043076923076923
0.051319384615384614
0.09074769230769231
0.1205796923076923
0.14331876923076922
0.16710092307692306
0.1800350769230769
0.15792184615384616
0.0974233846153846
0.032544
-0.004172307692307692
0.0043809230769230765
0.042348923076923076
0.06049846153846154
0.0717636923076923
0.07927384615384615
0.10263876923076923
0.1207883076923077
0.09033046153846153
0.03483876923076923
-0.03609046153846154
-0.08574092307692306
-0.10159569230769232
-0.07197230769230768
-0.012516923076923077
0.023364923076923075
0.05319692307692307
0.08115138461538463
0.10535076923076922
0.11056615384615384
0.05799507692307692
-0.026702769230769228
-0.12350030769230769
-0.18483323076923078
-0.18879692307692306
-0.16418030769230768
-0.10555938461538462
-0.06571384615384615
-0.02858030769230769
0.03045784615384615
0.05298830769230769
0.03379569230769231
-0.027328615384615382
-0.10076123076923077
-0.14060676923076923
-0.13080184615384613
-0.09763200000000001
-0.06800861538461538
-0.04526953846153846
-0.021070153846153846
0.021278769230769233
0.05507446153846154
0.05945538461538461
0.028371692307692306
-0.020027076923076922
-0.059872615384615385
-0.07531015384615385
-0.05486584615384615
-0.025659692307692307
0.0008344615384615384
0.02482523076923077
0.07489292307692308
0.138312
0.17085599999999998
0.1652233846153846
0.11014892307692307
0.03984553846153846
-0.019192615384615384
-0.03859384615384615
-0.02023569230769231
0.0025033846153846152
0.02795446153846154
0.06070707692307692
0.10180430769230768
0.12767261538461538
0.12120553846153845
0.08115138461538463
0.008761846153846153
-0.06028984615384615
-0.08448923076923077
-0.08135999999999999
-0.06842584615384616
-0.053405538461538456
-0.03504738461538461
0.016063384615384615
0.07510153846153846
0.10535076923076922
0.08386338461538462
0.0043809230769230765
-0.08094276923076923
-0.12808984615384614
-0.11953661538461538
-0.08636676923076922
-0.06654830769230768
-0.044435076923076924
-0.015020307692307692
0.02795446153846154
0.06863446153846153
0.07092923076923077
0.03024923076923077
-0.03296123076923077
-0.07051199999999999
-0.07238953846153846
-0.06321046153846153
-0.04902461538461538
-0.03880246153846154
-0.025659692307692307
0.0022947692307692304
0.034630153846153845
0.041514461538461535
0.011891076923076923
-0.03358707692307692
-0.0853236923076923
-0.10263876923076923
-0.08824430769230769
-0.07051199999999999
-0.03442153846153846
0.0035464615384615383
0.05236246153846154
0.10722830769230769
0.13309661538461537
0.12099692307692309
0.05736923076923077
-0.034630153846153845
-0.09721476923076922
-0.10222153846153846
-0.07426707692307692
-0.051319384615384614
-0.03212676923076923
0.0002086153846153846
0.033169846153846154
0.07092923076923077
0.09930092307692308
0.078648
0.02211323076923077
-0.02315630769230769
-0.035255999999999996
-0.027745846153846152
-0.019192615384615384
-0.02482523076923077
-0.015646153846153844
0.013560000000000001
0.04902461538461538
0.073224
0.056951999999999996
0.021904615384615383
-0.017315076923076923
-0.03337846153846154
-0.013768615384615384
0.009387692307692307
0.03024923076923077
0.047772923076923074
0.07238953846153846
0.10806276923076923
0.13226215384615383
0.13643446153846153
0.10472492307692308
0.058829538461538454
0.03775938461538462
0.03692492307692308
0.052153846153846155
0.06633969230769231
0.056326153846153845
0.044435076923076924
0.05277969230769231
0.07802215384615384
0.09596307692307693
0.07092923076923077
0.014185846153846153
-0.027745846153846152
-0.01856676923076923
0.010639384615384617
0.04547815384615384
0.06154153846153846
0.045060923076923075
0.042974769230769226
0.0448523076923077
0.05382276923076923
0.031709538461538456
-0.03337846153846154
-0.08907876923076924
-0.1178676923076923
-0.10076123076923077
-0.06195876923076923
-0.03066646153846154
-0.02044430769230769
0.0
0.042974769230769226
0.07572738461538461
0.08574092307692306
0.055491692307692304
0.009387692307692307
-0.03150092307692308
-0.047772923076923074
-0.029206153846153847
-0.02044430769230769
-0.04860738461538461
-0.07635323076923077
-0.07259815384615384
-0.0446436923076923
-0.011891076923076923
-0.006258461538461538
-0.02211323076923077
-0.050067692307692306
-0.04547815384615384
0.0050067692307692304
0.05674338461538461
0.07134646153846153
0.04839876923076923
0.031709538461538456
0.030875076923076922
0.0446436923076923
0.045895384615384616
0.026285538461538457
