-0.04819015384615385
-0.013560000000000001
0.031709538461538456
0.08448923076923077
0.13518276923076925
0.13601723076923075
0.08991323076923076
0.02357353846153846
-0.02795446153846154
-0.03609046153846154
-0.008761846153846153
0.021278769230769233
0.03275261538461539
0.04944184615384615
0.07948246153846153
0.09784061538461537
0.09116492307692307
0.04944184615384615
-0.016272
-0.06571384615384615
-0.06404492307692307
-0.027120000000000002
0.006467076923076923
0.028788923076923077
0.024616615384615383
0.02232184615384615
0.04088861538461538
0.048816000000000005
0.03775938461538462
-0.010848
-0.06300184615384616
-0.08010830769230769
-0.06300184615384616
-0.014603076923076923
0.013560000000000001
0.02044430769230769
0.012934153846153845
0.003755076923076923
0.024408000000000003
0.01940123076923077
-0.020652923076923076
-0.06800861538461538
-0.09700615384615385
-0.08073415384615384
-0.04902461538461538
-0.012308307692307691
0.0014603076923076922
-0.021278769230769233
-0.04193169230769231
-0.031918153846153846
0.005215384615384615
0.031709538461538456
0.03400430769230769
0.02753723076923077
0.028163076923076923
0.051528
0.07843938461538462
0.06049846153846154
0.01397723076923077
-0.03567323076923076
-0.05674338461538461
-0.04631261538461538
-0.03337846153846154
-0.003963692307692307
0.02044430769230769
0.05194523076923077
0.09533723076923077
0.13852061538461538
0.14018953846153845
0.09700615384615385
0.049233230769230765
-0.003755076923076923
-0.017315076923076923
-0.004798153846153846
0.01981846153846154
0.05048492307692308
0.07197230769230768
0.09533723076923077
0.10514215384615383
0.09971815384615385
0.06800861538461538
0.022530461538461537
-0.006258461538461538
0.0004172307692307692
0.029623384615384614
0.06008123076923077
0.07259815384615384
0.07155507692307693
0.07551876923076924
0.07656184615384615
0.0892873846153846
0.07092923076923077
0.003963692307692307
-0.065088
-0.11056615384615384
-0.11870215384615385
-0.10096984615384616
-0.06216738461538462
-0.025659692307692307
0.014603076923076923
0.06300184615384616
0.08490646153846154
0.06258461538461538
-0.01272553846153846
-0.09283384615384616
-0.14206707692307693
-0.15291507692307693
-0.11223507692307692
-0.046104
0.01043076923076923
0.05236246153846154
0.08031692307692308
0.0828203076923077
0.06133292307692308
-0.0006258461538461538
-0.07906523076923076
-0.1422756923076923
-0.16480615384615382
-0.13372246153846154
-0.09283384615384616
-0.04735569230769231
-0.006884307692307692
0.029832
0.06529661538461538
0.08052553846153847
0.053405538461538456
-0.014394461538461538
-0.08135999999999999
-0.11828492307692307
-0.11181784615384616
-0.09199938461538461
-0.06341907692307691
-0.04088861538461538
-0.034630153846153845
-0.0043809230769230765
0.03671630769230769
0.059664
0.028788923076923077
-0.03775938461538462
-0.08177723076923075
-0.0897046153846154
-0.05570030769230769
-0.008970461538461538
0.03442153846153846
0.07697907692307693
0.11035753846153845
0.13998092307692306
0.13998092307692306
0.0826116923076923
0.005424
-0.05674338461538461
-0.10138707692307691
-0.09658892307692307
-0.033169846153846154
0.04318338461538461
0.10243015384615384
0.14519630769230768
0.16063384615384615
0.1449876923076923
0.09325107692307691
0.0025033846153846152
-0.08511507692307693
-0.15291507692307693
-0.1570873846153846
-0.09971815384615385
-0.043392
0.01272553846153846
0.04965046153846154
0.07468430769230769
0.0988836923076923
0.10368184615384615
0.06988615384615385
-0.015854769230769228
-0.09596307692307693
-0.1353913846153846
-0.12683815384615382
-0.08177723076923075
-0.021278769230769233
0.047981538461538464
0.09825784615384614
0.1397723076923077
0.15833907692307692
0.12350030769230769
0.04526953846153846
-0.051319384615384614
-0.11828492307692307
-0.12934153846153845
-0.09554584615384615
-0.04756430769230769
-0.013142769230769229
0.024408000000000003
0.06759138461538462
0.09116492307692307
0.07948246153846153
0.019192615384615384
-0.049233230769230765
-0.10743692307692307
-0.13434830769230768
-0.09971815384615385
-0.043392
0.015228923076923076
0.059872615384615385
0.08699261538461538
0.10764553846153846
0.10555938461538462
0.07301538461538462
0.014185846153846153
-0.04631261538461538
-0.06842584615384616
-0.03567323076923076
0.018983999999999997
0.06195876923076923
0.10368184615384615
0.14164984615384615
0.17023015384615386
0.18900553846153845
0.17231630769230769
0.11870215384615385
0.044435076923076924
-0.002086153846153846
0.002086153846153846
0.034630153846153845
0.07092923076923077
0.08428061538461538
0.09867507692307692
0.12516923076923075
0.15374953846153847
0.14936861538461538
0.09804923076923076
0.026911384615384615
-0.042348923076923076
-0.05194523076923077
-0.0008344615384615384
0.06654830769230768
0.11181784615384616
0.11473846153846154
0.10263876923076923
0.10222153846153846
0.09387692307692307
0.04819015384615385
-0.007927384615384614
-0.05611753846153846
-0.061124307692307686
-0.02524246153846154
