0.030875076923076922
0.05236246153846154
0.06842584615384616
0.0855323076923077
0.10910584615384614
0.09053907692307692
0.03400430769230769
-0.03609046153846154
-0.06905169230769231
-0.050067692307692306
-0.02482523076923077
0.004589538461538461
0.030875076923076922
0.053405538461538456
0.08177723076923075
0.09950953846153845
0.08031692307692308
0.016063384615384615
-0.06216738461538462
-0.1045163076923077
-0.09262523076923077
-0.05444861538461539
-0.02357353846153846
-0.0022947692307692304
0.009179076923076922
0.037967999999999995
0.07843938461538462
0.10117846153846152
0.09179076923076923
0.03483876923076923
-0.006884307692307692
-0.02753723076923077
-0.03671630769230769
-0.02482523076923077
-0.030040615384615384
-0.02482523076923077
0.004589538461538461
0.04714707692307692
0.09325107692307691
0.10806276923076923
0.07739630769230768
0.006258461538461538
-0.054657230769230764
-0.06049846153846154
-0.03880246153846154
-0.011473846153846154
0.01043076923076923
0.024199384615384616
0.05403138461538461
0.08302892307692307
0.09930092307692308
0.08177723076923075
0.02211323076923077
-0.045060923076923075
-0.07259815384615384
-0.04380923076923077
-0.029206153846153847
-0.015646153846153844
0.00855323076923077
0.028788923076923077
0.08302892307692307
0.119328
0.12204
0.09033046153846153
0.02545107692307692
-0.011056615384615385
-0.021278769230769233
-0.012099692307692308
0.005424
0.012934153846153845
0.03045784615384615
0.06633969230769231
0.10618523076923077
0.12329169230769231
0.07614461538461538
0.004172307692307692
-0.03650769230769231
-0.05799507692307692
-0.03921969230769231
-0.01668923076923077
-0.009596307692307692
0.004798153846153846
0.018775384615384614
0.06070707692307692
0.09325107692307691
0.0936683076923077
0.05382276923076923
-0.02044430769230769
-0.065088
-0.07656184615384615
-0.061124307692307686
-0.04193169230769231
-0.02273907692307692
0.014185846153846153
0.05653476923076922
0.092208
0.09596307692307693
0.05924676923076923
-0.006049846153846154
-0.05486584615384615
-0.058412307692307694
-0.044435076923076924
-0.03859384615384615
-0.04568676923076923
-0.040054153846153843
-0.018983999999999997
0.0012516923076923076
0.01940123076923077
0.009596307692307692
-0.03212676923076923
-0.06905169230769231
-0.08469784615384615
-0.08115138461538463
-0.06884307692307692
-0.08135999999999999
-0.09074769230769231
-0.06759138461538462
-0.016063384615384615
0.047981538461538464
0.061124307692307686
0.018775384615384614
-0.03942830769230769
-0.0853236923076923
-0.0988836923076923
-0.08344615384615384
-0.06926030769230769
-0.06717415384615384
-0.05590892307692308
-0.003755076923076923
0.073224
0.10472492307692308
0.08365476923076923
0.035255999999999996
-0.015437538461538461
-0.02795446153846154
-0.015854769230769228
0.003963692307692307
0.013560000000000001
0.011473846153846154
0.02273907692307692
0.03337846153846154
0.0717636923076923
0.08845292307692308
0.05653476923076922
-0.0014603076923076922
-0.051319384615384614
-0.037967999999999995
-0.029414769230769227
-0.01856676923076923
-0.021278769230769233
-0.029832
0.007510153846153846
0.03880246153846154
0.05611753846153846
0.008344615384615384
-0.06008123076923077
-0.0934596923076923
-0.111192
-0.07384984615384615
-0.05319692307692307
-0.03838523076923077
-0.014811692307692307
-0.0070929230769230765
0.04318338461538461
0.06404492307692307
0.04819015384615385
0.016480615384615385
-0.024408000000000003
-0.031918153846153846
-0.021070153846153846
0.01940123076923077
0.03024923076923077
0.016063384615384615
0.01668923076923077
0.012934153846153845
0.03880246153846154
0.03755076923076923
-0.002712
-0.03609046153846154
-0.05528307692307692
-0.026494153846153844
0.010848
0.026285538461538457
0.016897846153846156
-0.0033378461538461535
-0.002086153846153846
0.008136
0.027120000000000002
0.01814953846153846
-0.019192615384615384
-0.018983999999999997
-0.009804923076923077
0.018983999999999997
0.06028984615384615
0.06946892307692307
0.06028984615384615
0.040679999999999994
0.05674338461538461
0.08115138461538463
0.07739630769230768
0.04756430769230769
0.018983999999999997
0.01940123076923077
0.026702769230769228
0.05611753846153846
0.06216738461538462
0.042557538461538466
0.032544
0.01856676923076923
0.03504738461538461
0.05382276923076923
0.047981538461538464
0.034630153846153845
0.013560000000000001
0.028788923076923077
0.055491692307692304
0.05945538461538461
0.031918153846153846
-0.040679999999999994
-0.07697907692307693
-0.08010830769230769
-0.06404492307692307
-0.029623384615384614
-0.012099692307692308
0.008970461538461538
0.021696
0.05382276923076923
0.0880356923076923
0.07635323076923077
0.029623384615384614
-0.020652923076923076
-0.02524246153846154
-0.021070153846153846
0.0025033846153846152
0.040679999999999994
0.056326153846153845
0.08240307692307691
0.09283384615384616
0.11348676923076922
0.100344
0.02899753846153846
-0.032544
-0.10055261538461538
-0.09992676923076924
