-0.06571384615384615
-0.0446436923076923
-0.004589538461538461
0.03483876923076923
0.061124307692307686
0.06425353846153846
0.07531015384615385
0.10076123076923077
0.10639384615384614
0.0853236923076923
0.03483876923076923
-0.02044430769230769
-0.037967999999999995
-0.028163076923076923
-0.006258461538461538
0.013768615384615384
0.029832
0.04547815384615384
0.07823076923076923
0.11202646153846153
0.10597661538461538
0.06362769230769232
0.014394461538461538
0.002086153846153846
0.02545107692307692
0.05611753846153846
0.06988615384615385
0.07531015384615385
0.08636676923076922
0.10368184615384615
0.12266584615384615
0.12120553846153845
0.08323753846153846
0.016272
-0.03045784615384615
-0.040054153846153843
-0.00855323076923077
0.040262769230769234
0.07760492307692309
0.10618523076923077
0.12120553846153845
0.13309661538461537
0.12204
0.08344615384615384
0.021487384615384613
-0.049233230769230765
-0.07572738461538461
-0.06446215384615385
-0.026285538461538457
0.006258461538461538
0.01272553846153846
0.02482523076923077
0.051528
0.08219446153846154
0.07301538461538462
0.03275261538461539
-0.02086153846153846
-0.05528307692307692
-0.047981538461538464
-0.025033846153846153
-0.007301538461538462
-0.01668923076923077
-0.005841230769230769
0.03400430769230769
0.07781353846153846
0.11452984615384615
0.09471138461538461
0.03337846153846154
-0.026494153846153844
-0.04965046153846154
-0.040262769230769234
-0.028788923076923077
-0.008344615384615384
0.008344615384615384
0.03129230769230769
0.061750153846153844
0.0855323076923077
0.06842584615384616
0.004172307692307692
-0.06154153846153846
-0.10201292307692307
-0.08198584615384615
-0.042557538461538466
-0.01856676923076923
0.0004172307692307692
0.018358153846153843
0.047981538461538464
0.08135999999999999
0.10159569230769232
0.07259815384615384
0.015020307692307692
-0.03337846153846154
-0.04401784615384615
-0.011265230769230769
0.017732307692307693
0.023782153846153845
0.008344615384615384
-0.0043809230769230765
0.001043076923076923
0.030875076923076922
0.04693846153846153
0.027328615384615382
0.006049846153846154
0.005841230769230769
0.040054153846153843
0.05570030769230769
0.054240000000000003
0.03609046153846154
0.010639384615384617
0.016063384615384615
0.02586830769230769
0.03755076923076923
0.008970461538461538
-0.03963692307692308
-0.06446215384615385
-0.07030338461538461
-0.040262769230769234
-0.03150092307692308
-0.050067692307692306
-0.05570030769230769
-0.052153846153846155
-0.03045784615384615
0.0014603076923076922
0.004589538461538461
-0.015228923076923076
-0.03275261538461539
-0.026494153846153844
0.01043076923076923
0.03713353846153846
0.03609046153846154
-0.0025033846153846152
-0.04672984615384615
-0.06529661538461538
-0.058829538461538454
-0.047981538461538464
-0.058412307692307694
-0.07134646153846153
-0.0678
-0.029832
0.021487384615384613
0.04735569230769231
0.03567323076923076
-0.006675692307692307
-0.03233538461538461
-0.026285538461538457
-0.009387692307692307
0.008344615384615384
0.0035464615384615383
-0.001043076923076923
0.020652923076923076
0.04839876923076923
0.05945538461538461
0.037967999999999995
-0.006884307692307692
-0.03984553846153846
-0.03483876923076923
-0.0002086153846153846
0.037967999999999995
0.04860738461538461
0.05528307692307692
0.06717415384615384
0.07781353846153846
0.09930092307692308
0.08469784615384615
0.03629907692307692
-0.02795446153846154
-0.07802215384615384
-0.07697907692307693
-0.06279323076923077
-0.03880246153846154
-0.01272553846153846
0.024616615384615383
0.06133292307692308
0.07677046153846154
0.07781353846153846
0.016063384615384615
-0.06654830769230768
-0.13184492307692308
-0.15562707692307692
-0.12579507692307693
-0.09491999999999999
-0.03275261538461539
0.026702769230769228
0.059664
0.07885661538461539
0.06633969230769231
0.028371692307692306
-0.04985907692307692
-0.10576799999999999
-0.11265230769230769
-0.07906523076923076
-0.015646153846153844
0.02586830769230769
0.046104
0.062376
0.08636676923076922
0.10555938461538462
0.09283384615384616
0.04380923076923077
-0.022530461538461537
-0.07510153846153846
-0.08240307692307691
-0.06383630769230769
-0.03609046153846154
-0.012308307692307691
0.009596307692307692
0.03650769230769231
0.044435076923076924
0.04214030769230769
0.0035464615384615383
-0.05236246153846154
-0.10514215384615383
-0.11327815384615383
-0.06967753846153846
-0.05069353846153846
-0.012934153846153845
0.021070153846153846
0.06154153846153846
0.10660246153846153
0.09804923076923076
0.05757784615384615
-0.023990769230769232
-0.09199938461538461
-0.11995384615384615
-0.09846646153846153
-0.03755076923076923
0.03650769230769231
0.10243015384615384
0.12788123076923075
0.14144123076923076
0.14811692307692306
0.13476553846153844
0.07364123076923076
-0.009179076923076922
-0.05319692307692307
-0.04631261538461538
-0.002086153846153846
0.0446436923076923
0.07197230769230768
0.08740984615384616
0.09471138461538461
0.10222153846153846
0.09950953846153845
0.06613107692307692
