-0.06675692307692307
-0.03483876923076923
-0.014811692307692307
-0.00855323076923077
0.02044430769230769
0.06195876923076923
0.09554584615384615
0.09179076923076923
0.03504738461538461
-0.019192615384615384
-0.05590892307692308
-0.05611753846153846
-0.022947692307692308
0.0043809230769230765
0.021904615384615383
0.04380923076923077
0.09074769230769231
0.14436184615384615
0.16418030769230768
0.12955015384615384
0.05757784615384615
-0.012934153846153845
-0.05653476923076922
-0.05590892307692308
-0.03400430769230769
-0.020652923076923076
0.0035464615384615383
0.053614153846153846
0.116616
0.15771323076923077
0.14519630769230768
0.07927384615384615
-0.006675692307692307
-0.05820369230769231
-0.06404492307692307
-0.04902461538461538
-0.03483876923076923
-0.031709538461538456
-0.007510153846153846
0.044435076923076924
0.08824430769230769
0.11891076923076922
0.10263876923076923
0.040679999999999994
-0.005424
-0.025659692307692307
-0.015646153846153844
-0.0012516923076923076
-0.0043809230769230765
0.001043076923076923
0.013768615384615384
0.03379569230769231
0.06216738461538462
0.06988615384615385
0.03504738461538461
-0.021278769230769233
-0.053614153846153846
-0.05486584615384615
-0.04380923076923077
-0.045895384615384616
-0.053614153846153846
-0.026702769230769228
0.012099692307692308
0.06154153846153846
0.08010830769230769
0.03400430769230769
-0.020027076923076922
-0.07238953846153846
-0.07927384615384615
-0.05799507692307692
-0.06675692307692307
-0.06759138461538462
-0.05194523076923077
-0.007510153846153846
0.04839876923076923
0.06487938461538462
0.03901107692307692
-0.017732307692307693
-0.04965046153846154
-0.05298830769230769
-0.03108369230769231
0.015646153846153844
0.02899753846153846
0.040679999999999994
0.051319384615384614
0.06759138461538462
0.0988836923076923
0.09158215384615384
0.05924676923076923
0.0012516923076923076
-0.03150092307692308
-0.01397723076923077
0.011473846153846154
0.021487384615384613
0.008344615384615384
0.029832
0.07969107692307692
0.13059323076923077
0.1506203076923077
0.10180430769230768
0.032544
-0.01814953846153846
-0.020027076923076922
0.0022947692307692304
0.010222153846153844
0.009179076923076922
-0.009387692307692307
0.012099692307692308
0.06633969230769231
0.09491999999999999
0.08740984615384616
0.0448523076923077
0.0016689230769230767
-0.016480615384615385
0.0018775384615384615
0.040679999999999994
0.06487938461538462
0.059872615384615385
0.05111076923076923
0.07197230769230768
0.08657538461538461
0.05924676923076923
0.005841230769230769
-0.06529661538461538
-0.10055261538461538
-0.08198584615384615
-0.04276615384615385
-0.011682461538461537
-0.021487384615384613
-0.03755076923076923
-0.04172307692307692
-0.015228923076923076
0.019192615384615384
0.02044430769230769
0.0029206153846153843
-0.03921969230769231
-0.06216738461538462
-0.04088861538461538
-0.010222153846153844
-0.0035464615384615383
-0.03713353846153846
-0.053614153846153846
-0.03567323076923076
0.0006258461538461538
0.028371692307692306
0.002086153846153846
-0.030875076923076922
-0.04714707692307692
-0.03504738461538461
0.019609846153846155
0.058412307692307694
0.06988615384615385
0.053614153846153846
0.027328615384615382
0.02795446153846154
0.023782153846153845
0.021278769230769233
0.006467076923076923
-0.012099692307692308
0.0050067692307692304
0.025033846153846153
0.053614153846153846
0.04193169230769231
-0.0043809230769230765
-0.03358707692307692
-0.05486584615384615
-0.05173661538461538
-0.03629907692307692
-0.018358153846153843
-0.02273907692307692
-0.023364923076923075
0.01710646153846154
0.05111076923076923
0.056951999999999996
0.024616615384615383
-0.014185846153846153
-0.03901107692307692
-0.051528
-0.019609846153846155
0.010013538461538461
0.02858030769230769
0.03838523076923077
0.054657230769230764
0.09053907692307692
0.08386338461538462
0.05069353846153846
-0.010013538461538461
-0.05570030769230769
-0.04318338461538461
-0.02858030769230769
0.007510153846153846
0.03901107692307692
0.05277969230769231
0.08824430769230769
0.09554584615384615
0.086784
0.042348923076923076
-0.029414769230769227
-0.06279323076923077
-0.07092923076923077
-0.045895384615384616
-0.026285538461538457
0.01043076923076923
0.0609156923076923
0.07843938461538462
0.10159569230769232
0.10180430769230768
0.084072
0.028371692307692306
-0.047772923076923074
-0.07384984615384615
-0.06863446153846153
-0.035464615384615386
-0.0008344615384615384
0.037967999999999995
0.07614461538461538
0.100344
0.12725538461538463
0.11557292307692307
0.065088
0.0006258461538461538
-0.05945538461538461
-0.084072
-0.07238953846153846
-0.02586830769230769
0.017315076923076923
0.04819015384615385
0.09763200000000001
0.13664307692307692
0.1449876923076923
0.0974233846153846
0.017523692307692306
-0.047772923076923074
-0.08949599999999999
-0.07134646153846153
-0.024408000000000003
0.03233538461538461
0.0936683076923077
0.13893784615384613
0.17461107692307692
0.1718990769230769
0.13330523076923076
0.059038153846153844
-0.035464615384615386
