0.025033846153846153
-0.017940923076923077
-0.03045784615384615
-0.008970461538461538
0.029206153846153847
0.05736923076923077
0.07572738461538461
0.09658892307692307
0.12725538461538463
0.13872923076923074
0.10827138461538462
0.046104
-0.005215384615384615
-0.02086153846153846
-0.012934153846153845
0.019609846153846155
0.06967753846153846
0.10681107692307691
0.12725538461538463
0.127464
0.12308307692307692
0.09700615384615385
0.026494153846153844
-0.046104
-0.11140061538461538
-0.12037107692307693
-0.059038153846153844
0.02858030769230769
0.11014892307692307
0.16334584615384617
0.20339999999999997
0.19735015384615384
0.13664307692307692
0.035464615384615386
-0.0798996923076923
-0.16167692307692308
-0.18253846153846154
-0.12370892307692308
-0.026285538461538457
0.07405846153846153
0.14874276923076923
0.18149538461538461
0.1856676923076923
0.15646153846153846
0.0892873846153846
-0.008136
-0.09825784615384614
-0.16209415384615386
-0.17669723076923077
-0.13059323076923077
-0.05924676923076923
0.010639384615384617
0.06571384615384615
0.11244369230769231
0.14290153846153844
0.1397723076923077
0.09074769230769231
0.019609846153846155
-0.03609046153846154
-0.07510153846153846
-0.08240307692307691
-0.06738276923076922
-0.045895384615384616
-0.017523692307692306
0.023990769230769232
0.05757784615384615
0.06550523076923077
0.06341907692307691
0.02545107692307692
-0.023782153846153845
-0.06383630769230769
-0.06133292307692308
-0.008136
0.02545107692307692
0.059664
0.07969107692307692
0.10430769230769231
0.12204
0.09825784615384614
0.05924676923076923
-0.013142769230769229
-0.05778646153846154
-0.06279323076923077
-0.037342153846153844
0.015646153846153844
0.06258461538461538
0.11891076923076922
0.15124615384615384
0.15646153846153846
0.138312
0.08636676923076922
0.01856676923076923
-0.034630153846153845
-0.03129230769230769
0.0018775384615384615
0.04652123076923077
0.08386338461538462
0.10055261538461538
0.12266584615384615
0.12245723076923076
0.11223507692307692
0.09074769230769231
0.043600615384615383
0.007510153846153846
-0.024616615384615383
-0.006258461538461538
0.02586830769230769
0.024199384615384616
0.022530461538461537
0.010222153846153844
0.02753723076923077
0.03921969230769231
0.02899753846153846
0.010639384615384617
-0.03880246153846154
-0.06759138461538462
-0.08511507692307693
-0.078648
-0.042557538461538466
-0.03588184615384615
-0.04088861538461538
-0.04088861538461538
-0.02023569230769231
-0.0016689230769230767
-0.02524246153846154
-0.07030338461538461
-0.12934153846153845
-0.15625292307692307
-0.13309661538461537
-0.0934596923076923
-0.054657230769230764
-0.045895384615384616
-0.04380923076923077
-0.022530461538461537
0.004172307692307692
0.021487384615384613
-0.013142769230769229
-0.06633969230769231
-0.0974233846153846
-0.09930092307692308
-0.06529661538461538
-0.03400430769230769
-0.014394461538461538
-0.014394461538461538
0.00855323076923077
0.055491692307692304
0.07092923076923077
0.06362769230769232
0.026494153846153844
-0.014394461538461538
-0.027745846153846152
-0.018775384615384614
0.0025033846153846152
0.01814953846153846
0.022530461538461537
0.02899753846153846
0.05277969230769231
0.0798996923076923
0.08177723076923075
0.04756430769230769
0.003755076923076923
-0.03400430769230769
-0.04631261538461538
-0.026494153846153844
0.0002086153846153846
0.021278769230769233
0.029623384615384614
0.045060923076923075
0.07843938461538462
0.1028473846153846
0.09095630769230768
0.05236246153846154
-0.0002086153846153846
-0.03901107692307692
-0.048816000000000005
-0.051319384615384614
-0.053614153846153846
-0.07197230769230768
-0.06362769230769232
-0.040054153846153843
-0.016480615384615385
0.0022947692307692304
-0.021070153846153846
-0.042557538461538466
-0.05507446153846154
-0.04401784615384615
-0.02044430769230769
-0.02044430769230769
-0.02858030769230769
-0.04693846153846153
-0.03921969230769231
-0.006675692307692307
0.006675692307692307
0.001043076923076923
-0.030040615384615384
-0.06133292307692308
-0.07426707692307692
-0.08740984615384616
-0.08490646153846154
-0.06926030769230769
-0.06383630769230769
-0.03275261538461539
0.023782153846153845
0.06905169230769231
0.08782707692307692
0.04902461538461538
-0.005215384615384615
-0.024199384615384616
-0.022947692307692308
-0.013768615384615384
-0.017940923076923077
-0.04276615384615385
-0.05736923076923077
-0.05862092307692307
-0.042974769230769226
-0.021904615384615383
-0.030040615384615384
-0.04756430769230769
-0.05444861538461539
-0.03275261538461539
-0.006258461538461538
-0.0025033846153846152
-0.0016689230769230767
0.0029206153846153843
0.03379569230769231
0.06341907692307691
0.08365476923076923
0.0853236923076923
0.04568676923076923
0.0029206153846153843
-0.026702769230769228
-0.011473846153846154
0.017940923076923077
0.026494153846153844
0.05090215384615384
0.08761846153846153
0.13372246153846154
0.16251138461538459
0.154584
0.11828492307692307
0.043600615384615383
-0.006675692307692307
-0.01981846153846154
-0.0002086153846153846
