-0.06446215384615385
-0.13622584615384614
-0.16730953846153845
-0.15228923076923076
-0.09199938461538461
-0.04130584615384615
0.003963692307692307
0.027120000000000002
0.04422646153846154
0.042974769230769226
-0.010848
-0.06946892307692307
-0.13518276923076925
-0.1704387692307692
-0.13872923076923074
-0.07259815384615384
0.011265230769230769
0.06967753846153846
0.100344
0.13622584615384614
0.13726892307692307
0.09658892307692307
0.017523692307692306
-0.07238953846153846
-0.13497415384615385
-0.157296
-0.10055261538461538
-0.04214030769230769
0.007510153846153846
0.07364123076923076
0.10827138461538462
0.14707384615384617
0.14749107692307692
0.10576799999999999
0.031918153846153846
-0.06195876923076923
-0.09053907692307692
-0.10389046153846154
-0.08991323076923076
-0.062376
-0.051319384615384614
-0.009596307692307692
0.01814953846153846
0.04172307692307692
0.043600615384615383
-0.0014603076923076922
-0.045895384615384616
-0.07134646153846153
-0.06195876923076923
-0.026494153846153844
0.015646153846153844
0.03504738461538461
0.055491692307692304
0.10910584615384614
0.12934153846153845
0.12913292307692306
0.10055261538461538
0.026285538461538457
-0.03024923076923077
-0.07155507692307693
-0.052153846153846155
-0.0022947692307692304
0.018775384615384614
0.04735569230769231
0.07030338461538461
0.10368184615384615
0.1178676923076923
0.09137353846153846
0.04130584615384615
-0.03379569230769231
-0.07656184615384615
-0.07510153846153846
-0.04276615384615385
-0.011891076923076923
0.002712
0.014394461538461538
0.03066646153846154
0.06592246153846154
0.08302892307692307
0.05507446153846154
-0.013142769230769229
-0.07134646153846153
-0.08115138461538463
-0.06988615384615385
-0.03358707692307692
-0.0002086153846153846
0.01668923076923077
0.047772923076923074
0.078648
0.11953661538461538
0.11974523076923077
0.06383630769230769
0.007510153846153846
-0.04672984615384615
-0.054240000000000003
-0.042557538461538466
-0.030875076923076922
-0.018775384615384614
-0.016897846153846156
0.02858030769230769
0.054240000000000003
0.061124307692307686
0.050067692307692306
0.0016689230769230767
-0.016897846153846156
-0.029623384615384614
-0.0035464615384615383
0.019609846153846155
0.011891076923076923
0.021278769230769233
0.03337846153846154
0.07364123076923076
0.09158215384615384
0.08845292307692308
0.06216738461538462
0.0070929230769230765
-0.005215384615384615
-0.005424
0.011265230769230769
0.029414769230769227
0.040054153846153843
0.08156861538461539
0.11077476923076923
0.1422756923076923
0.15124615384615384
0.116616
0.07364123076923076
0.028371692307692306
0.02273907692307692
0.02482523076923077
0.03024923076923077
0.04693846153846153
0.041514461538461535
0.056951999999999996
0.08219446153846154
0.09533723076923077
0.08052553846153847
0.026494153846153844
-0.0043809230769230765
-0.0077187692307692304
0.01710646153846154
0.03442153846153846
0.03337846153846154
0.03755076923076923
0.03024923076923077
0.058829538461538454
0.09325107692307691
0.09950953846153845
0.07155507692307693
0.015854769230769228
0.004589538461538461
0.014185846153846153
0.01814953846153846
0.021487384615384613
0.011265230769230769
0.01710646153846154
0.05048492307692308
0.08845292307692308
0.10096984615384616
0.07405846153846153
0.002086153846153846
-0.06654830769230768
-0.07614461538461538
-0.059872615384615385
-0.03233538461538461
-0.022530461538461537
-0.01668923076923077
0.015854769230769228
0.023990769230769232
0.024408000000000003
-0.0006258461538461538
-0.06300184615384616
-0.10389046153846154
-0.12245723076923076
-0.08720123076923077
-0.042557538461538466
-0.03838523076923077
-0.04965046153846154
-0.05945538461538461
-0.02273907692307692
0.0029206153846153843
0.006258461538461538
-0.0022947692307692304
-0.042348923076923076
-0.05444861538461539
-0.05799507692307692
-0.04088861538461538
-0.02753723076923077
-0.05736923076923077
-0.05674338461538461
-0.050067692307692306
-0.017315076923076923
0.03337846153846154
0.028788923076923077
-0.006258461538461538
-0.07489292307692308
-0.10889723076923077
-0.09554584615384615
-0.08302892307692307
-0.04714707692307692
-0.022530461538461537
-0.004172307692307692
0.022947692307692308
0.04401784615384615
0.048816000000000005
0.015437538461538461
-0.026702769230769228
-0.051319384615384614
-0.044435076923076924
-0.023782153846153845
-0.006675692307692307
0.021696
0.037967999999999995
0.06362769230769232
0.11202646153846153
0.13726892307692307
0.10785415384615385
0.044435076923076924
-0.0029206153846153843
-0.010848
0.03108369230769231
0.0744756923076923
0.08490646153846154
0.08115138461538463
0.07927384615384615
0.10952307692307692
0.14749107692307692
0.15479261538461536
0.12642092307692307
0.08073415384615384
0.05319692307692307
0.03567323076923076
0.022530461538461537
0.01043076923076923
0.0050067692307692304
0.034630153846153845
0.06425353846153846
0.11849353846153846
0.15833907692307692
0.11807630769230769
0.07510153846153846
0.03150092307692308
0.015437538461538461
0.02273907692307692
