-0.002712
-0.0002086153846153846
0.03275261538461539
0.07030338461538461
0.11077476923076923
0.11724184615384614
0.08386338461538462
0.04965046153846154
0.015854769230769228
0.02858030769230769
0.049233230769230765
0.05570030769230769
0.04985907692307692
0.03358707692307692
0.03504738461538461
0.03775938461538462
0.04547815384615384
0.02357353846153846
-0.010848
-0.02524246153846154
-0.028788923076923077
-0.016063384615384615
-0.011891076923076923
-0.02273907692307692
-0.027328615384615382
-0.0077187692307692304
0.031709538461538456
0.05757784615384615
0.043392
-0.006258461538461538
-0.06383630769230769
-0.09679753846153846
-0.09971815384615385
-0.08490646153846154
-0.06341907692307691
-0.051319384615384614
-0.037342153846153844
-0.02086153846153846
-0.016063384615384615
-0.01814953846153846
-0.05590892307692308
-0.10868861538461538
-0.12579507692307693
-0.12016246153846154
-0.08365476923076923
-0.035464615384615386
-0.012308307692307691
0.015646153846153844
0.03942830769230769
0.06341907692307691
0.08052553846153847
0.04401784615384615
-0.011056615384615385
-0.05862092307692307
-0.08073415384615384
-0.06926030769230769
-0.056326153846153845
-0.051528
-0.04172307692307692
-0.0025033846153846152
0.06028984615384615
0.11494707692307692
0.12788123076923075
0.08240307692307691
0.017940923076923077
-0.026702769230769228
-0.03650769230769231
-0.02482523076923077
-0.03045784615384615
-0.04172307692307692
-0.029414769230769227
0.005215384615384615
0.04422646153846154
0.0609156923076923
0.0448523076923077
0.008344615384615384
-0.023782153846153845
-0.029832
-0.012099692307692308
0.006258461538461538
0.006675692307692307
0.010013538461538461
0.03504738461538461
0.07259815384615384
0.092208
0.06446215384615385
0.0025033846153846152
-0.056951999999999996
-0.07760492307692309
-0.047772923076923074
0.011056615384615385
0.048816000000000005
0.06404492307692307
0.08991323076923076
0.124752
0.16063384615384615
0.1656406153846154
0.10889723076923077
0.02482523076923077
-0.046104
-0.08073415384615384
-0.07468430769230769
-0.07343261538461537
-0.06592246153846154
-0.03838523076923077
0.003129230769230769
0.07572738461538461
0.12621230769230768
0.12767261538461538
0.08365476923076923
0.013142769230769229
-0.02524246153846154
-0.028163076923076923
-0.011473846153846154
-0.005841230769230769
0.0006258461538461538
0.018983999999999997
0.04109723076923077
0.06362769230769232
0.047981538461538464
0.0077187692307692304
-0.04860738461538461
-0.0826116923076923
-0.06362769230769232
-0.016063384615384615
0.03963692307692308
0.06049846153846154
0.07259815384615384
0.08490646153846154
0.08073415384615384
0.06863446153846153
0.021487384615384613
-0.04401784615384615
-0.08699261538461538
-0.09158215384615384
-0.052153846153846155
0.005424
0.044435076923076924
0.06571384615384615
0.0897046153846154
0.11265230769230769
0.119328
0.1028473846153846
0.05403138461538461
-0.0070929230769230765
-0.03504738461538461
-0.025659692307692307
0.0043809230769230765
0.028163076923076923
0.03212676923076923
0.03713353846153846
0.05319692307692307
0.07906523076923076
0.103056
0.09721476923076922
0.05924676923076923
0.01940123076923077
0.002086153846153846
0.011265230769230769
0.030040615384615384
0.03400430769230769
0.023364923076923075
0.024408000000000003
0.03150092307692308
0.034630153846153845
0.02545107692307692
-0.01668923076923077
-0.05862092307692307
-0.061124307692307686
-0.03150092307692308
0.010013538461538461
0.03379569230769231
0.021696
-0.01043076923076923
-0.01940123076923077
-0.0014603076923076922
-0.0002086153846153846
-0.01043076923076923
-0.01668923076923077
-0.017315076923076923
0.005215384615384615
0.03045784615384615
0.04401784615384615
0.030875076923076922
-0.008344615384615384
-0.021696
-0.010013538461538461
0.01272553846153846
0.028788923076923077
0.02023569230769231
0.008344615384615384
0.021696
0.06383630769230769
0.09471138461538461
0.084072
0.06133292307692308
0.04860738461538461
0.042974769230769226
0.05382276923076923
0.052153846153846155
0.028788923076923077
0.012516923076923077
0.024408000000000003
0.06070707692307692
0.10409907692307692
0.11745046153846153
0.092208
0.06592246153846154
0.04714707692307692
0.06383630769230769
0.09471138461538461
0.10618523076923077
0.09596307692307693
0.07656184615384615
0.08323753846153846
0.09846646153846153
0.09053907692307692
0.04526953846153846
-0.03024923076923077
-0.08574092307692306
-0.09241661538461539
-0.06467076923076923
-0.015854769230769228
0.026911384615384615
0.055491692307692304
0.08657538461538461
0.11473846153846154
0.11348676923076922
0.07051199999999999
-0.012934153846153845
-0.10597661538461538
-0.16313723076923078
-0.1656406153846154
-0.12412615384615384
-0.08887015384615385
-0.06863446153846153
-0.042974769230769226
-0.008970461538461538
0.016272
0.01940123076923077
0.006675692307692307
-0.03504738461538461
-0.07218092307692307
-0.08115138461538463
