-0.002086153846153846
0.01856676923076923
0.02211323076923077
0.0006258461538461538
-0.025659692307692307
-0.011682461538461537
0.011891076923076923
0.03421292307692308
0.03150092307692308
0.011265230769230769
-0.002086153846153846
-0.003963692307692307
0.023990769230769232
0.042557538461538466
0.03984553846153846
0.027745846153846152
0.02273907692307692
0.03358707692307692
0.027328615384615382
-0.009804923076923077
-0.06216738461538462
-0.09846646153846153
-0.09658892307692307
-0.05674338461538461
-0.006049846153846154
0.022530461538461537
0.01668923076923077
0.01668923076923077
0.03588184615384615
0.047981538461538464
0.051528
0.024408000000000003
-0.021696
-0.047772923076923074
-0.037342153846153844
-0.011682461538461537
0.0012516923076923076
-0.0022947692307692304
-0.01710646153846154
-0.016897846153846156
0.014394461538461538
0.04547815384615384
0.04672984615384615
0.029414769230769227
-0.0004172307692307692
-0.0022947692307692304
0.029623384615384614
0.040679999999999994
0.03233538461538461
0.012516923076923077
0.011265230769230769
0.029414769230769227
0.04944184615384615
0.0717636923076923
0.06049846153846154
0.04819015384615385
0.06675692307692307
0.10910584615384614
0.14665661538461539
0.1422756923076923
0.09596307692307693
0.038176615384615385
0.010639384615384617
0.02023569230769231
0.05507446153846154
0.07948246153846153
0.08615815384615384
0.09512861538461538
0.12433476923076923
0.16063384615384615
0.17690584615384616
0.15500123076923078
0.09930092307692308
0.04819015384615385
0.009596307692307692
0.012934153846153845
0.028788923076923077
0.03483876923076923
0.04547815384615384
0.05382276923076923
0.08386338461538462
0.09429415384615383
0.07697907692307693
0.03713353846153846
-0.006049846153846154
0.0070929230769230765
0.051528
0.10159569230769232
0.13184492307692308
0.12934153846153845
0.11473846153846154
0.10096984615384616
0.09763200000000001
0.07677046153846154
0.028163076923076923
-0.013142769230769229
-0.03859384615384615
-0.034630153846153845
-0.009179076923076922
0.031918153846153846
0.0853236923076923
0.11140061538461538
0.14144123076923076
0.16209415384615386
0.15124615384615384
0.10222153846153846
-0.0050067692307692304
-0.08949599999999999
-0.13852061538461538
-0.13601723076923075
-0.086784
-0.03984553846153846
0.014811692307692307
0.04839876923076923
0.07405846153846153
0.06905169230769231
0.02023569230769231
-0.046104
-0.1287156923076923
-0.15395815384615386
-0.12016246153846154
-0.07113784615384615
-0.021278769230769233
0.003129230769230769
0.02273907692307692
0.03713353846153846
0.04965046153846154
0.05757784615384615
0.014603076923076923
-0.04631261538461538
-0.08887015384615385
-0.07092923076923077
-0.0070929230769230765
0.044435076923076924
0.09846646153846153
0.13101046153846155
0.16459753846153846
0.1867107692307692
0.16063384615384615
0.10764553846153846
0.021070153846153846
-0.06571384615384615
-0.11557292307692307
-0.11098338461538461
-0.07030338461538461
-0.0035464615384615383
0.06133292307692308
0.10076123076923077
0.15771323076923077
0.19067446153846154
0.16418030769230768
0.08782707692307692
-0.02211323076923077
-0.10013538461538461
-0.12934153846153845
-0.09867507692307692
-0.015646153846153844
0.06675692307692307
0.12788123076923075
0.17398523076923075
0.2127876923076923
0.21132738461538458
0.15208061538461537
0.05090215384615384
-0.04756430769230769
-0.09992676923076924
-0.10389046153846154
-0.07092923076923077
-0.02315630769230769
0.027328615384615382
0.06529661538461538
0.09679753846153846
0.12037107692307693
0.10514215384615383
0.04631261538461538
-0.031918153846153846
-0.11140061538461538
-0.1368516923076923
-0.11202646153846153
-0.08887015384615385
-0.06258461538461538
-0.04985907692307692
-0.01856676923076923
0.009804923076923077
-0.010222153846153844
-0.05611753846153846
-0.130176
-0.1883796923076923
-0.20506892307692307
-0.16334584615384617
-0.07781353846153846
-0.002086153846153846
0.06592246153846154
0.09596307692307693
0.0974233846153846
0.07969107692307692
0.009596307692307692
-0.08699261538461538
-0.1794092307692308
-0.2261390769230769
-0.22029784615384615
-0.16730953846153845
-0.0826116923076923
-0.01272553846153846
0.05862092307692307
0.11640738461538462
0.13393107692307693
0.11870215384615385
0.05653476923076922
-0.021696
-0.08115138461538463
-0.10514215384615383
-0.0828203076923077
-0.04380923076923077
-0.008970461538461538
0.014185846153846153
0.05194523076923077
0.0855323076923077
0.08177723076923075
0.05674338461538461
-0.0002086153846153846
-0.044435076923076924
-0.054657230769230764
-0.03337846153846154
0.014394461538461538
0.03421292307692308
0.047981538461538464
0.07072061538461538
0.103056
0.14185846153846154
0.12579507692307693
0.06738276923076922
0.0029206153846153843
-0.04172307692307692
-0.045895384615384616
-0.03629907692307692
-0.012308307692307691
0.015854769230769228
0.02545107692307692
0.03483876923076923
0.04965046153846154
0.05674338461538461
0.02023569230769231
-0.042557538461538466
