0.05507446153846154
0.030040615384615384
-0.02524246153846154
-0.07489292307692308
-0.09137353846153846
-0.07343261538461537
-0.059872615384615385
-0.04276615384615385
-0.018983999999999997
0.003963692307692307
0.021904615384615383
0.03567323076923076
0.03045784615384615
-0.015020307692307692
-0.06258461538461538
-0.08177723076923075
-0.06467076923076923
-0.027745846153846152
0.0022947692307692304
0.02315630769230769
0.046104
0.07551876923076924
0.10785415384615385
0.11870215384615385
0.08177723076923075
0.019192615384615384
-0.01668923076923077
-0.024408000000000003
-0.008970461538461538
0.021278769230769233
0.031918153846153846
0.040262769230769234
0.0609156923076923
0.10493353846153847
0.14060676923076923
0.13476553846153844
0.09033046153846153
0.024616615384615383
-0.002712
0.004798153846153846
0.034630153846153845
0.06008123076923077
0.07051199999999999
0.09554584615384615
0.11098338461538461
0.13038461538461538
0.10806276923076923
0.029206153846153847
-0.040262769230769234
-0.08073415384615384
-0.06946892307692307
-0.05298830769230769
-0.03692492307692308
-0.027328615384615382
-0.02273907692307692
-0.001043076923076923
0.013351384615384614
0.024408000000000003
-0.006467076923076923
-0.06529661538461538
-0.11807630769230769
-0.13852061538461538
-0.11870215384615385
-0.09450276923076922
-0.07510153846153846
-0.06800861538461538
-0.059664
-0.03275261538461539
-0.010013538461538461
-0.02545107692307692
-0.06592246153846154
-0.09784061538461537
-0.11035753846153845
-0.08177723076923075
-0.02586830769230769
0.012934153846153845
0.02795446153846154
0.03504738461538461
0.05611753846153846
0.07218092307692307
0.05528307692307692
0.012934153846153845
-0.03838523076923077
-0.07134646153846153
-0.06487938461538462
-0.026702769230769228
0.006884307692307692
0.02273907692307692
0.018983999999999997
0.03567323076923076
0.08240307692307691
0.11327815384615383
0.10597661538461538
0.05507446153846154
0.014185846153846153
-0.0006258461538461538
0.0012516923076923076
0.010013538461538461
0.011265230769230769
0.016480615384615385
0.01668923076923077
0.03921969230769231
0.09012184615384615
0.116616
0.09471138461538461
0.052571076923076915
0.03901107692307692
0.05507446153846154
0.07635323076923077
0.09950953846153845
0.0974233846153846
0.07697907692307693
0.06863446153846153
0.08240307692307691
0.09846646153846153
0.06279323076923077
0.010013538461538461
-0.011473846153846154
0.006884307692307692
0.05528307692307692
0.10096984615384616
0.11807630769230769
0.10368184615384615
0.09784061538461537
0.11327815384615383
0.12788123076923075
0.1178676923076923
0.08302892307692307
0.02858030769230769
-0.019192615384615384
-0.02023569230769231
0.001043076923076923
0.015646153846153844
0.018983999999999997
0.022947692307692308
0.044435076923076924
0.0855323076923077
0.11494707692307692
0.09387692307692307
0.03337846153846154
-0.03233538461538461
-0.044435076923076924
-0.016897846153846156
0.0077187692307692304
0.020027076923076922
-0.0008344615384615384
-0.00855323076923077
-0.0077187692307692304
-0.013560000000000001
-0.02795446153846154
-0.06613107692307692
-0.09074769230769231
-0.09971815384615385
-0.06404492307692307
-0.007301538461538462
0.008970461538461538
-0.001043076923076923
-0.017523692307692306
-0.012308307692307691
-0.005215384615384615
-0.02232184615384615
-0.044435076923076924
-0.08782707692307692
-0.1151556923076923
-0.08824430769230769
-0.03901107692307692
0.01272553846153846
0.020652923076923076
0.01043076923076923
0.021904615384615383
0.03692492307692308
0.06404492307692307
0.06550523076923077
0.045060923076923075
0.029206153846153847
0.029623384615384614
0.06821723076923077
0.09992676923076924
0.10576799999999999
0.08344615384615384
0.05194523076923077
0.043600615384615383
0.049233230769230765
0.059664
0.05611753846153846
0.03108369230769231
0.0014603076923076922
-0.005632615384615384
0.01397723076923077
0.031918153846153846
0.016897846153846156
-0.02586830769230769
-0.03108369230769231
0.0033378461538461535
0.021070153846153846
0.012934153846153845
-0.016063384615384615
-0.03942830769230769
-0.03629907692307692
-0.022530461538461537
-0.008136
-0.01043076923076923
-0.04819015384615385
-0.07843938461538462
-0.07030338461538461
-0.03942830769230769
0.0070929230769230765
0.04422646153846154
0.05757784615384615
0.06946892307692307
0.09387692307692307
0.10243015384615384
0.08031692307692308
0.032544
-0.031918153846153846
-0.07364123076923076
-0.07760492307692309
-0.04735569230769231
-0.012099692307692308
-0.005841230769230769
0.0008344615384615384
0.027328615384615382
0.05403138461538461
0.055491692307692304
0.014185846153846153
-0.03504738461538461
-0.07280676923076923
-0.07885661538461539
-0.03337846153846154
0.02753723076923077
0.07823076923076923
0.09116492307692307
0.09074769230769231
0.09387692307692307
0.092208
0.06759138461538462
0.008761846153846153
-0.03629907692307692
-0.054657230769230764
-0.03024923076923077
0.009387692307692307
0.041514461538461535
0.07489292307692308
0.09700615384615385
