-0.01814953846153846
-0.09179076923076923
-0.1218313846153846
-0.10952307692307692
-0.061750153846153844
-0.008970461538461538
0.03358707692307692
0.0853236923076923
0.10994030769230768
0.09199938461538461
0.04672984615384615
-0.03233538461538461
-0.12767261538461538
-0.20506892307692307
-0.21237046153846154
-0.16063384615384615
-0.09283384615384616
-0.004589538461538461
0.07489292307692308
0.1353913846153846
0.173568
0.18232984615384615
0.16021661538461537
0.0826116923076923
0.0008344615384615384
-0.03963692307692308
-0.04672984615384615
-0.031709538461538456
0.015646153846153844
0.06300184615384616
0.09095630769230768
0.12725538461538463
0.14707384615384617
0.13789476923076924
0.08866153846153846
0.02899753846153846
-0.01814953846153846
-0.0446436923076923
-0.03045784615384615
-0.0014603076923076922
0.02086153846153846
0.03942830769230769
0.07259815384615384
0.10639384615384614
0.10806276923076923
0.06863446153846153
0.003129230769230769
-0.06487938461538462
-0.11599015384615384
-0.124752
-0.09304246153846155
-0.054240000000000003
-0.014394461538461538
0.021696
0.07739630769230768
0.12308307692307692
0.1045163076923077
0.06383630769230769
0.005424
-0.04756430769230769
-0.05820369230769231
-0.05319692307692307
-0.04526953846153846
-0.027745846153846152
0.0004172307692307692
0.043600615384615383
0.07697907692307693
0.07739630769230768
0.05820369230769231
0.003129230769230769
-0.04902461538461538
-0.06842584615384616
-0.05444861538461539
-0.026911384615384615
-0.031918153846153846
-0.03024923076923077
-0.015437538461538461
0.011682461538461537
0.047981538461538464
0.054240000000000003
0.031918153846153846
-0.00855323076923077
-0.03358707692307692
-0.03212676923076923
-0.02482523076923077
-0.025033846153846153
-0.03400430769230769
-0.023990769230769232
0.0035464615384615383
0.03296123076923077
0.04318338461538461
0.015020307692307692
-0.018358153846153843
-0.03880246153846154
-0.03629907692307692
-0.011473846153846154
0.0008344615384615384
0.006884307692307692
0.020027076923076922
0.05048492307692308
0.08615815384615384
0.08699261538461538
0.06133292307692308
0.002086153846153846
-0.0744756923076923
-0.10618523076923077
-0.08657538461538461
-0.04526953846153846
-0.02545107692307692
-0.011056615384615385
0.023990769230769232
0.06529661538461538
0.0963803076923077
0.08198584615384615
0.030875076923076922
-0.029832
-0.07781353846153846
-0.07301538461538462
-0.03045784615384615
-0.003129230769230769
0.013560000000000001
0.032544
0.06884307692307692
0.12767261538461538
0.16042523076923076
0.14415323076923076
0.08991323076923076
0.03358707692307692
0.008970461538461538
0.003963692307692307
0.0029206153846153843
-0.011473846153846154
-0.008136
0.03212676923076923
0.08073415384615384
0.13914646153846155
0.15792184615384616
0.116616
0.04422646153846154
-0.023990769230769232
-0.03400430769230769
-0.029206153846153847
-0.024408000000000003
-0.012934153846153845
-0.0070929230769230765
0.028371692307692306
0.06341907692307691
0.07197230769230768
0.04172307692307692
-0.028788923076923077
-0.08156861538461539
-0.09971815384615385
-0.07739630769230768
-0.05173661538461538
-0.05298830769230769
-0.046104
-0.031709538461538456
0.005841230769230769
0.03045784615384615
0.013351384615384614
-0.03400430769230769
-0.11286092307692308
-0.14603076923076924
-0.12850707692307692
-0.086784
-0.04276615384615385
-0.03379569230769231
-0.01397723076923077
0.02232184615384615
0.06404492307692307
0.08782707692307692
0.04422646153846154
-0.034630153846153845
-0.10493353846153847
-0.1341396923076923
-0.1207883076923077
-0.08240307692307691
-0.029623384615384614
0.016063384615384615
0.07030338461538461
0.12266584615384615
0.15145476923076923
0.12996738461538462
0.04318338461538461
-0.026911384615384615
-0.06905169230769231
-0.08386338461538462
-0.048816000000000005
-0.011473846153846154
0.025659692307692307
0.06049846153846154
0.10681107692307691
0.15562707692307692
0.17252492307692308
0.14206707692307693
0.073224
0.03337846153846154
0.02315630769230769
0.02545107692307692
0.021278769230769233
0.007927384615384614
0.026702769230769228
0.06258461538461538
0.11411261538461538
0.13768615384615385
0.09909230769230769
0.04672984615384615
-0.017315076923076923
-0.05590892307692308
-0.05716061538461538
-0.040262769230769234
-0.004798153846153846
0.021278769230769233
0.04839876923076923
0.07280676923076923
0.09387692307692307
0.09179076923076923
0.04819015384615385
0.003963692307692307
-0.01981846153846154
0.006258461538461538
0.05403138461538461
0.07802215384615384
0.08824430769230769
0.06988615384615385
0.07280676923076923
0.10597661538461538
0.12350030769230769
0.10889723076923077
0.053614153846153846
0.022947692307692308
0.01397723076923077
0.01856676923076923
0.031918153846153846
0.0012516923076923076
-0.014811692307692307
0.0029206153846153843
0.033169846153846154
0.06696553846153847
0.05674338461538461
0.006884307692307692
-0.05507446153846154
-0.08761846153846153
-0.07030338461538461
