0.056951999999999996
0.07635323076923077
0.07697907692307693
0.04047138461538462
-0.01710646153846154
-0.04714707692307692
-0.028788923076923077
0.007927384615384614
0.03984553846153846
0.040262769230769234
0.02586830769230769
0.02858030769230769
0.04109723076923077
0.05236246153846154
0.03400430769230769
-0.018983999999999997
-0.06467076923076923
-0.07572738461538461
-0.04214030769230769
0.0004172307692307692
0.003129230769230769
-0.016272
-0.031918153846153846
-0.02023569230769231
0.01043076923076923
0.01668923076923077
-0.0025033846153846152
-0.03775938461538462
-0.06049846153846154
-0.041514461538461535
-0.002712
0.02899753846153846
0.02315630769230769
0.008761846153846153
0.01668923076923077
0.03421292307692308
0.06070707692307692
0.05590892307692308
0.032544
0.014185846153846153
0.014185846153846153
0.054240000000000003
0.0855323076923077
0.0880356923076923
0.073224
0.05590892307692308
0.06654830769230768
0.08219446153846154
0.08469784615384615
0.058412307692307694
0.0035464615384615383
-0.02211323076923077
-0.013560000000000001
0.023990769230769232
0.047772923076923074
0.03755076923076923
0.026494153846153844
0.0022947692307692304
-0.004798153846153846
-0.005215384615384615
-0.022530461538461537
-0.04902461538461538
-0.059664
-0.03567323076923076
-0.011056615384615385
0.018358153846153843
0.01940123076923077
-0.004798153846153846
-0.017940923076923077
-0.021278769230769233
-0.014603076923076923
-0.023782153846153845
-0.042348923076923076
-0.050067692307692306
-0.0446436923076923
-0.026702769230769228
-0.004589538461538461
-0.003755076923076923
-0.03233538461538461
-0.06321046153846153
-0.06592246153846154
-0.04526953846153846
-0.032544
-0.02524246153846154
-0.03296123076923077
-0.03984553846153846
-0.019609846153846155
0.0002086153846153846
0.013768615384615384
-0.0029206153846153843
-0.034630153846153845
-0.042974769230769226
-0.03275261538461539
-0.0029206153846153843
0.021696
0.02524246153846154
0.027745846153846152
0.04944184615384615
0.07969107692307692
0.08761846153846153
0.06070707692307692
0.011473846153846154
-0.012099692307692308
0.010013538461538461
0.026911384615384615
0.03567323076923076
0.025033846153846153
0.003755076923076923
0.020652923076923076
0.05236246153846154
0.08428061538461538
0.0853236923076923
0.04693846153846153
0.006258461538461538
-0.010013538461538461
0.012934153846153845
0.05444861538461539
0.08010830769230769
0.07635323076923077
0.058829538461538454
0.05298830769230769
0.040679999999999994
0.015646153846153844
-0.024616615384615383
-0.07468430769230769
-0.08323753846153846
-0.07384984615384615
-0.02023569230769231
0.03024923076923077
0.022947692307692308
0.03212676923076923
0.03504738461538461
0.07113784615384615
0.10138707692307691
0.08887015384615385
0.05736923076923077
-0.02545107692307692
-0.06070707692307692
-0.05173661538461538
-0.02211323076923077
0.013768615384615384
0.012308307692307691
0.021696
0.02795446153846154
0.02524246153846154
0.0014603076923076922
-0.06988615384615385
-0.14311015384615386
-0.1856676923076923
-0.1775316923076923
-0.12704676923076924
-0.06258461538461538
0.0012516923076923076
0.035464615384615386
0.059038153846153844
0.06341907692307691
0.021696
-0.051528
-0.1476996923076923
-0.21153599999999997
-0.23218892307692307
-0.19505538461538463
-0.11181784615384616
-0.04422646153846154
0.013560000000000001
0.06154153846153846
0.11327815384615383
0.13121907692307694
0.086784
0.016480615384615385
-0.04672984615384615
-0.07238953846153846
-0.06049846153846154
-0.015854769230769228
0.04088861538461538
0.08720123076923077
0.11619876923076923
0.13518276923076925
0.14102399999999998
0.13080184615384613
0.086784
0.011891076923076923
-0.05674338461538461
-0.08156861538461539
-0.03483876923076923
0.042348923076923076
0.119328
0.1883796923076923
0.23531815384615382
0.2438713846153846
0.2140393846153846
0.13038461538461538
0.012099692307692308
-0.08469784615384615
-0.13518276923076925
-0.10597661538461538
-0.033169846153846154
0.04568676923076923
0.11578153846153846
0.1585476923076923
0.18483323076923078
0.18170399999999998
0.13372246153846154
0.06258461538461538
-0.0043809230769230765
-0.052571076923076915
-0.07238953846153846
-0.058412307692307694
-0.026285538461538457
-0.005215384615384615
0.02232184615384615
0.05048492307692308
0.07197230769230768
0.06028984615384615
0.0025033846153846152
-0.06341907692307691
-0.12725538461538463
-0.15082892307692305
-0.13184492307692308
-0.09095630769230768
-0.054240000000000003
-0.017940923076923077
0.03129230769230769
0.05924676923076923
0.06571384615384615
0.047772923076923074
-0.0018775384615384615
-0.065088
-0.11724184615384614
-0.11098338461538461
-0.0717636923076923
-0.02899753846153846
0.019609846153846155
0.05173661538461538
0.09992676923076924
0.13121907692307694
0.11640738461538462
0.06842584615384616
-0.012099692307692308
-0.06133292307692308
-0.06800861538461538
-0.045895384615384616
-0.01043076923076923
