-0.15959076923076923
-0.10910584615384614
-0.04318338461538461
0.03296123076923077
0.07802215384615384
0.10618523076923077
0.10785415384615385
0.08052553846153847
0.013768615384615384
-0.09053907692307692
-0.146448
-0.14832553846153845
-0.11327815384615383
-0.06425353846153846
-0.03859384615384615
-0.0008344615384615384
0.030875076923076922
0.06717415384615384
0.09596307692307693
0.06633969230769231
0.012308307692307691
-0.056951999999999996
-0.09158215384615384
-0.07656184615384615
-0.05486584615384615
-0.023364923076923075
-0.0077187692307692304
0.0077187692307692304
0.04860738461538461
0.08344615384615384
0.08720123076923077
0.046104
-0.018775384615384614
-0.05590892307692308
-0.065088
-0.05862092307692307
-0.04631261538461538
-0.05069353846153846
-0.03358707692307692
-0.00855323076923077
0.008136
0.02211323076923077
-0.006258461538461538
-0.046104
-0.06926030769230769
-0.056326153846153845
-0.017940923076923077
0.0043809230769230765
0.01856676923076923
0.021696
0.03755076923076923
0.07259815384615384
0.0934596923076923
0.09053907692307692
0.04631261538461538
-0.014811692307692307
-0.04714707692307692
-0.04652123076923077
-0.013560000000000001
0.016897846153846156
0.04526953846153846
0.08740984615384616
0.13309661538461537
0.1802436923076923
0.18879692307692306
0.1353913846153846
0.06028984615384615
0.006258461538461538
-0.02357353846153846
-0.026285538461538457
-0.013351384615384614
-0.009596307692307692
0.0022947692307692304
0.030040615384615384
0.06633969230769231
0.11599015384615384
0.12245723076923076
0.07343261538461537
0.02044430769230769
-0.010222153846153844
0.0043809230769230765
0.021696
0.016897846153846156
0.012099692307692308
0.018358153846153843
0.04631261538461538
0.07301538461538462
0.07468430769230769
0.04902461538461538
-0.0008344615384615384
-0.027120000000000002
-0.01981846153846154
-0.0070929230769230765
0.015854769230769228
0.009387692307692307
0.007510153846153846
0.040262769230769234
0.07030338461538461
0.09512861538461538
0.07531015384615385
0.012308307692307691
-0.05528307692307692
-0.09199938461538461
-0.07551876923076924
-0.04276615384615385
-0.02795446153846154
-0.01856676923076923
0.0050067692307692304
0.05757784615384615
0.09867507692307692
0.09825784615384614
0.06028984615384615
-0.017523692307692306
-0.07092923076923077
-0.0892873846153846
-0.06049846153846154
-0.012308307692307691
0.006258461538461538
0.04380923076923077
0.073224
0.10576799999999999
0.12558646153846154
0.06529661538461538
-0.0008344615384615384
-0.05653476923076922
-0.0853236923076923
-0.05194523076923077
-0.026702769230769228
-0.015228923076923076
-0.02023569230769231
-0.01043076923076923
0.03588184615384615
0.06529661538461538
0.07051199999999999
0.013768615384615384
-0.041514461538461535
-0.06738276923076922
-0.07030338461538461
-0.031709538461538456
-0.03421292307692308
-0.025033846153846153
0.005632615384615384
0.04422646153846154
0.08094276923076923
0.07051199999999999
0.04672984615384615
-0.019609846153846155
-0.06592246153846154
-0.06633969230769231
-0.03421292307692308
0.026285538461538457
0.04672984615384615
0.05611753846153846
0.054240000000000003
0.07739630769230768
0.09679753846153846
0.06738276923076922
0.02086153846153846
-0.06028984615384615
-0.08052553846153847
-0.04735569230769231
-0.006258461538461538
0.03358707692307692
0.01043076923076923
-0.0043809230769230765
0.012516923076923077
0.035255999999999996
0.058412307692307694
0.024199384615384616
-0.018775384615384614
-0.04839876923076923
-0.059038153846153844
-0.03421292307692308
-0.023782153846153845
-0.03108369230769231
-0.059664
-0.05778646153846154
-0.038176615384615385
-0.027120000000000002
-0.01981846153846154
-0.06154153846153846
-0.08428061538461538
-0.07781353846153846
-0.045060923076923075
-0.005215384615384615
-0.02899753846153846
-0.0448523076923077
-0.05736923076923077
-0.04318338461538461
0.02044430769230769
0.040262769230769234
0.04714707692307692
0.031918153846153846
0.028163076923076923
0.04631261538461538
0.05570030769230769
0.07301538461538462
0.042557538461538466
0.002712
-0.03609046153846154
-0.041514461538461535
-0.013560000000000001
-0.020652923076923076
-0.021278769230769233
-0.02211323076923077
0.004589538461538461
0.03859384615384615
0.035464615384615386
0.021696
-0.037342153846153844
-0.05924676923076923
-0.03024923076923077
-0.009596307692307692
0.027120000000000002
0.024199384615384616
0.033169846153846154
0.045895384615384616
0.03963692307692308
0.05799507692307692
0.03150092307692308
-0.015646153846153844
-0.06383630769230769
-0.06675692307692307
-0.03275261538461539
-0.012934153846153845
0.03421292307692308
0.048816000000000005
0.058829538461538454
0.07238953846153846
0.07259815384615384
0.07843938461538462
0.007301538461538462
-0.06049846153846154
-0.09909230769230769
-0.12704676923076924
-0.10201292307692307
-0.09033046153846153
-0.05236246153846154
-0.017940923076923077
0.008344615384615384
0.05236246153846154
0.04839876923076923
0.03024923076923077
