-0.030040615384615384
-0.010639384615384617
0.024616615384615383
0.03984553846153846
0.028163076923076923
0.01668923076923077
0.026702769230769228
0.05716061538461538
0.05924676923076923
0.04401784615384615
0.029623384615384614
0.012099692307692308
0.013142769230769229
0.010013538461538461
0.011473846153846154
-0.007301538461538462
-0.04318338461538461
-0.035255999999999996
-0.01043076923076923
0.027120000000000002
0.029623384615384614
-0.003963692307692307
-0.021696
-0.028163076923076923
0.006675692307692307
0.02858030769230769
0.020652923076923076
0.004798153846153846
-0.02273907692307692
-0.0070929230769230765
0.006675692307692307
0.018983999999999997
0.042348923076923076
0.03567323076923076
0.04756430769230769
0.07572738461538461
0.10013538461538461
0.0936683076923077
0.03984553846153846
0.0016689230769230767
-0.014185846153846153
-0.009179076923076922
0.006049846153846154
0.010013538461538461
0.012099692307692308
-0.0029206153846153843
0.020652923076923076
0.04172307692307692
0.027120000000000002
-0.007301538461538462
-0.07802215384615384
-0.09971815384615385
-0.09846646153846153
-0.07781353846153846
-0.05486584615384615
-0.052153846153846155
-0.021696
-0.006258461538461538
0.016063384615384615
0.03024923076923077
0.004798153846153846
-0.042348923076923076
-0.09325107692307691
-0.08177723076923075
-0.046104
-0.011473846153846154
0.03400430769230769
0.04756430769230769
0.06654830769230768
0.07051199999999999
0.06675692307692307
0.06800861538461538
0.021070153846153846
-0.021070153846153846
-0.054240000000000003
-0.03859384615384615
-0.002086153846153846
-0.0016689230769230767
0.022947692307692308
0.04088861538461538
0.06759138461538462
0.08073415384615384
0.06008123076923077
0.015228923076923076
-0.08031692307692308
-0.13372246153846154
-0.1368516923076923
-0.10180430769230768
-0.02899753846153846
0.03504738461538461
0.08386338461538462
0.11286092307692308
0.12099692307692309
0.092208
0.02482523076923077
-0.056326153846153845
-0.11035753846153845
-0.12245723076923076
-0.10096984615384616
-0.0446436923076923
0.024199384615384616
0.08115138461538463
0.11703323076923078
0.13330523076923076
0.14728246153846153
0.12558646153846154
0.05590892307692308
-0.026076923076923077
-0.08010830769230769
-0.06258461538461538
-0.002712
0.06133292307692308
0.09950953846153845
0.10952307692307692
0.11140061538461538
0.09533723076923077
0.06821723076923077
0.015854769230769228
-0.04526953846153846
-0.09053907692307692
-0.09658892307692307
-0.029414769230769227
0.02858030769230769
0.06988615384615385
0.12037107692307693
0.13101046153846155
0.13351384615384615
0.11098338461538461
0.05507446153846154
-0.010013538461538461
-0.09408553846153846
-0.13247076923076923
-0.11348676923076922
-0.05382276923076923
0.013768615384615384
0.06905169230769231
0.11682461538461539
0.13121907692307694
0.1424843076923077
0.12224861538461537
0.06529661538461538
-0.00855323076923077
-0.08073415384615384
-0.092208
-0.06529661538461538
-0.010013538461538461
0.05069353846153846
0.07677046153846154
0.09283384615384616
0.09304246153846155
0.07489292307692308
0.030875076923076922
-0.03650769230769231
-0.07531015384615385
-0.0963803076923077
-0.08574092307692306
-0.04965046153846154
-0.01856676923076923
0.015020307692307692
0.031918153846153846
0.05820369230769231
0.07197230769230768
0.05507446153846154
0.012308307692307691
-0.04839876923076923
-0.073224
-0.062376
-0.005424
0.05319692307692307
0.08115138461538463
0.09471138461538461
0.0826116923076923
0.08469784615384615
0.08386338461538462
0.051319384615384614
0.0022947692307692304
-0.04172307692307692
-0.04631261538461538
-0.025033846153846153
0.0016689230769230767
0.03713353846153846
0.07531015384615385
0.10910584615384614
0.13914646153846155
0.13914646153846155
0.10347323076923076
0.04631261538461538
-0.034630153846153845
-0.08824430769230769
-0.09241661538461539
-0.06154153846153846
-0.006884307692307692
0.03901107692307692
0.07301538461538462
0.10055261538461538
0.0988836923076923
0.07781353846153846
0.03588184615384615
-0.026076923076923077
-0.06842584615384616
-0.07197230769230768
-0.020652923076923076
0.03859384615384615
0.07030338461538461
0.07969107692307692
0.07510153846153846
0.0771876923076923
0.06821723076923077
0.04714707692307692
0.016897846153846156
-0.018358153846153843
-0.0446436923076923
-0.042974769230769226
-0.02044430769230769
0.0006258461538461538
0.01940123076923077
0.03838523076923077
0.07092923076923077
0.09471138461538461
0.08949599999999999
0.05403138461538461
-0.0025033846153846152
-0.03212676923076923
-0.040679999999999994
-0.031918153846153846
0.0016689230769230767
0.021696
0.03838523076923077
0.05757784615384615
0.07802215384615384
0.0988836923076923
0.08782707692307692
0.05507446153846154
0.015020307692307692
-0.0008344615384615384
0.004589538461538461
0.005215384615384615
0.005841230769230769
-0.0012516923076923076
0.013768615384615384
0.03859384615384615
0.05382276923076923
0.05611753846153846
0.012934153846153845
