0.06216738461538462
0.119328
0.16105107692307694
0.1637630769230769
0.09909230769230769
0.02211323076923077
-0.04109723076923077
-0.06592246153846154
-0.06300184615384616
-0.05757784615384615
-0.03337846153846154
0.013768615384615384
0.0974233846153846
0.15687876923076924
0.16105107692307694
0.10618523076923077
0.01981846153846154
-0.03775938461538462
-0.059664
-0.048816000000000005
-0.04860738461538461
-0.06133292307692308
-0.05820369230769231
-0.02023569230769231
0.056951999999999996
0.12412615384615384
0.1424843076923077
0.103056
0.03275261538461539
-0.015646153846153844
-0.03775938461538462
-0.04672984615384615
-0.04380923076923077
-0.03775938461538462
-0.016897846153846156
0.027745846153846152
0.09137353846153846
0.1341396923076923
0.11098338461538461
0.051319384615384614
-0.0016689230769230767
-0.024616615384615383
-0.02858030769230769
-0.031918153846153846
-0.02357353846153846
-0.005215384615384615
0.03650769230769231
0.092208
0.12329169230769231
0.09679753846153846
0.03233538461538461
-0.03358707692307692
-0.08031692307692308
-0.06884307692307692
-0.04214030769230769
-0.02524246153846154
0.011265230769230769
0.04214030769230769
0.08574092307692306
0.12266584615384615
0.10535076923076922
0.04672984615384615
-0.032544
-0.078648
-0.08344615384615384
-0.06070707692307692
-0.02524246153846154
-0.008136
0.012308307692307691
0.050067692307692306
0.10827138461538462
0.14164984615384615
0.10743692307692307
0.051528
0.0002086153846153846
-0.030040615384615384
-0.03984553846153846
-0.043392
-0.045895384615384616
-0.054240000000000003
-0.026702769230769228
0.02273907692307692
0.06696553846153847
0.09304246153846155
0.05736923076923077
-0.0014603076923076922
-0.026076923076923077
-0.030875076923076922
-0.028788923076923077
-0.025033846153846153
-0.03400430769230769
-0.024408000000000003
0.0035464615384615383
0.028788923076923077
0.03775938461538462
0.022530461538461537
0.0006258461538461538
-0.009179076923076922
0.013768615384615384
0.027328615384615382
0.026285538461538457
0.019192615384615384
0.0016689230769230767
0.017523692307692306
0.04214030769230769
0.04214030769230769
0.01043076923076923
-0.05194523076923077
-0.09679753846153846
-0.09033046153846153
-0.0446436923076923
-0.0035464615384615383
0.011265230769230769
0.014603076923076923
0.012934153846153845
0.020027076923076922
0.02586830769230769
-0.0002086153846153846
-0.03650769230769231
-0.07468430769230769
-0.09262523076923077
-0.07593599999999999
-0.06300184615384616
-0.06425353846153846
-0.07927384615384615
-0.084072
-0.055491692307692304
0.0006258461538461538
0.040262769230769234
0.02524246153846154
-0.015437538461538461
-0.03567323076923076
-0.025659692307692307
-0.006675692307692307
-0.0008344615384615384
-0.03567323076923076
-0.07572738461538461
-0.07280676923076923
-0.03421292307692308
0.0014603076923076922
0.0006258461538461538
-0.02044430769230769
-0.04547815384615384
-0.04547815384615384
-0.007510153846153846
0.043600615384615383
0.05319692307692307
0.009179076923076922
-0.03442153846153846
-0.04839876923076923
-0.03358707692307692
-0.004589538461538461
0.009179076923076922
0.006675692307692307
0.023782153846153845
0.05486584615384615
0.08636676923076922
0.08511507692307693
0.03671630769230769
-0.007510153846153846
-0.047981538461538464
-0.04631261538461538
0.005841230769230769
0.03442153846153846
0.04672984615384615
0.052153846153846155
0.06800861538461538
0.09721476923076922
0.11724184615384614
0.09387692307692307
0.03024923076923077
-0.02044430769230769
-0.051319384615384614
-0.027328615384615382
0.021070153846153846
0.052153846153846155
0.07301538461538462
0.07531015384615385
0.08115138461538463
0.08720123076923077
0.06362769230769232
0.0077187692307692304
-0.05570030769230769
-0.07739630769230768
-0.040679999999999994
0.011473846153846154
0.07134646153846153
0.11536430769230768
0.13893784615384613
0.1704387692307692
0.1783661538461538
0.15187199999999998
0.08219446153846154
-0.028163076923076923
-0.11682461538461539
-0.14707384615384617
-0.10889723076923077
-0.02086153846153846
0.05674338461538461
0.13789476923076924
0.19359507692307693
0.19651569230769228
0.1760713846153846
0.10868861538461538
0.024408000000000003
-0.07134646153846153
-0.119328
-0.09074769230769231
-0.053405538461538456
-0.0014603076923076922
0.029206153846153847
0.04214030769230769
0.04652123076923077
0.03504738461538461
0.009804923076923077
-0.06279323076923077
-0.1314276923076923
-0.1779489230769231
-0.1792006153846154
-0.12037107692307693
-0.06279323076923077
0.011265230769230769
0.061750153846153844
0.08636676923076922
0.116616
0.078648
0.009804923076923077
-0.07969107692307692
-0.1733593846153846
-0.20673784615384616
-0.17982646153846152
-0.08135999999999999
0.014185846153846153
0.08469784615384615
0.1422756923076923
0.16730953846153845
0.15959076923076923
0.0963803076923077
0.01940123076923077
-0.041514461538461535
-0.06738276923076922
-0.037967999999999995
0.017523692307692306
0.08574092307692306
