0.11244369230769231
0.1356
0.11578153846153846
0.07468430769230769
-0.007510153846153846
-0.043600615384615383
-0.019609846153846155
0.006049846153846154
0.05590892307692308
0.08448923076923077
0.1205796923076923
0.15416676923076922
0.17085599999999998
0.1842073846153846
0.12683815384615382
0.059038153846153844
0.0012516923076923076
-0.0448523076923077
-0.03233538461538461
-0.006675692307692307
0.023990769230769232
0.05277969230769231
0.08761846153846153
0.132888
0.14123261538461537
0.12350030769230769
0.07113784615384615
0.010848
-0.026494153846153844
-0.04944184615384615
-0.02795446153846154
-0.017523692307692306
0.005424
0.052571076923076915
0.0828203076923077
0.09950953846153845
0.06717415384615384
0.028163076923076923
-0.024408000000000003
-0.06446215384615385
-0.056951999999999996
-0.044435076923076924
-0.006467076923076923
0.02086153846153846
0.03671630769230769
0.06133292307692308
0.07843938461538462
0.09909230769230769
0.07739630769230768
0.028163076923076923
-0.0008344615384615384
-0.016897846153846156
-0.009387692307692307
0.0
0.005841230769230769
0.015228923076923076
0.028371692307692306
0.07134646153846153
0.11745046153846153
0.12037107692307693
0.06279323076923077
-0.015228923076923076
-0.061124307692307686
-0.07593599999999999
-0.04756430769230769
-0.012934153846153845
0.003963692307692307
0.032544
0.07489292307692308
0.10576799999999999
0.10389046153846154
0.08302892307692307
0.024199384615384616
-0.03275261538461539
-0.05090215384615384
-0.037967999999999995
-0.007927384615384614
0.0012516923076923076
0.02357353846153846
0.06613107692307692
0.10222153846153846
0.1316363076923077
0.14039815384615384
0.11578153846153846
0.06842584615384616
0.023364923076923075
0.010639384615384617
0.006049846153846154
-0.0050067692307692304
-0.006258461538461538
0.004172307692307692
0.04547815384615384
0.07426707692307692
0.08469784615384615
0.048816000000000005
-0.025659692307692307
-0.06863446153846153
-0.08302892307692307
-0.062376
-0.03921969230769231
-0.021696
-0.004589538461538461
0.016897846153846156
0.04193169230769231
0.04526953846153846
0.022947692307692308
-0.032544
-0.0853236923076923
-0.11578153846153846
-0.11640738461538462
-0.09095630769230768
-0.07510153846153846
-0.06258461538461538
-0.03379569230769231
0.005215384615384615
0.042348923076923076
0.05799507692307692
0.04735569230769231
0.03296123076923077
0.008970461538461538
0.006884307692307692
0.015437538461538461
0.005632615384615384
0.011891076923076923
0.012099692307692308
0.026494153846153844
0.04401784615384615
0.03421292307692308
0.005424
-0.05298830769230769
-0.10263876923076923
-0.11494707692307692
-0.0892873846153846
-0.06362769230769232
-0.052153846153846155
-0.043600615384615383
-0.016063384615384615
0.044435076923076924
0.07927384615384615
0.08574092307692306
0.06863446153846153
0.024616615384615383
0.0014603076923076922
-0.008970461538461538
-0.017940923076923077
-0.018983999999999997
-0.028371692307692306
-0.02524246153846154
0.005424
0.04735569230769231
0.07468430769230769
0.061124307692307686
0.02899753846153846
0.023364923076923075
0.03901107692307692
0.04902461538461538
0.05507446153846154
0.03400430769230769
0.004589538461538461
0.013560000000000001
0.04714707692307692
0.08365476923076923
0.07781353846153846
0.018983999999999997
-0.02899753846153846
-0.04985907692307692
-0.05945538461538461
-0.07405846153846153
-0.08991323076923076
-0.09053907692307692
-0.08594953846153845
-0.043392
0.021904615384615383
0.06154153846153846
0.042557538461538466
-0.002086153846153846
-0.019192615384615384
-0.029623384615384614
-0.02482523076923077
-0.03421292307692308
-0.05820369230769231
-0.06133292307692308
-0.03400430769230769
0.02482523076923077
0.05048492307692308
0.028371692307692306
-0.022530461538461537
-0.08720123076923077
-0.10994030769230768
-0.10159569230769232
-0.08073415384615384
-0.06258461538461538
-0.065088
-0.045895384615384616
-0.0022947692307692304
0.04672984615384615
0.06133292307692308
0.024199384615384616
-0.028371692307692306
-0.08323753846153846
-0.09053907692307692
-0.07384984615384615
-0.07948246153846153
-0.06863446153846153
-0.05277969230769231
-0.002712
0.061124307692307686
0.08219446153846154
0.08490646153846154
0.05048492307692308
0.031709538461538456
0.043392
0.04318338461538461
0.043600615384615383
0.011682461538461537
0.0022947692307692304
0.042557538461538466
0.08907876923076924
0.14707384615384617
0.15228923076923076
0.10743692307692307
0.05757784615384615
0.01710646153846154
0.028163076923076923
0.04693846153846153
0.05048492307692308
0.05277969230769231
0.06383630769230769
0.10076123076923077
0.13455692307692307
0.14206707692307693
0.1028473846153846
0.045060923076923075
-0.0077187692307692304
-0.03233538461538461
-0.014603076923076923
-0.013560000000000001
-0.027745846153846152
-0.04130584615384615
-0.042557538461538466
-0.005841230769230769
0.035255999999999996
0.04672984615384615
0.03045784615384615
