0.04380923076923077
-0.030040615384615384
-0.062376
-0.031709538461538456
0.014394461538461538
0.044435076923076924
0.04756430769230769
0.05611753846153846
0.07051199999999999
0.09116492307692307
0.116616
0.07781353846153846
0.025033846153846153
-0.009179076923076922
-0.03629907692307692
-0.029623384615384614
-0.03024923076923077
-0.027328615384615382
-0.03024923076923077
-0.016480615384615385
0.03108369230769231
0.07072061538461538
0.07259815384615384
0.021278769230769233
-0.02315630769230769
-0.04380923076923077
-0.03045784615384615
-0.0077187692307692304
-0.004589538461538461
-0.0029206153846153843
0.0016689230769230767
0.040054153846153843
0.084072
0.08365476923076923
0.05736923076923077
0.017732307692307693
-0.018775384615384614
-0.016063384615384615
0.01668923076923077
0.05277969230769231
0.06675692307692307
0.06884307692307692
0.08010830769230769
0.09074769230769231
0.09179076923076923
0.06633969230769231
0.01668923076923077
-0.02524246153846154
-0.028788923076923077
0.0014603076923076922
0.03400430769230769
0.03442153846153846
0.006049846153846154
-0.015020307692307692
-0.010848
0.023990769230769232
0.03421292307692308
0.013768615384615384
-0.0002086153846153846
-0.01710646153846154
0.003963692307692307
0.03859384615384615
0.049233230769230765
0.03629907692307692
0.007510153846153846
0.006675692307692307
0.015228923076923076
0.007510153846153846
-0.017732307692307693
-0.045060923076923075
-0.058829538461538454
-0.04902461538461538
-0.010639384615384617
0.02545107692307692
0.03379569230769231
0.03150092307692308
0.03692492307692308
0.050067692307692306
0.054240000000000003
0.026494153846153844
-0.01043076923076923
-0.04672984615384615
-0.059038153846153844
-0.04088861538461538
-0.021904615384615383
-0.005841230769230769
-0.018358153846153843
-0.02545107692307692
-0.01940123076923077
-0.01043076923076923
0.004589538461538461
-0.013768615384615384
-0.025033846153846153
-0.026285538461538457
-0.011265230769230769
0.02357353846153846
0.032544
0.02524246153846154
-0.012308307692307691
-0.044435076923076924
-0.03233538461538461
-0.021278769230769233
-0.01814953846153846
-0.010639384615384617
0.01272553846153846
0.0448523076923077
0.06863446153846153
0.08907876923076924
0.05382276923076923
-0.009804923076923077
-0.04547815384615384
-0.05048492307692308
-0.0077187692307692304
0.013351384615384614
0.01940123076923077
0.02273907692307692
0.006258461538461538
0.014394461538461538
0.014603076923076923
-0.006675692307692307
-0.059038153846153844
-0.116616
-0.11828492307692307
-0.08469784615384615
-0.03692492307692308
0.0016689230769230767
0.017732307692307693
0.03337846153846154
0.04714707692307692
0.06571384615384615
0.06341907692307691
0.018358153846153843
-0.025659692307692307
-0.05820369230769231
-0.04944184615384615
-0.019609846153846155
0.006675692307692307
0.03692492307692308
0.03483876923076923
0.05924676923076923
0.09992676923076924
0.11473846153846154
0.09596307692307693
0.022947692307692308
-0.031709538461538456
-0.06070707692307692
-0.04965046153846154
-0.005424
0.024616615384615383
0.051319384615384614
0.07280676923076923
0.10076123076923077
0.10389046153846154
0.07426707692307692
0.011473846153846154
-0.059038153846153844
-0.09074769230769231
-0.086784
-0.04526953846153846
0.010013538461538461
0.06842584615384616
0.11035753846153845
0.11578153846153846
0.10535076923076922
0.07739630769230768
0.014394461538461538
-0.06008123076923077
-0.10493353846153847
-0.09554584615384615
-0.04547815384615384
0.015646153846153844
0.07426707692307692
0.10681107692307691
0.13330523076923076
0.15479261538461536
0.15604430769230768
0.119328
0.03629907692307692
-0.05799507692307692
-0.12266584615384615
-0.11703323076923078
-0.08031692307692308
-0.03713353846153846
0.0014603076923076922
0.03755076923076923
0.0828203076923077
0.09116492307692307
0.08198584615384615
0.029414769230769227
-0.048816000000000005
-0.10430769230769231
-0.13101046153846155
-0.09971815384615385
-0.04693846153846153
0.005215384615384615
0.0448523076923077
0.08177723076923075
0.1045163076923077
0.0880356923076923
0.03859384615384615
-0.04756430769230769
-0.11974523076923077
-0.14582215384615385
-0.1314276923076923
-0.07739630769230768
-0.01668923076923077
0.03233538461538461
0.0744756923076923
0.103056
0.12329169230769231
0.10827138461538462
0.03609046153846154
-0.046104
-0.10201292307692307
-0.11056615384615384
-0.0717636923076923
-0.03024923076923077
0.0002086153846153846
0.026076923076923077
0.06154153846153846
0.10055261538461538
0.10806276923076923
0.06863446153846153
-0.014394461538461538
-0.10013538461538461
-0.14206707692307693
-0.1316363076923077
-0.09512861538461538
-0.053614153846153846
-0.0070929230769230765
0.03692492307692308
0.073224
0.08824430769230769
0.06905169230769231
0.012516923076923077
-0.05611753846153846
-0.08219446153846154
-0.06905169230769231
-0.028371692307692306
0.015020307692307692
0.05111076923076923
0.08615815384615384
0.10159569230769232
0.10952307692307692
