-0.042974769230769226
-0.11223507692307692
-0.12350030769230769
-0.11223507692307692
-0.054657230769230764
-0.022530461538461537
0.013768615384615384
0.06279323076923077
0.09930092307692308
0.14394461538461537
0.12329169230769231
0.05528307692307692
-0.03233538461538461
-0.08574092307692306
-0.06800861538461538
-0.030875076923076922
0.030040615384615384
0.07384984615384615
0.12767261538461538
0.19609846153846153
0.20965846153846154
0.19192615384615386
0.1218313846153846
0.03066646153846154
-0.042557538461538466
-0.08219446153846154
-0.05924676923076923
-0.02086153846153846
0.03650769230769231
0.07697907692307693
0.11432123076923076
0.165432
0.17023015384615386
0.14519630769230768
0.06133292307692308
-0.028788923076923077
-0.084072
-0.103056
-0.04193169230769231
0.029623384615384614
0.09471138461538461
0.13893784615384613
0.16188553846153847
0.18399876923076922
0.15875630769230767
0.10576799999999999
0.025033846153846153
-0.035255999999999996
-0.04944184615384615
-0.027328615384615382
0.034630153846153845
0.08031692307692308
0.13226215384615383
0.18191261538461537
0.20110523076923076
0.18900553846153845
0.11891076923076922
0.02086153846153846
-0.08490646153846154
-0.15646153846153846
-0.15354092307692307
-0.10952307692307692
-0.04756430769230769
0.006049846153846154
0.05507446153846154
0.08824430769230769
0.08636676923076922
0.06195876923076923
-0.0022947692307692304
-0.08657538461538461
-0.16251138461538459
-0.19067446153846154
-0.17085599999999998
-0.13726892307692307
-0.07781353846153846
-0.02232184615384615
0.03984553846153846
0.08094276923076923
0.05924676923076923
0.02545107692307692
-0.042974769230769226
-0.10159569230769232
-0.11286092307692308
-0.0988836923076923
-0.04693846153846153
-0.0025033846153846152
0.040679999999999994
0.08344615384615384
0.11140061538461538
0.11348676923076922
0.06800861538461538
-0.0002086153846153846
-0.06821723076923077
-0.10535076923076922
-0.11640738461538462
-0.08720123076923077
-0.020652923076923076
0.04214030769230769
0.1070196923076923
0.13893784615384613
0.1489513846153846
0.13768615384615385
0.06550523076923077
-0.009596307692307692
-0.06592246153846154
-0.09012184615384615
-0.06717415384615384
-0.029414769230769227
0.026911384615384615
0.08240307692307691
0.13622584615384614
0.1775316923076923
0.1802436923076923
0.1397723076923077
0.04902461538461538
-0.012934153846153845
-0.027745846153846152
-0.01710646153846154
0.019609846153846155
0.04172307692307692
0.06800861538461538
0.09450276923076922
0.11599015384615384
0.13372246153846154
0.10931446153846153
0.05611753846153846
-0.009387692307692307
-0.05528307692307692
-0.05507446153846154
-0.027328615384615382
0.005841230769230769
0.026285538461538457
0.04735569230769231
0.08428061538461538
0.11035753846153845
0.10347323076923076
0.059664
-0.004589538461538461
-0.061750153846153844
-0.08490646153846154
-0.06425353846153846
-0.03942830769230769
-0.012516923076923077
0.02044430769230769
0.05924676923076923
0.10201292307692307
0.12204
0.11202646153846153
0.07197230769230768
0.02211323076923077
-0.013351384615384614
-0.011056615384615385
0.008344615384615384
0.030875076923076922
0.042974769230769226
0.043600615384615383
0.06404492307692307
0.07280676923076923
0.06863446153846153
0.03233538461538461
-0.017940923076923077
-0.040679999999999994
-0.051528
-0.043392
-0.043392
-0.040262769230769234
-0.030040615384615384
-0.01043076923076923
0.04547815384615384
0.084072
0.07510153846153846
0.025033846153846153
-0.028788923076923077
-0.04631261538461538
-0.03901107692307692
-0.02858030769230769
-0.031709538461538456
-0.03609046153846154
-0.019609846153846155
0.02232184615384615
0.061750153846153844
0.06571384615384615
0.03650769230769231
-0.015437538461538461
-0.03942830769230769
-0.028163076923076923
-0.010013538461538461
0.0043809230769230765
-0.0022947692307692304
0.005632615384615384
0.021278769230769233
0.030875076923076922
0.029206153846153847
-0.012308307692307691
-0.06529661538461538
-0.11390399999999999
-0.12808984615384614
-0.08094276923076923
-0.04422646153846154
-0.029623384615384614
-0.01397723076923077
-0.008136
0.025659692307692307
0.059038153846153844
0.055491692307692304
0.0070929230769230765
-0.062376
-0.10889723076923077
-0.12412615384615384
-0.0988836923076923
-0.08240307692307691
-0.059664
-0.02524246153846154
0.010222153846153844
0.07364123076923076
0.08866153846153846
0.05924676923076923
0.006884307692307692
-0.05319692307692307
-0.05611753846153846
-0.028163076923076923
0.0050067692307692304
0.024408000000000003
0.02357353846153846
0.040679999999999994
0.06070707692307692
0.06216738461538462
0.03880246153846154
-0.009387692307692307
-0.05048492307692308
-0.06216738461538462
-0.03963692307692308
-0.005841230769230769
0.008136
-0.0025033846153846152
0.001043076923076923
0.027328615384615382
0.05236246153846154
0.08240307692307691
0.0826116923076923
0.04860738461538461
0.024199384615384616
0.022947692307692308
