0.030040615384615384
0.05778646153846154
0.08135999999999999
0.11995384615384615
0.1207883076923077
0.08866153846153846
0.022947692307692308
-0.05403138461538461
-0.07635323076923077
-0.07134646153846153
-0.029414769230769227
0.0016689230769230767
0.021696
0.051319384615384614
0.06028984615384615
0.08219446153846154
0.06425353846153846
0.011682461538461537
-0.04401784615384615
-0.0880356923076923
-0.0717636923076923
-0.03066646153846154
0.014811692307692307
0.04088861538461538
0.04756430769230769
0.08177723076923075
0.11494707692307692
0.11828492307692307
0.08949599999999999
0.035255999999999996
-0.008970461538461538
-0.028788923076923077
-0.01668923076923077
0.014811692307692307
0.04193169230769231
0.05611753846153846
0.06946892307692307
0.10076123076923077
0.1218313846153846
0.11765907692307691
0.08824430769230769
0.03838523076923077
0.006675692307692307
-0.0002086153846153846
0.0029206153846153843
-0.0043809230769230765
-0.014811692307692307
-0.009179076923076922
0.013768615384615384
0.05319692307692307
0.0717636923076923
0.05069353846153846
-0.011682461538461537
-0.08094276923076923
-0.11619876923076923
-0.119328
-0.08845292307692308
-0.047772923076923074
-0.009596307692307692
0.03400430769230769
0.06717415384615384
0.08198584615384615
0.07009476923076922
0.02273907692307692
-0.030875076923076922
-0.04944184615384615
-0.026494153846153844
0.011682461538461537
0.026285538461538457
0.01940123076923077
0.02545107692307692
0.05173661538461538
0.08302892307692307
0.09074769230769231
0.06425353846153846
0.018358153846153843
-0.006049846153846154
0.0006258461538461538
0.005424
0.006258461538461538
-0.0025033846153846152
0.0018775384615384615
0.026285538461538457
0.06362769230769232
0.09992676923076924
0.08219446153846154
0.03400430769230769
-0.012934153846153845
-0.032544
-0.01814953846153846
-0.02023569230769231
-0.031918153846153846
-0.03629907692307692
-0.020652923076923076
0.03755076923076923
0.084072
0.09784061538461537
0.08386338461538462
0.029623384615384614
-0.0006258461538461538
0.008136
0.03358707692307692
0.04902461538461538
0.03212676923076923
0.02545107692307692
0.03921969230769231
0.07531015384615385
0.10994030769230768
0.10430769230769231
0.06049846153846154
0.009804923076923077
0.007301538461538462
0.029414769230769227
0.029414769230769227
-0.001043076923076923
-0.035255999999999996
-0.02858030769230769
0.006258461538461538
0.051528
0.07301538461538462
0.03567323076923076
-0.013142769230769229
-0.040679999999999994
-0.024616615384615383
0.0008344615384615384
-0.016897846153846156
-0.026285538461538457
-0.03483876923076923
-0.013351384615384614
0.04693846153846153
0.05590892307692308
0.022530461538461537
-0.04672984615384615
-0.1045163076923077
-0.11327815384615383
-0.09283384615384616
-0.04214030769230769
-0.009179076923076922
-0.0006258461538461538
0.010848
0.03692492307692308
0.06425353846153846
0.03337846153846154
-0.03066646153846154
-0.08699261538461538
-0.12245723076923076
-0.10493353846153847
-0.06571384615384615
-0.03567323076923076
-0.04214030769230769
-0.06133292307692308
-0.04902461538461538
-0.02273907692307692
-0.006049846153846154
-0.03775938461538462
-0.07468430769230769
-0.0936683076923077
-0.08887015384615385
-0.04985907692307692
-0.031709538461538456
-0.023364923076923075
-0.03066646153846154
-0.022530461538461537
-0.0014603076923076922
0.015854769230769228
0.030875076923076922
-0.012308307692307691
-0.046104
-0.07072061538461538
-0.07426707692307692
-0.042348923076923076
-0.047772923076923074
-0.040679999999999994
-0.009179076923076922
0.027745846153846152
0.07280676923076923
0.09471138461538461
0.07969107692307692
0.041514461538461535
0.013560000000000001
0.010013538461538461
0.01981846153846154
0.02044430769230769
0.0022947692307692304
-0.005215384615384615
0.006258461538461538
0.030875076923076922
0.06279323076923077
0.06404492307692307
0.03233538461538461
0.006884307692307692
0.010222153846153844
0.04276615384615385
0.08156861538461539
0.09930092307692308
0.09387692307692307
0.07697907692307693
0.0826116923076923
0.11265230769230769
0.11432123076923076
0.08824430769230769
0.059872615384615385
0.04902461538461538
0.06487938461538462
0.07426707692307692
0.06529661538461538
0.04672984615384615
0.03337846153846154
0.04735569230769231
0.06946892307692307
0.09784061538461537
0.103056
0.07614461538461538
0.06946892307692307
0.06800861538461538
0.078648
0.08010830769230769
0.035464615384615386
-0.0043809230769230765
-0.026911384615384615
-0.015646153846153844
0.012516923076923077
0.006049846153846154
-0.0043809230769230765
-0.018983999999999997
-0.01814953846153846
0.008344615384615384
0.027745846153846152
0.03775938461538462
0.017315076923076923
0.0006258461538461538
-0.0002086153846153846
-0.003129230769230769
-0.0014603076923076922
-0.020027076923076922
-0.043392
-0.04422646153846154
-0.021070153846153846
0.010639384615384617
0.011265230769230769
-0.011265230769230769
-0.037967999999999995
-0.05403138461538461
-0.037967999999999995
