0.05048492307692308
0.00855323076923077
-0.0012516923076923076
-0.007927384615384614
0.012516923076923077
0.03504738461538461
0.013768615384615384
0.015646153846153844
0.03609046153846154
0.06195876923076923
0.06279323076923077
0.015646153846153844
-0.02023569230769231
-0.04735569230769231
-0.03859384615384615
0.0002086153846153846
0.009596307692307692
0.006884307692307692
-0.010222153846153844
-0.0043809230769230765
0.015020307692307692
0.009179076923076922
-0.014603076923076923
-0.0828203076923077
-0.13247076923076923
-0.13455692307692307
-0.10138707692307691
-0.05298830769230769
-0.02586830769230769
0.006884307692307692
0.04088861538461538
0.06258461538461538
0.06300184615384616
0.02545107692307692
-0.032544
-0.10409907692307692
-0.14582215384615385
-0.12329169230769231
-0.09825784615384614
-0.07218092307692307
-0.03838523076923077
-0.0002086153846153846
0.04401784615384615
0.054657230769230764
0.04047138461538462
-0.013768615384615384
-0.08052553846153847
-0.11703323076923078
-0.1097316923076923
-0.059872615384615385
-0.014185846153846153
0.034630153846153845
0.061124307692307686
0.07969107692307692
0.10743692307692307
0.09846646153846153
0.05653476923076922
-0.016063384615384615
-0.07343261538461537
-0.08323753846153846
-0.0448523076923077
0.026702769230769228
0.084072
0.12308307692307692
0.15813046153846153
0.19755876923076923
0.21320492307692307
0.17732307692307692
0.10347323076923076
0.021278769230769233
-0.018358153846153843
-0.013768615384615384
0.0077187692307692304
0.04965046153846154
0.0609156923076923
0.054657230769230764
0.07468430769230769
0.08991323076923076
0.09491999999999999
0.04172307692307692
-0.04214030769230769
-0.09533723076923077
-0.1136953846153846
-0.07843938461538462
-0.029623384615384614
0.01043076923076923
0.04735569230769231
0.07510153846153846
0.09429415384615383
0.0855323076923077
0.03504738461538461
-0.04380923076923077
-0.1136953846153846
-0.13810338461538463
-0.12662953846153846
-0.0855323076923077
-0.024408000000000003
0.015646153846153844
0.04172307692307692
0.06049846153846154
0.08344615384615384
0.07280676923076923
0.02211323076923077
-0.03921969230769231
-0.09575446153846154
-0.09179076923076923
-0.06738276923076922
-0.03504738461538461
-0.010639384615384617
-0.015020307692307692
-0.0012516923076923076
0.015646153846153844
0.023782153846153845
0.005424
-0.04756430769230769
-0.09950953846153845
-0.13267938461538462
-0.1207883076923077
-0.07656184615384615
-0.023364923076923075
0.018358153846153843
0.051528
0.09763200000000001
0.12391753846153845
0.12704676923076924
0.09533723076923077
0.02795446153846154
-0.027328615384615382
-0.04944184615384615
-0.02023569230769231
0.015228923076923076
0.024199384615384616
0.05111076923076923
0.08302892307692307
0.10889723076923077
0.11348676923076922
0.06738276923076922
-0.007301538461538462
-0.07259815384615384
-0.08636676923076922
-0.053405538461538456
-0.013142769230769229
0.016063384615384615
0.04693846153846153
0.08365476923076923
0.10785415384615385
0.12266584615384615
0.1178676923076923
0.06905169230769231
-0.008344615384615384
-0.05507446153846154
-0.05590892307692308
-0.04714707692307692
-0.020652923076923076
0.02357353846153846
0.08219446153846154
0.13747753846153846
0.165432
0.17398523076923075
0.13330523076923076
0.06633969230769231
0.03400430769230769
0.02023569230769231
0.02357353846153846
0.033169846153846154
0.03671630769230769
0.061124307692307686
0.08824430769230769
0.11265230769230769
0.11745046153846153
0.08636676923076922
0.043392
-0.005841230769230769
-0.03880246153846154
-0.032544
-0.025659692307692307
-0.020027076923076922
-0.004589538461538461
0.021487384615384613
0.08323753846153846
0.11870215384615385
0.11160923076923077
0.07218092307692307
0.010222153846153844
-0.034630153846153845
-0.058412307692307694
-0.046104
-0.03942830769230769
-0.03775938461538462
-0.017315076923076923
0.021904615384615383
0.07197230769230768
0.09429415384615383
0.08594953846153845
0.028163076923076923
-0.024408000000000003
-0.03713353846153846
-0.03379569230769231
-0.01668923076923077
-0.015646153846153844
0.007927384615384614
0.04839876923076923
0.0826116923076923
0.10827138461538462
0.08302892307692307
0.028371692307692306
-0.03504738461538461
-0.07906523076923076
-0.086784
-0.09658892307692307
-0.0961716923076923
-0.07572738461538461
-0.03838523076923077
0.011056615384615385
0.06216738461538462
0.09325107692307691
0.05799507692307692
-0.0006258461538461538
-0.03713353846153846
-0.05277969230769231
-0.04130584615384615
-0.03650769230769231
-0.026285538461538457
-0.009596307692307692
0.01981846153846154
0.07238953846153846
0.09700615384615385
0.084072
0.01668923076923077
-0.05528307692307692
-0.08302892307692307
-0.08177723076923075
-0.04568676923076923
-0.02586830769230769
-0.014394461538461538
0.020652923076923076
0.06070707692307692
0.10389046153846154
0.103056
0.05528307692307692
-0.015646153846153844
-0.07885661538461539
-0.08699261538461538
-0.07781353846153846
