0.09283384615384616
0.07364123076923076
0.026285538461538457
-0.0016689230769230767
-0.014185846153846153
-0.0004172307692307692
0.040679999999999994
0.03859384615384615
0.015646153846153844
-0.0008344615384615384
0.005424
0.034630153846153845
0.03713353846153846
0.017523692307692306
-0.015646153846153844
-0.04714707692307692
-0.03129230769230769
-0.006049846153846154
0.0014603076923076922
-0.004589538461538461
-0.030040615384615384
-0.02586830769230769
0.005841230769230769
0.035255999999999996
0.04568676923076923
0.03588184615384615
0.016063384615384615
0.003129230769230769
0.013351384615384614
0.02545107692307692
0.027120000000000002
0.010013538461538461
0.009179076923076922
0.029206153846153847
0.058412307692307694
0.07885661538461539
0.06008123076923077
0.03567323076923076
0.013142769230769229
0.016272
0.040679999999999994
0.043392
0.026076923076923077
-0.004798153846153846
-0.008970461538461538
0.015646153846153844
0.041514461538461535
0.06070707692307692
0.05173661538461538
0.03609046153846154
0.03755076923076923
0.045895384615384616
0.03400430769230769
-0.014185846153846153
-0.06800861538461538
-0.10222153846153846
-0.08720123076923077
-0.031709538461538456
0.01668923076923077
0.05277969230769231
0.06738276923076922
0.07259815384615384
0.08073415384615384
0.07051199999999999
0.04214030769230769
-0.009804923076923077
-0.06550523076923077
-0.08386338461538462
-0.06571384615384615
-0.03650769230769231
-0.003129230769230769
0.013560000000000001
0.015646153846153844
0.015228923076923076
0.0077187692307692304
-0.0012516923076923076
-0.052153846153846155
-0.11557292307692307
-0.14686523076923075
-0.13393107692307693
-0.07405846153846153
-0.010848
0.026702769230769228
0.04839876923076923
0.07259815384615384
0.08365476923076923
0.078648
0.042557538461538466
-0.015646153846153844
-0.05736923076923077
-0.06529661538461538
-0.03212676923076923
0.009596307692307692
0.04672984615384615
0.07426707692307692
0.09137353846153846
0.11327815384615383
0.12913292307692306
0.11473846153846154
0.05736923076923077
-0.015854769230769228
-0.06487938461538462
-0.06654830769230768
-0.029414769230769227
0.008344615384615384
0.040262769230769234
0.062376
0.08073415384615384
0.1028473846153846
0.09262523076923077
0.03483876923076923
-0.03588184615384615
-0.08135999999999999
-0.0974233846153846
-0.08073415384615384
-0.04172307692307692
0.008970461538461538
0.040679999999999994
0.061124307692307686
0.10055261538461538
0.11306953846153844
0.07551876923076924
-0.006675692307692307
-0.08386338461538462
-0.13267938461538462
-0.15604430769230768
-0.13914646153846155
-0.09137353846153846
-0.04631261538461538
-0.006675692307692307
0.04902461538461538
0.08824430769230769
0.09554584615384615
0.04214030769230769
-0.04318338461538461
-0.11348676923076922
-0.1422756923076923
-0.09909230769230769
-0.05444861538461539
-0.017523692307692306
0.024616615384615383
0.05590892307692308
0.07051199999999999
0.05820369230769231
0.008970461538461538
-0.08699261538461538
-0.17315076923076922
-0.21696000000000001
-0.18525046153846153
-0.10243015384615384
-0.03045784615384615
0.03838523076923077
0.08240307692307691
0.12162276923076921
0.13747753846153846
0.10201292307692307
0.03483876923076923
-0.05862092307692307
-0.12808984615384614
-0.13622584615384614
-0.08386338461538462
-0.015854769230769228
0.042974769230769226
0.08240307692307691
0.09658892307692307
0.11244369230769231
0.10868861538461538
0.07760492307692309
0.021904615384615383
-0.04380923076923077
-0.07259815384615384
-0.06633969230769231
-0.031918153846153846
0.011473846153846154
0.042557538461538466
0.08010830769230769
0.11682461538461539
0.12683815384615382
0.10493353846153847
0.03045784615384615
-0.04985907692307692
-0.08845292307692308
-0.07677046153846154
-0.013768615384615384
0.0448523076923077
0.09241661538461539
0.12850707692307692
0.1504116923076923
0.16793538461538463
0.16501476923076921
0.12496061538461539
0.054240000000000003
0.01272553846153846
0.011473846153846154
0.03045784615384615
0.05382276923076923
0.07405846153846153
0.09325107692307691
0.10263876923076923
0.12934153846153845
0.15228923076923076
0.14164984615384615
0.08219446153846154
0.009804923076923077
-0.02899753846153846
-0.04652123076923077
-0.03045784615384615
-0.02524246153846154
-0.010848
0.015646153846153844
0.026076923076923077
0.04631261538461538
0.027328615384615382
-0.015646153846153844
-0.059038153846153844
-0.0892873846153846
-0.06383630769230769
-0.021904615384615383
0.005215384615384615
0.011265230769230769
0.006258461538461538
0.02858030769230769
0.05277969230769231
0.06362769230769232
0.05736923076923077
0.013560000000000001
-0.03629907692307692
-0.06446215384615385
-0.05444861538461539
-0.045060923076923075
-0.03129230769230769
0.0025033846153846152
0.03609046153846154
0.10430769230769231
0.1614683076923077
0.17252492307692308
0.13247076923076923
0.06279323076923077
0.030875076923076922
0.021278769230769233
0.027328615384615382
0.03045784615384615
0.024616615384615383
0.029623384615384614
