-0.07197230769230768
-0.059872615384615385
-0.054657230769230764
-0.06696553846153847
-0.06216738461538462
-0.05111076923076923
-0.02586830769230769
-0.0004172307692307692
-0.024408000000000003
-0.06133292307692308
-0.09053907692307692
-0.08115138461538463
-0.053614153846153846
-0.05736923076923077
-0.053405538461538456
-0.054240000000000003
-0.042974769230769226
-0.0004172307692307692
0.03567323076923076
0.04902461538461538
0.017523692307692306
-0.013768615384615384
-0.012099692307692308
0.024199384615384616
0.06988615384615385
0.07051199999999999
0.07134646153846153
0.100344
0.1314276923076923
0.14665661538461539
0.12537784615384615
0.08323753846153846
0.024199384615384616
-0.018358153846153843
-0.015228923076923076
0.01710646153846154
0.04902461538461538
0.03755076923076923
0.03275261538461539
0.05298830769230769
0.07364123076923076
0.092208
0.07489292307692308
0.026285538461538457
-0.02545107692307692
-0.047772923076923074
-0.015437538461538461
0.01981846153846154
0.013560000000000001
-0.013560000000000001
-0.021904615384615383
0.004589538461538461
0.04672984615384615
0.07218092307692307
0.04714707692307692
0.005841230769230769
-0.01710646153846154
-0.01814953846153846
-0.0002086153846153846
0.01981846153846154
0.02023569230769231
0.012099692307692308
0.03504738461538461
0.07364123076923076
0.09387692307692307
0.06800861538461538
0.01814953846153846
-0.03483876923076923
-0.065088
-0.05194523076923077
-0.03671630769230769
-0.04526953846153846
-0.06404492307692307
-0.06341907692307691
-0.03921969230769231
-0.012099692307692308
-0.009387692307692307
-0.04193169230769231
-0.09241661538461539
-0.11557292307692307
-0.10389046153846154
-0.08323753846153846
-0.06049846153846154
-0.053614153846153846
-0.059038153846153844
-0.049233230769230765
-0.018983999999999997
0.007301538461538462
-0.009387692307692307
-0.04985907692307692
-0.059664
-0.029414769230769227
0.015646153846153844
0.04526953846153846
0.05716061538461538
0.03275261538461539
0.011473846153846154
0.031918153846153846
0.06362769230769232
0.08177723076923075
0.054240000000000003
0.02753723076923077
0.01981846153846154
0.010639384615384617
0.011473846153846154
-0.006258461538461538
-0.03483876923076923
-0.04631261538461538
-0.03504738461538461
0.0016689230769230767
0.02899753846153846
0.03609046153846154
0.03859384615384615
0.04902461538461538
0.07906523076923076
0.10138707692307691
0.111192
0.08949599999999999
0.045895384615384616
0.01668923076923077
0.003755076923076923
0.030040615384615384
0.053614153846153846
0.044435076923076924
0.05048492307692308
0.08991323076923076
0.14394461538461537
0.17273353846153844
0.16063384615384615
0.13393107692307693
0.10222153846153846
0.08720123076923077
0.09074769230769231
0.07969107692307692
0.05778646153846154
0.04401784615384615
0.04902461538461538
0.06863446153846153
0.0798996923076923
0.06654830769230768
0.03233538461538461
-0.02273907692307692
-0.047772923076923074
-0.03504738461538461
-0.031709538461538456
-0.026285538461538457
-0.014185846153846153
-0.002712
0.022530461538461537
0.051528
0.056951999999999996
0.02858030769230769
-0.04422646153846154
-0.0974233846153846
-0.0936683076923077
-0.07489292307692308
-0.03650769230769231
-0.0016689230769230767
0.02545107692307692
0.055491692307692304
0.07197230769230768
0.09554584615384615
0.08448923076923077
0.026702769230769228
-0.03921969230769231
-0.0855323076923077
-0.07572738461538461
-0.02795446153846154
0.027745846153846152
0.056326153846153845
0.08636676923076922
0.12788123076923075
0.130176
0.092208
0.018983999999999997
-0.06425353846153846
-0.10722830769230769
-0.09429415384615383
-0.03692492307692308
0.017523692307692306
0.054240000000000003
0.09262523076923077
0.12600369230769232
0.13789476923076924
0.10994030769230768
0.06633969230769231
0.009804923076923077
-0.03567323076923076
-0.027120000000000002
0.0022947692307692304
0.04109723076923077
0.07009476923076922
0.086784
0.11140061538461538
0.12579507692307693
0.12496061538461539
0.0717636923076923
-0.01397723076923077
-0.08073415384615384
-0.12120553846153845
-0.10201292307692307
-0.05090215384615384
0.008761846153846153
0.06926030769230769
0.09784061538461537
0.1178676923076923
0.11870215384615385
0.08365476923076923
0.0035464615384615383
-0.09763200000000001
-0.16897846153846155
-0.18483323076923078
-0.13601723076923075
-0.06654830769230768
0.01043076923076923
0.05924676923076923
0.09658892307692307
0.13038461538461538
0.11578153846153846
0.061124307692307686
-0.02899753846153846
-0.10201292307692307
-0.11974523076923077
-0.06967753846153846
0.006258461538461538
0.07510153846153846
0.12808984615384614
0.14603076923076924
0.15354092307692307
0.12162276923076921
0.06550523076923077
-0.011265230769230769
-0.10263876923076923
-0.1356
-0.11599015384615384
-0.05778646153846154
0.004798153846153846
0.05236246153846154
0.08594953846153845
0.0934596923076923
0.09784061538461537
0.08490646153846154
0.042348923076923076
-0.014394461538461538
