0.05048492307692308
0.026702769230769228
-0.005424
-0.01272553846153846
0.008344615384615384
0.04839876923076923
0.06300184615384616
0.06300184615384616
0.05403138461538461
0.04735569230769231
0.065088
0.06759138461538462
0.040679999999999994
-0.005841230769230769
-0.03984553846153846
-0.04047138461538462
-0.024408000000000003
-0.010013538461538461
-0.02023569230769231
-0.02086153846153846
-0.015020307692307692
0.0014603076923076922
0.03609046153846154
0.02899753846153846
0.0043809230769230765
-0.021278769230769233
-0.03296123076923077
-0.008136
0.012099692307692308
0.009804923076923077
-0.009596307692307692
-0.018358153846153843
-0.004798153846153846
0.03504738461538461
0.07969107692307692
0.07218092307692307
0.04652123076923077
0.03650769230769231
0.03588184615384615
0.043600615384615383
0.03713353846153846
0.028788923076923077
0.02586830769230769
0.02753723076923077
0.03859384615384615
0.03755076923076923
0.018983999999999997
-0.018775384615384614
-0.03588184615384615
-0.01814953846153846
0.014185846153846153
0.05236246153846154
0.02753723076923077
-0.016897846153846156
-0.04193169230769231
-0.058829538461538454
-0.02899753846153846
-0.023990769230769232
-0.03233538461538461
-0.021696
-0.0070929230769230765
0.033169846153846154
0.051528
0.05173661538461538
0.027120000000000002
-0.007510153846153846
-0.015228923076923076
-0.0035464615384615383
0.03275261538461539
0.02899753846153846
-0.0018775384615384615
0.002086153846153846
0.020027076923076922
0.04652123076923077
0.05924676923076923
0.03629907692307692
-0.0004172307692307692
-0.021487384615384613
-0.0008344615384615384
0.028163076923076923
0.0446436923076923
0.04526953846153846
0.03150092307692308
0.042348923076923076
0.05653476923076922
0.06049846153846154
0.026285538461538457
-0.04672984615384615
-0.08782707692307692
-0.1028473846153846
-0.07531015384615385
-0.01710646153846154
0.015228923076923076
0.043600615384615383
0.06738276923076922
0.09179076923076923
0.11452984615384615
0.09930092307692308
0.055491692307692304
0.0025033846153846152
-0.032544
-0.03150092307692308
0.0035464615384615383
0.04547815384615384
0.06571384615384615
0.07551876923076924
0.10493353846153847
0.13747753846153846
0.11181784615384616
0.04172307692307692
-0.04839876923076923
-0.11473846153846154
-0.11432123076923076
-0.08010830769230769
-0.01272553846153846
0.040679999999999994
0.06133292307692308
0.07927384615384615
0.08720123076923077
0.09012184615384615
0.053614153846153846
-0.011891076923076923
-0.084072
-0.12788123076923075
-0.10910584615384614
-0.06425353846153846
0.008344615384615384
0.07301538461538462
0.13184492307692308
0.19359507692307693
0.20527753846153846
0.18858830769230767
0.124752
0.029623384615384614
-0.0448523076923077
-0.08198584615384615
-0.055491692307692304
-0.005215384615384615
0.065088
0.11974523076923077
0.16271999999999998
0.2125790769230769
0.19463815384615382
0.12391753846153845
0.01981846153846154
-0.06821723076923077
-0.10597661538461538
-0.10368184615384615
-0.047981538461538464
0.017523692307692306
0.07405846153846153
0.11557292307692307
0.13852061538461538
0.1397723076923077
0.07364123076923076
-0.018775384615384614
-0.09784061538461537
-0.16188553846153847
-0.16730953846153845
-0.1368516923076923
-0.07927384615384615
-0.01397723076923077
0.03921969230769231
0.09325107692307691
0.12037107692307693
0.10785415384615385
0.03713353846153846
-0.04318338461538461
-0.09554584615384615
-0.11160923076923077
-0.07364123076923076
-0.02795446153846154
0.021070153846153846
0.05716061538461538
0.08031692307692308
0.12099692307692309
0.14102399999999998
0.11140061538461538
0.03504738461538461
-0.042974769230769226
-0.08344615384615384
-0.08887015384615385
-0.06738276923076922
-0.04985907692307692
-0.03400430769230769
0.011682461538461537
0.0717636923076923
0.10743692307692307
0.10076123076923077
0.06008123076923077
-0.002712
-0.05382276923076923
-0.06487938461538462
-0.04547815384615384
-0.015437538461538461
0.0025033846153846152
0.030040615384615384
0.059664
0.07489292307692308
0.09095630769230768
0.06946892307692307
0.01272553846153846
-0.04756430769230769
-0.06613107692307692
-0.027745846153846152
0.020027076923076922
0.05674338461538461
0.078648
0.0936683076923077
0.09679753846153846
0.0853236923076923
0.06028984615384615
0.01043076923076923
-0.047981538461538464
-0.08657538461538461
-0.08636676923076922
-0.06633969230769231
-0.03859384615384615
-0.003963692307692307
0.01940123076923077
0.03859384615384615
0.06070707692307692
0.07405846153846153
0.056326153846153845
0.002086153846153846
-0.052153846153846155
-0.07364123076923076
-0.07030338461538461
-0.05319692307692307
-0.017940923076923077
0.018775384615384614
0.051528
0.0936683076923077
0.1218313846153846
0.11953661538461538
0.08135999999999999
0.026285538461538457
-0.007301538461538462
-0.016897846153846156
-0.010013538461538461
0.017732307692307693
0.06133292307692308
0.09575446153846154
0.11891076923076922
