0.026076923076923077
0.05611753846153846
0.040679999999999994
0.006049846153846154
-0.03921969230769231
-0.07343261538461537
-0.07781353846153846
-0.061750153846153844
-0.03838523076923077
-0.031709538461538456
-0.021070153846153846
0.021696
0.04965046153846154
0.04902461538461538
0.024616615384615383
-0.037342153846153844
-0.0880356923076923
-0.10848000000000001
-0.09679753846153846
-0.06988615384615385
-0.05194523076923077
-0.007510153846153846
0.04318338461538461
0.0853236923076923
0.1151556923076923
0.08720123076923077
0.011473846153846154
-0.07134646153846153
-0.1178676923076923
-0.11390399999999999
-0.08949599999999999
-0.05820369230769231
-0.010639384615384617
0.05298830769230769
0.12141415384615384
0.1787833846153846
0.1913003076923077
0.12350030769230769
0.026285538461538457
-0.05236246153846154
-0.09784061538461537
-0.0934596923076923
-0.09074769230769231
-0.07197230769230768
-0.03901107692307692
0.0
0.06800861538461538
0.09763200000000001
0.09033046153846153
0.05444861538461539
0.010639384615384617
0.010639384615384617
0.021696
0.02753723076923077
0.017523692307692306
-0.011265230769230769
-0.006884307692307692
0.03588184615384615
0.0798996923076923
0.09053907692307692
0.04714707692307692
-0.02023569230769231
-0.07134646153846153
-0.08490646153846154
-0.07969107692307692
-0.07802215384615384
-0.07218092307692307
-0.05048492307692308
0.014185846153846153
0.09012184615384615
0.13852061538461538
0.12621230769230768
0.05319692307692307
-0.0029206153846153843
-0.03859384615384615
-0.042348923076923076
-0.040262769230769234
-0.05319692307692307
-0.04944184615384615
-0.03650769230769231
0.014185846153846153
0.06967753846153846
0.08115138461538463
0.037342153846153844
-0.026076923076923077
-0.058412307692307694
-0.05444861538461539
-0.02357353846153846
-0.0029206153846153843
0.0029206153846153843
-0.0002086153846153846
0.021696
0.06321046153846153
0.07092923076923077
0.043392
-0.017732307692307693
-0.07781353846153846
-0.09909230769230769
-0.07468430769230769
-0.03337846153846154
-0.01397723076923077
-0.0006258461538461538
0.04172307692307692
0.09867507692307692
0.13267938461538462
0.13497415384615385
0.09074769230769231
0.01814953846153846
-0.033169846153846154
-0.04839876923076923
-0.04547815384615384
-0.044435076923076924
-0.042348923076923076
-0.02023569230769231
0.03150092307692308
0.09408553846153846
0.132888
0.10222153846153846
0.03713353846153846
-0.01043076923076923
-0.030875076923076922
-0.006258461538461538
0.016480615384615385
0.028788923076923077
0.028163076923076923
0.02795446153846154
0.06028984615384615
0.07092923076923077
0.054240000000000003
-0.004589538461538461
-0.07927384615384615
-0.09930092307692308
-0.07697907692307693
-0.02086153846153846
0.012934153846153845
0.027120000000000002
0.04547815384615384
0.05027630769230769
0.07969107692307692
0.06967753846153846
0.013142769230769229
-0.04422646153846154
-0.09033046153846153
-0.06717415384615384
-0.030040615384615384
0.008136
0.019192615384615384
-0.010639384615384617
-0.022530461538461537
-0.026494153846153844
0.0002086153846153846
0.0016689230769230767
-0.018358153846153843
-0.02482523076923077
-0.038176615384615385
-0.01272553846153846
0.015854769230769228
0.03024923076923077
0.02795446153846154
0.011682461538461537
0.03066646153846154
0.04965046153846154
0.046104
0.019609846153846155
-0.025659692307692307
-0.05570030769230769
-0.054240000000000003
-0.020027076923076922
0.010013538461538461
0.025659692307692307
0.0448523076923077
0.05611753846153846
0.06487938461538462
0.06529661538461538
0.04401784615384615
0.0035464615384615383
-0.029206153846153847
-0.015020307692307692
0.015646153846153844
0.034630153846153845
0.02545107692307692
-0.005841230769230769
-0.011056615384615385
-0.0018775384615384615
0.03108369230769231
0.07197230769230768
0.084072
0.0826116923076923
0.07572738461538461
0.06571384615384615
0.051319384615384614
0.049233230769230765
0.03692492307692308
0.02899753846153846
0.05528307692307692
0.08845292307692308
0.1178676923076923
0.12496061538461539
0.12266584615384615
0.12120553846153845
0.1314276923076923
0.14603076923076924
0.13309661538461537
0.09596307692307693
0.04422646153846154
0.016063384615384615
0.030875076923076922
0.06529661538461538
0.0974233846153846
0.11077476923076923
0.10994030769230768
0.11327815384615383
0.11306953846153844
0.0936683076923077
0.050067692307692306
-0.01668923076923077
-0.06195876923076923
-0.08177723076923075
-0.07134646153846153
-0.03379569230769231
0.003129230769230769
0.05778646153846154
0.10096984615384616
0.12224861538461537
0.11411261538461538
0.058412307692307694
-0.029206153846153847
-0.10618523076923077
-0.13351384615384615
-0.11181784615384616
-0.04902461538461538
0.03108369230769231
0.0826116923076923
0.09596307692307693
0.086784
0.06425353846153846
0.03483876923076923
-0.03838523076923077
-0.09825784615384614
-0.10827138461538462
-0.09950953846153845
-0.05799507692307692
-0.026911384615384615
