-0.0798996923076923
-0.06717415384615384
-0.03859384615384615
0.014185846153846153
0.06654830769230768
0.10472492307692308
0.09387692307692307
0.03609046153846154
-0.014394461538461538
-0.03567323076923076
-0.030875076923076922
-0.013560000000000001
-0.007510153846153846
0.007510153846153846
0.04693846153846153
0.08302892307692307
0.10263876923076923
0.08782707692307692
0.03400430769230769
-0.011891076923076923
-0.030875076923076922
-0.023364923076923075
0.005424
0.015228923076923076
0.021904615384615383
0.05945538461538461
0.10347323076923076
0.13476553846153844
0.1207883076923077
0.05111076923076923
-0.015228923076923076
-0.06967753846153846
-0.086784
-0.0609156923076923
-0.05611753846153846
-0.05444861538461539
-0.024199384615384616
0.03692492307692308
0.09700615384615385
0.11306953846153844
0.084072
0.021696
-0.03483876923076923
-0.0717636923076923
-0.07197230769230768
-0.037342153846153844
-0.019609846153846155
0.0029206153846153843
0.027745846153846152
0.05590892307692308
0.10117846153846152
0.11140061538461538
0.07280676923076923
-0.0070929230769230765
-0.058412307692307694
-0.05069353846153846
-0.024408000000000003
0.006049846153846154
0.011891076923076923
0.04088861538461538
0.10138707692307691
0.15270646153846154
0.17002153846153847
0.11286092307692308
0.037967999999999995
-0.017315076923076923
-0.037967999999999995
-0.02315630769230769
-0.0016689230769230767
0.01668923076923077
0.01940123076923077
0.04401784615384615
0.07572738461538461
0.08010830769230769
0.062376
0.020027076923076922
-0.026494153846153844
-0.05069353846153846
-0.03483876923076923
0.015437538461538461
0.059872615384615385
0.08490646153846154
0.100344
0.09700615384615385
0.0826116923076923
0.03629907692307692
-0.032544
-0.08949599999999999
-0.1205796923076923
-0.0974233846153846
-0.054240000000000003
-0.015228923076923076
0.003963692307692307
0.005424
0.018983999999999997
0.030040615384615384
0.03838523076923077
0.01981846153846154
-0.019609846153846155
-0.04714707692307692
-0.06946892307692307
-0.059872615384615385
-0.03859384615384615
-0.04088861538461538
-0.050067692307692306
-0.054657230769230764
-0.02211323076923077
0.017732307692307693
0.02545107692307692
0.01814953846153846
0.011682461538461537
0.01710646153846154
0.034630153846153845
0.06529661538461538
0.08240307692307691
0.08135999999999999
0.06800861538461538
0.053614153846153846
0.047772923076923074
0.023990769230769232
0.008136
-0.010013538461538461
-0.015646153846153844
0.02023569230769231
0.05236246153846154
0.073224
0.04568676923076923
0.004589538461538461
-0.0043809230769230765
-0.0035464615384615383
0.013351384615384614
0.021278769230769233
0.021070153846153846
0.019609846153846155
0.02232184615384615
0.05194523076923077
0.07238953846153846
0.05674338461538461
0.009596307692307692
-0.03901107692307692
-0.055491692307692304
-0.05736923076923077
-0.02899753846153846
-0.0035464615384615383
0.003129230769230769
0.026911384615384615
0.049233230769230765
0.07030338461538461
0.05924676923076923
0.012934153846153845
-0.04401784615384615
-0.08323753846153846
-0.05820369230769231
-0.028788923076923077
-0.02357353846153846
-0.01981846153846154
-0.03108369230769231
-0.031709538461538456
-0.03483876923076923
-0.04276615384615385
-0.07656184615384615
-0.1356
-0.15124615384615384
-0.13789476923076924
-0.09387692307692307
-0.05736923076923077
-0.023990769230769232
0.023782153846153845
0.03963692307692308
0.06863446153846153
0.06967753846153846
0.038176615384615385
-0.013142769230769229
-0.10201292307692307
-0.13059323076923077
-0.10222153846153846
-0.05674338461538461
-0.0029206153846153843
0.040054153846153843
0.08031692307692308
0.10180430769230768
0.1178676923076923
0.119328
0.07969107692307692
0.031709538461538456
-0.009179076923076922
-0.016063384615384615
0.011265230769230769
0.03421292307692308
0.050067692307692306
0.04756430769230769
0.06362769230769232
0.0961716923076923
0.10952307692307692
0.09012184615384615
0.027120000000000002
-0.01856676923076923
-0.030040615384615384
0.0
0.04318338461538461
0.08073415384615384
0.11891076923076922
0.12808984615384614
0.14311015384615386
0.15562707692307692
0.12913292307692306
0.06446215384615385
-0.010639384615384617
-0.05111076923076923
-0.03984553846153846
0.011473846153846154
0.06571384615384615
0.11244369230769231
0.1570873846153846
0.18921415384615384
0.20652923076923077
0.1860849230769231
0.12120553846153845
0.027120000000000002
-0.058829538461538454
-0.08949599999999999
-0.06905169230769231
-0.021487384615384613
0.018775384615384614
0.040054153846153843
0.05799507692307692
0.06362769230769232
0.05090215384615384
0.012308307692307691
-0.053614153846153846
-0.12621230769230768
-0.16835261538461538
-0.14999446153846155
-0.09095630769230768
-0.042348923076923076
-0.02044430769230769
-0.010222153846153844
-0.012934153846153845
-0.011891076923076923
-0.026285538461538457
-0.08073415384615384
-0.15291507692307693
-0.21508246153846153
-0.21028430769230766
