-0.015437538461538461
-0.05382276923076923
-0.03880246153846154
-0.0448523076923077
-0.050067692307692306
-0.04714707692307692
-0.03859384615384615
0.0022947692307692304
0.023364923076923075
0.02753723076923077
-0.0033378461538461535
-0.04193169230769231
-0.06800861538461538
-0.06341907692307691
-0.025033846153846153
-0.019609846153846155
-0.013560000000000001
0.004798153846153846
0.042557538461538466
0.09158215384615384
0.10514215384615383
0.08344615384615384
0.03629907692307692
-0.0004172307692307692
-0.017315076923076923
-0.011265230769230769
0.0002086153846153846
-0.005632615384615384
0.0004172307692307692
0.02211323076923077
0.06216738461538462
0.10368184615384615
0.10055261538461538
0.05444861538461539
-0.0043809230769230765
-0.05528307692307692
-0.06696553846153847
-0.05236246153846154
-0.03358707692307692
0.0022947692307692304
0.03942830769230769
0.08490646153846154
0.11098338461538461
0.0974233846153846
0.04839876923076923
-0.03400430769230769
-0.0897046153846154
-0.10660246153846153
-0.09971815384615385
-0.08824430769230769
-0.08031692307692308
-0.06008123076923077
-0.023364923076923075
0.014394461538461538
0.03233538461538461
0.009596307692307692
-0.03984553846153846
-0.06195876923076923
-0.051319384615384614
-0.016480615384615385
0.01668923076923077
0.021696
0.015646153846153844
0.019609846153846155
0.041514461538461535
0.06028984615384615
0.051528
0.02315630769230769
-0.006049846153846154
-0.020652923076923076
-0.006258461538461538
0.032544
0.06258461538461538
0.07843938461538462
0.08845292307692308
0.09429415384615383
0.11202646153846153
0.10597661538461538
0.06863446153846153
0.020652923076923076
-0.006467076923076923
0.0004172307692307692
0.013351384615384614
0.03442153846153846
0.027745846153846152
0.01856676923076923
0.03483876923076923
0.06362769230769232
0.09304246153846155
0.08636676923076922
0.06133292307692308
0.031918153846153846
0.019609846153846155
0.037967999999999995
0.06028984615384615
0.0678
0.05027630769230769
0.04401784615384615
0.06654830769230768
0.09471138461538461
0.11411261538461538
0.10055261538461538
0.08386338461538462
0.08991323076923076
0.10743692307692307
0.1435273846153846
0.16042523076923076
0.13351384615384615
0.09241661538461539
0.058829538461538454
0.04380923076923077
0.03150092307692308
0.009179076923076922
-0.021278769230769233
-0.03483876923076923
-0.010222153846153844
0.019609846153846155
0.04693846153846153
0.05716061538461538
0.03901107692307692
0.01668923076923077
0.009179076923076922
0.033169846153846154
0.048816000000000005
0.031918153846153846
0.011682461538461537
0.005215384615384615
0.01856676923076923
0.027120000000000002
0.01981846153846154
-0.007510153846153846
-0.03358707692307692
-0.029206153846153847
-0.012308307692307691
0.014185846153846153
0.02315630769230769
0.026702769230769228
0.03045784615384615
0.024199384615384616
0.04819015384615385
0.05090215384615384
0.019609846153846155
-0.01272553846153846
-0.03609046153846154
-0.02753723076923077
-0.014603076923076923
-0.014394461538461538
-0.02044430769230769
-0.040054153846153843
-0.042348923076923076
-0.020652923076923076
-0.004589538461538461
0.0002086153846153846
-0.02524246153846154
-0.04985907692307692
-0.04318338461538461
-0.011265230769230769
0.03567323076923076
0.06487938461538462
0.0744756923076923
0.06571384615384615
0.06383630769230769
0.06654830769230768
0.03755076923076923
-0.006258461538461538
-0.049233230769230765
-0.06341907692307691
-0.031709538461538456
0.010222153846153844
0.04526953846153846
0.06362769230769232
0.06154153846153846
0.06550523076923077
0.05799507692307692
0.042348923076923076
0.0029206153846153843
-0.04944184615384615
-0.06321046153846153
-0.06341907692307691
-0.02273907692307692
0.02273907692307692
0.04985907692307692
0.06216738461538462
0.04276615384615385
0.051528
0.03629907692307692
-0.011891076923076923
-0.07364123076923076
-0.14603076923076924
-0.16772676923076923
-0.1424843076923077
-0.07802215384615384
-0.0025033846153846152
0.06216738461538462
0.1045163076923077
0.12558646153846154
0.11557292307692307
0.06195876923076923
-0.014603076923076923
-0.0826116923076923
-0.09533723076923077
-0.06967753846153846
-0.026702769230769228
0.02086153846153846
0.03713353846153846
0.03755076923076923
0.040262769230769234
0.04526953846153846
0.04965046153846154
0.015228923076923076
-0.042557538461538466
-0.08594953846153845
-0.092208
-0.054240000000000003
-0.0077187692307692304
0.04819015384615385
0.09700615384615385
0.132888
0.15687876923076924
0.14144123076923076
0.09387692307692307
0.0006258461538461538
-0.0961716923076923
-0.15187199999999998
-0.15082892307692305
-0.08657538461538461
-0.005215384615384615
0.07843938461538462
0.12391753846153845
0.16000799999999998
0.19693292307692306
0.17419384615384614
0.11765907692307691
0.021487384615384613
-0.052153846153846155
-0.06341907692307691
-0.03859384615384615
0.024408000000000003
0.07030338461538461
0.103056
0.12516923076923075
0.13309661538461537
0.1353913846153846
0.08761846153846153
