-0.030875076923076922
-0.02023569230769231
-0.011473846153846154
-0.023364923076923075
-0.02273907692307692
0.009804923076923077
0.032544
0.04276615384615385
0.011473846153846154
-0.028163076923076923
-0.054657230769230764
-0.06884307692307692
-0.06404492307692307
-0.08177723076923075
-0.09199938461538461
-0.08344615384615384
-0.052153846153846155
0.021904615384615383
0.06821723076923077
0.09053907692307692
0.084072
0.06341907692307691
0.06341907692307691
0.05173661538461538
0.04902461538461538
0.0070929230769230765
-0.03880246153846154
-0.052153846153846155
-0.047981538461538464
0.005215384615384615
0.041514461538461535
0.06300184615384616
0.08031692307692308
0.08636676923076922
0.10576799999999999
0.09512861538461538
0.04839876923076923
-0.008344615384615384
-0.05194523076923077
-0.04526953846153846
-0.015020307692307692
0.014394461538461538
0.023990769230769232
0.021278769230769233
0.041514461538461535
0.05862092307692307
0.07259815384615384
0.07113784615384615
0.045895384615384616
0.014603076923076923
-0.0035464615384615383
0.014394461538461538
0.03379569230769231
0.04401784615384615
0.05403138461538461
0.05716061538461538
0.06529661538461538
0.06738276923076922
0.037342153846153844
-0.021696
-0.07948246153846153
-0.11536430769230768
-0.0988836923076923
-0.04380923076923077
0.018775384615384614
0.0855323076923077
0.11140061538461538
0.11765907692307691
0.12162276923076921
0.09554584615384615
0.04819015384615385
-0.034630153846153845
-0.10347323076923076
-0.12245723076923076
-0.09930092307692308
-0.04735569230769231
-0.004172307692307692
0.024408000000000003
0.04652123076923077
0.08636676923076922
0.11098338461538461
0.07468430769230769
0.0025033846153846152
-0.07280676923076923
-0.10326461538461539
-0.08240307692307691
-0.04088861538461538
0.011265230769230769
0.04652123076923077
0.08636676923076922
0.1287156923076923
0.1316363076923077
0.11911938461538461
0.07197230769230768
-0.011265230769230769
-0.07906523076923076
-0.10201292307692307
-0.06842584615384616
-0.020652923076923076
0.031709538461538456
0.06821723076923077
0.09053907692307692
0.10889723076923077
0.09533723076923077
0.061124307692307686
-0.027120000000000002
-0.12370892307692308
-0.17252492307692308
-0.1489513846153846
-0.06863446153846153
-0.005841230769230769
0.04172307692307692
0.06800861538461538
0.0936683076923077
0.10660246153846153
0.07051199999999999
0.0006258461538461538
-0.07927384615384615
-0.13935507692307691
-0.15500123076923078
-0.11223507692307692
-0.05111076923076923
0.005424
0.04652123076923077
0.08031692307692308
0.11891076923076922
0.11035753846153845
0.04631261538461538
-0.037342153846153844
-0.12308307692307692
-0.1666836923076923
-0.14039815384615384
-0.08428061538461538
-0.021904615384615383
0.02795446153846154
0.06300184615384616
0.0853236923076923
0.092208
0.0936683076923077
0.04088861538461538
-0.029832
-0.07551876923076924
-0.08720123076923077
-0.030875076923076922
0.01856676923076923
0.055491692307692304
0.08469784615384615
0.09658892307692307
0.12808984615384614
0.12683815384615382
0.09262523076923077
0.02357353846153846
-0.05736923076923077
-0.09012184615384615
-0.08156861538461539
-0.03024923076923077
0.015854769230769228
0.053614153846153846
0.09012184615384615
0.11494707692307692
0.13121907692307694
0.09950953846153845
0.03504738461538461
-0.04735569230769231
-0.0936683076923077
-0.07113784615384615
-0.015854769230769228
0.04380923076923077
0.07364123076923076
0.09512861538461538
0.11098338461538461
0.11327815384615383
0.1178676923076923
0.10096984615384616
0.03504738461538461
-0.03901107692307692
-0.07301538461538462
-0.05778646153846154
-0.01981846153846154
0.02586830769230769
0.08699261538461538
0.1356
0.17315076923076922
0.192552
0.16271999999999998
0.09554584615384615
0.02545107692307692
-0.02586830769230769
-0.0446436923076923
-0.03650769230769231
-0.02273907692307692
-0.014185846153846153
-0.016897846153846156
-0.012934153846153845
0.016897846153846156
0.05236246153846154
0.05799507692307692
0.04401784615384615
0.028163076923076923
0.01043076923076923
0.01043076923076923
0.01668923076923077
0.021904615384615383
0.013351384615384614
0.008136
0.030875076923076922
0.04193169230769231
0.02023569230769231
-0.03567323076923076
-0.09053907692307692
-0.10994030769230768
-0.09283384615384616
-0.047772923076923074
-0.011265230769230769
0.02524246153846154
0.0826116923076923
0.1178676923076923
0.1356
0.1136953846153846
0.044435076923076924
-0.017732307692307693
-0.06195876923076923
-0.058412307692307694
-0.03296123076923077
-0.011473846153846154
0.0050067692307692304
0.016480615384615385
0.04526953846153846
0.09158215384615384
0.12391753846153845
0.10806276923076923
0.06133292307692308
0.011265230769230769
-0.007510153846153846
0.003129230769230769
0.023364923076923075
0.038176615384615385
0.03984553846153846
0.05069353846153846
0.07218092307692307
0.09095630769230768
0.07280676923076923
0.017523692307692306
-0.03859384615384615
