0.06654830769230768
0.043392
-0.0029206153846153843
-0.08094276923076923
-0.13226215384615383
-0.130176
-0.08115138461538463
-0.0050067692307692304
0.05069353846153846
0.092208
0.100344
0.10159569230769232
0.0963803076923077
0.051319384615384614
-0.01940123076923077
-0.11223507692307692
-0.168144
-0.173568
-0.13184492307692308
-0.061750153846153844
-0.006258461538461538
0.054240000000000003
0.10535076923076922
0.12287446153846153
0.10493353846153847
0.03108369230769231
-0.07531015384615385
-0.15208061538461537
-0.1656406153846154
-0.11098338461538461
-0.03901107692307692
0.021278769230769233
0.07843938461538462
0.11056615384615384
0.1314276923076923
0.12120553846153845
0.059872615384615385
-0.018775384615384614
-0.0897046153846154
-0.119328
-0.0988836923076923
-0.04568676923076923
0.014185846153846153
0.06967753846153846
0.10994030769230768
0.12829846153846153
0.1316363076923077
0.09304246153846155
0.029623384615384614
-0.04839876923076923
-0.12308307692307692
-0.1462393846153846
-0.11953661538461538
-0.07510153846153846
-0.02357353846153846
0.03713353846153846
0.09533723076923077
0.13038461538461538
0.12642092307692307
0.11160923076923077
0.05194523076923077
-0.030875076923076922
-0.06967753846153846
-0.06905169230769231
-0.03609046153846154
0.0006258461538461538
0.048816000000000005
0.09179076923076923
0.12350030769230769
0.16251138461538459
0.16897846153846155
0.1287156923076923
0.049233230769230765
-0.018775384615384614
-0.030875076923076922
-0.02023569230769231
0.006884307692307692
0.04839876923076923
0.08824430769230769
0.12391753846153845
0.14540492307692307
0.12725538461538463
0.07218092307692307
0.004172307692307692
-0.05444861538461539
-0.07259815384615384
-0.06675692307692307
-0.04756430769230769
-0.020652923076923076
0.003755076923076923
0.04088861538461538
0.07906523076923076
0.11223507692307692
0.09763200000000001
0.03671630769230769
-0.016480615384615385
-0.06467076923076923
-0.07405846153846153
-0.05298830769230769
-0.027745846153846152
0.016272
0.06592246153846154
0.12496061538461539
0.1543753846153846
0.13914646153846155
0.10138707692307691
0.01710646153846154
-0.0446436923076923
-0.05444861538461539
-0.04631261538461538
-0.02273907692307692
-0.016480615384615385
0.011265230769230769
0.06696553846153847
0.10201292307692307
0.11202646153846153
0.07343261538461537
-0.006258461538461538
-0.08323753846153846
-0.1178676923076923
-0.10931446153846153
-0.10243015384615384
-0.09012184615384615
-0.07092923076923077
-0.03775938461538462
0.0
0.030040615384615384
0.03942830769230769
-0.017523692307692306
-0.07468430769230769
-0.11536430769230768
-0.12558646153846154
-0.10201292307692307
-0.09471138461538461
-0.059664
-0.029832
0.011682461538461537
0.06654830769230768
0.07802215384615384
0.06821723076923077
0.016063384615384615
-0.03024923076923077
-0.056951999999999996
-0.06633969230769231
-0.05090215384615384
-0.053614153846153846
-0.03880246153846154
-0.003963692307692307
0.054657230769230764
0.10514215384615383
0.10785415384615385
0.0744756923076923
0.01814953846153846
-0.021696
-0.03108369230769231
-0.006049846153846154
0.013560000000000001
0.021278769230769233
0.044435076923076924
0.08094276923076923
0.11536430769230768
0.11452984615384615
0.07656184615384615
0.03337846153846154
0.002086153846153846
-0.003755076923076923
0.014603076923076923
0.021696
0.0446436923076923
0.06821723076923077
0.10597661538461538
0.16000799999999998
0.17002153846153847
0.1424843076923077
0.07072061538461538
0.003963692307692307
-0.026702769230769228
-0.014603076923076923
0.014394461538461538
0.03066646153846154
0.05236246153846154
0.07343261538461537
0.10910584615384614
0.11703323076923078
0.08344615384615384
0.03108369230769231
-0.03129230769230769
-0.06592246153846154
-0.07614461538461538
-0.056326153846153845
-0.03337846153846154
-0.029832
-0.005841230769230769
0.04547815384615384
0.10493353846153847
0.13205353846153844
0.10618523076923077
0.052153846153846155
-0.010848
-0.05382276923076923
-0.05653476923076922
-0.04860738461538461
-0.04631261538461538
-0.04088861538461538
0.009387692307692307
0.0853236923076923
0.1368516923076923
0.12975876923076923
0.054240000000000003
-0.022947692307692308
-0.07301538461538462
-0.06696553846153847
-0.042974769230769226
-0.03859384615384615
-0.029832
-0.035255999999999996
-0.01043076923076923
0.03108369230769231
0.04109723076923077
0.01397723076923077
-0.035255999999999996
-0.06967753846153846
-0.07760492307692309
-0.05277969230769231
-0.05048492307692308
-0.05862092307692307
-0.05298830769230769
-0.04756430769230769
0.0006258461538461538
0.04526953846153846
0.03880246153846154
-0.010013538461538461
-0.07948246153846153
-0.10493353846153847
-0.07802215384615384
-0.03129230769230769
-0.0050067692307692304
0.003129230769230769
0.03880246153846154
0.08240307692307691
0.11849353846153846
0.11223507692307692
0.06404492307692307
0.017315076923076923
