-0.1356
-0.10430769230769231
-0.06321046153846153
-0.028788923076923077
0.021278769230769233
0.08323753846153846
0.1358086153846154
0.14185846153846154
0.07823076923076923
0.0022947692307692304
-0.053614153846153846
-0.06821723076923077
-0.06592246153846154
-0.06988615384615385
-0.06884307692307692
-0.0448523076923077
0.013560000000000001
0.08031692307692308
0.13706030769230768
0.143736
0.10660246153846153
0.06341907692307691
0.06133292307692308
0.09262523076923077
0.08323753846153846
0.055491692307692304
0.040054153846153843
0.05716061538461538
0.09471138461538461
0.12433476923076923
0.14415323076923076
0.11911938461538461
0.07134646153846153
0.043600615384615383
0.04902461538461538
0.08615815384615384
0.09784061538461537
0.08782707692307692
0.09033046153846153
0.1136953846153846
0.1506203076923077
0.15145476923076923
0.12642092307692307
0.06028984615384615
-0.010222153846153844
-0.010848
0.01981846153846154
0.059038153846153844
0.05924676923076923
0.04756430769230769
0.06738276923076922
0.0826116923076923
0.09554584615384615
0.06926030769230769
0.010639384615384617
-0.05507446153846154
-0.08699261538461538
-0.07030338461538461
-0.065088
-0.06049846153846154
-0.04944184615384615
-0.03275261538461539
0.003755076923076923
0.05528307692307692
0.08240307692307691
0.05382276923076923
-0.002086153846153846
-0.061750153846153844
-0.08115138461538463
-0.07113784615384615
-0.07343261538461537
-0.07405846153846153
-0.06592246153846154
-0.03066646153846154
0.027328615384615382
0.07343261538461537
0.078648
0.031918153846153846
-0.016063384615384615
-0.031918153846153846
-0.02524246153846154
-0.002086153846153846
0.003129230769230769
-0.010639384615384617
-0.027120000000000002
-0.015020307692307692
0.02858030769230769
0.037342153846153844
0.015854769230769228
-0.018983999999999997
-0.04526953846153846
-0.041514461538461535
-0.04526953846153846
-0.04944184615384615
-0.06341907692307691
-0.07927384615384615
-0.06759138461538462
-0.040054153846153843
-0.0006258461538461538
-0.008344615384615384
-0.05319692307692307
-0.059038153846153844
-0.04756430769230769
-0.021487384615384613
0.00855323076923077
-0.0016689230769230767
-0.006258461538461538
0.003963692307692307
0.03650769230769231
0.08448923076923077
0.0880356923076923
0.062376
0.01814953846153846
-0.0035464615384615383
0.0004172307692307692
-0.0025033846153846152
-0.005841230769230769
-0.03650769230769231
-0.073224
-0.07948246153846153
-0.04547815384615384
0.014185846153846153
0.04756430769230769
0.04568676923076923
0.05862092307692307
0.08448923076923077
0.07739630769230768
0.031709538461538456
-0.034630153846153845
-0.0853236923076923
-0.10722830769230769
-0.09262523076923077
-0.04652123076923077
-0.002712
0.015228923076923076
0.02044430769230769
0.040679999999999994
0.05382276923076923
0.05653476923076922
0.037967999999999995
-0.014811692307692307
-0.04547815384615384
-0.042557538461538466
-0.017315076923076923
0.011056615384615385
0.0022947692307692304
-0.014811692307692307
-0.02086153846153846
-0.016063384615384615
0.004798153846153846
-0.006049846153846154
-0.05611753846153846
-0.10535076923076922
-0.124752
-0.08991323076923076
-0.035464615384615386
-0.0012516923076923076
0.03296123076923077
0.05319692307692307
0.06383630769230769
0.08198584615384615
0.0717636923076923
0.02795446153846154
-0.046104
-0.11014892307692307
-0.10660246153846153
-0.05528307692307692
0.013351384615384614
0.07426707692307692
0.1218313846153846
0.165432
0.19609846153846153
0.19797599999999999
0.14707384615384617
0.06300184615384616
-0.018983999999999997
-0.06926030769230769
-0.05820369230769231
-0.01397723076923077
0.03358707692307692
0.07218092307692307
0.10910584615384614
0.13622584615384614
0.132888
0.10368184615384615
0.03671630769230769
-0.03296123076923077
-0.08490646153846154
-0.09846646153846153
-0.05924676923076923
-0.021904615384615383
0.005424
0.02899753846153846
0.05570030769230769
0.08574092307692306
0.0853236923076923
0.049233230769230765
0.0008344615384615384
-0.042557538461538466
-0.04714707692307692
-0.007510153846153846
0.05507446153846154
0.11327815384615383
0.14790830769230767
0.17481969230769231
0.18232984615384615
0.1779489230769231
0.12975876923076923
0.029623384615384614
-0.05277969230769231
-0.10535076923076922
-0.09053907692307692
-0.01981846153846154
0.05820369230769231
0.11703323076923078
0.1316363076923077
0.14457046153846154
0.14018953846153845
0.09512861538461538
0.009387692307692307
-0.10368184615384615
-0.1760713846153846
-0.19588984615384614
-0.15604430769230768
-0.07927384615384615
-0.019609846153846155
0.02545107692307692
0.04985907692307692
0.06279323076923077
0.06571384615384615
0.02586830769230769
-0.03650769230769231
-0.09095630769230768
-0.11473846153846154
-0.09283384615384616
-0.047772923076923074
0.005215384615384615
0.0448523076923077
0.07468430769230769
0.0988836923076923
0.10201292307692307
0.07802215384615384
-0.004798153846153846
-0.07635323076923077
