0.13998092307692306
0.06216738461538462
-0.03400430769230769
-0.08761846153846153
-0.10535076923076922
-0.073224
-0.028371692307692306
0.006675692307692307
0.04693846153846153
0.06800861538461538
0.08219446153846154
0.05277969230769231
-0.011265230769230769
-0.0880356923076923
-0.15813046153846153
-0.16647507692307692
-0.1449876923076923
-0.07030338461538461
0.013768615384615384
0.07030338461538461
0.12808984615384614
0.15917353846153848
0.15646153846153846
0.09930092307692308
0.021278769230769233
-0.051528
-0.10117846153846152
-0.09491999999999999
-0.06946892307692307
-0.03129230769230769
0.020652923076923076
0.07155507692307693
0.12704676923076924
0.15166338461538462
0.1341396923076923
0.07948246153846153
-0.0008344615384615384
-0.04526953846153846
-0.05799507692307692
-0.04652123076923077
-0.009804923076923077
0.01668923076923077
0.03942830769230769
0.05924676923076923
0.06592246153846154
0.049233230769230765
-0.004798153846153846
-0.07802215384615384
-0.13309661538461537
-0.15938215384615384
-0.1422756923076923
-0.084072
-0.03108369230769231
0.00855323076923077
0.04672984615384615
0.09992676923076924
0.12496061538461539
0.07697907692307693
0.006884307692307692
-0.06446215384615385
-0.11599015384615384
-0.11870215384615385
-0.06905169230769231
0.0
0.05069353846153846
0.10222153846153846
0.14457046153846154
0.15541846153846153
0.13852061538461538
0.0963803076923077
0.03233538461538461
-0.046104
-0.08469784615384615
-0.06195876923076923
-0.018775384615384614
0.034630153846153845
0.07092923076923077
0.10347323076923076
0.1368516923076923
0.14039815384615384
0.12454338461538461
0.05862092307692307
-0.0043809230769230765
-0.028163076923076923
-0.02482523076923077
0.0006258461538461538
0.007510153846153846
0.03483876923076923
0.054657230769230764
0.08511507692307693
0.13330523076923076
0.1341396923076923
0.10201292307692307
0.03921969230769231
0.015020307692307692
0.02753723076923077
0.04526953846153846
0.07697907692307693
0.07948246153846153
0.08135999999999999
0.09074769230769231
0.09825784615384614
0.09241661538461539
0.0448523076923077
0.0022947692307692304
-0.042557538461538466
-0.06946892307692307
-0.04401784615384615
-0.013351384615384614
0.02023569230769231
0.03588184615384615
0.05820369230769231
0.10806276923076923
0.1353913846153846
0.132888
0.07656184615384615
-0.0070929230769230765
-0.07113784615384615
-0.09325107692307691
-0.061124307692307686
-0.03671630769230769
-0.016272
-0.0043809230769230765
0.013351384615384614
0.06341907692307691
0.0853236923076923
0.07510153846153846
0.024199384615384616
-0.02858030769230769
-0.030040615384615384
0.0035464615384615383
0.040262769230769234
0.048816000000000005
0.03504738461538461
0.015854769230769228
0.022530461538461537
0.04714707692307692
0.03483876923076923
-0.0014603076923076922
-0.03671630769230769
-0.05799507692307692
-0.05048492307692308
-0.03588184615384615
-0.028163076923076923
-0.03692492307692308
-0.04547815384615384
-0.015228923076923076
0.03650769230769231
0.06905169230769231
0.06028984615384615
0.014394461538461538
-0.03567323076923076
-0.05716061538461538
-0.04318338461538461
-0.01668923076923077
0.005632615384615384
0.012308307692307691
0.027120000000000002
0.06821723076923077
0.09867507692307692
0.10201292307692307
0.05570030769230769
0.008136
-0.008970461538461538
-0.017940923076923077
0.003755076923076923
0.0025033846153846152
-0.004589538461538461
0.021696
0.05173661538461538
0.10180430769230768
0.12412615384615384
0.10326461538461539
0.06258461538461538
0.0018775384615384615
-0.031709538461538456
-0.04965046153846154
-0.06529661538461538
-0.08574092307692306
-0.09846646153846153
-0.06863446153846153
-0.027328615384615382
0.00855323076923077
0.01814953846153846
0.0006258461538461538
-0.027328615384615382
-0.05382276923076923
-0.058829538461538454
-0.056326153846153845
-0.04965046153846154
-0.04839876923076923
-0.037342153846153844
0.006467076923076923
0.040054153846153843
0.05736923076923077
0.035464615384615386
-0.02315630769230769
-0.06028984615384615
-0.07781353846153846
-0.05924676923076923
-0.03650769230769231
-0.03421292307692308
-0.024199384615384616
0.0025033846153846152
0.04985907692307692
0.07343261538461537
0.03713353846153846
-0.03108369230769231
-0.0892873846153846
-0.10326461538461539
-0.07677046153846154
-0.045895384615384616
-0.02044430769230769
-0.0012516923076923076
0.023990769230769232
0.06425353846153846
0.09867507692307692
0.08991323076923076
0.031709538461538456
-0.03066646153846154
-0.07551876923076924
-0.08302892307692307
-0.0678
-0.07343261538461537
-0.061750153846153844
-0.027120000000000002
0.024616615384615383
0.11432123076923076
0.17628
0.1881710769230769
0.1612596923076923
0.10889723076923077
0.08824430769230769
0.08594953846153845
0.08428061538461538
0.06154153846153846
0.03504738461538461
0.04839876923076923
0.07051199999999999
0.09429415384615383
0.08156861538461539
0.042557538461538466
0.030040615384615384
0.040262769230769234
