-0.021904615384615383
-0.0022947692307692304
0.041514461538461535
0.07739630769230768
0.08177723076923075
0.04380923076923077
-0.026702769230769228
-0.07697907692307693
-0.09679753846153846
-0.07572738461538461
-0.035255999999999996
0.006049846153846154
0.049233230769230765
0.08594953846153845
0.12266584615384615
0.1151556923076923
0.06487938461538462
-0.016063384615384615
-0.09554584615384615
-0.12767261538461538
-0.11745046153846153
-0.052153846153846155
0.010848
0.04944184615384615
0.08907876923076924
0.11953661538461538
0.14707384615384617
0.12496061538461539
0.03984553846153846
-0.06738276923076922
-0.15500123076923078
-0.16188553846153847
-0.12975876923076923
-0.09033046153846153
-0.05507446153846154
-0.029206153846153847
0.019192615384615384
0.05111076923076923
0.053614153846153846
0.014603076923076923
-0.05820369230769231
-0.13309661538461537
-0.16710092307692306
-0.14144123076923076
-0.1151556923076923
-0.09179076923076923
-0.06863446153846153
-0.03504738461538461
0.01981846153846154
0.05507446153846154
0.05945538461538461
0.006675692307692307
-0.07551876923076924
-0.09679753846153846
-0.08115138461538463
-0.04526953846153846
-0.0008344615384615384
0.02586830769230769
0.059038153846153844
0.08699261538461538
0.11703323076923078
0.12725538461538463
0.086784
0.013142769230769229
-0.04819015384615385
-0.07134646153846153
-0.06425353846153846
-0.02086153846153846
0.015228923076923076
0.026702769230769228
0.04860738461538461
0.09033046153846153
0.12141415384615384
0.09408553846153846
0.03045784615384615
-0.026494153846153844
-0.058412307692307694
-0.05048492307692308
-0.005215384615384615
0.040054153846153843
0.05590892307692308
0.06446215384615385
0.09137353846153846
0.12579507692307693
0.12287446153846153
0.08115138461538463
0.02023569230769231
-0.03942830769230769
-0.04944184615384615
-0.009179076923076922
0.04214030769230769
0.07802215384615384
0.10597661538461538
0.1368516923076923
0.16021661538461537
0.16063384615384615
0.132888
0.08344615384615384
0.01668923076923077
-0.03838523076923077
-0.05507446153846154
-0.04526953846153846
-0.042557538461538466
-0.03400430769230769
-0.004589538461538461
0.025659692307692307
0.05778646153846154
0.06675692307692307
0.04047138461538462
-0.013142769230769229
-0.06654830769230768
-0.07468430769230769
-0.06383630769230769
-0.058412307692307694
-0.04902461538461538
-0.03483876923076923
0.0033378461538461535
0.06487938461538462
0.09763200000000001
0.07843938461538462
0.026285538461538457
-0.035464615384615386
-0.0717636923076923
-0.07343261538461537
-0.05444861538461539
-0.040262769230769234
-0.03483876923076923
-0.0014603076923076922
0.05236246153846154
0.0988836923076923
0.10910584615384614
0.08657538461538461
0.038176615384615385
-0.024616615384615383
-0.046104
-0.042348923076923076
-0.05924676923076923
-0.07781353846153846
-0.06654830769230768
-0.018983999999999997
0.035255999999999996
0.06717415384615384
0.07051199999999999
0.032544
-0.023990769230769232
-0.05444861538461539
-0.05507446153846154
-0.05924676923076923
-0.06759138461538462
-0.04130584615384615
0.01272553846153846
0.08636676923076922
0.16021661538461537
0.17502830769230768
0.130176
0.06821723076923077
0.02858030769230769
0.02273907692307692
0.015854769230769228
0.004798153846153846
0.009804923076923077
0.03629907692307692
0.08720123076923077
0.15354092307692307
0.18775384615384613
0.15833907692307692
0.0961716923076923
0.02211323076923077
-0.02044430769230769
-0.02482523076923077
-0.022947692307692308
-0.014394461538461538
0.004798153846153846
0.04568676923076923
0.092208
0.11077476923076923
0.0892873846153846
0.02899753846153846
-0.048816000000000005
-0.08156861538461539
-0.0798996923076923
-0.06800861538461538
-0.05194523076923077
-0.042974769230769226
0.006675692307692307
0.07280676923076923
0.11953661538461538
0.13601723076923075
0.09012184615384615
0.017315076923076923
-0.03233538461538461
-0.06279323076923077
-0.06654830769230768
-0.06341907692307691
-0.04902461538461538
-0.006049846153846154
0.05069353846153846
0.12120553846153845
0.14936861538461538
0.11286092307692308
0.031709538461538456
-0.03755076923076923
-0.05736923076923077
-0.061750153846153844
-0.04819015384615385
-0.03901107692307692
-0.026911384615384615
0.003755076923076923
0.03755076923076923
0.07614461538461538
0.052571076923076915
-0.012934153846153845
-0.049233230769230765
-0.065088
-0.04985907692307692
-0.023990769230769232
-0.002086153846153846
0.014603076923076923
0.03233538461538461
0.06988615384615385
0.09950953846153845
0.11891076923076922
0.10076123076923077
0.03442153846153846
-0.04109723076923077
-0.0880356923076923
-0.07405846153846153
-0.047772923076923074
-0.030040615384615384
-0.013560000000000001
0.018775384615384614
0.07969107692307692
0.10868861538461538
0.09053907692307692
0.02545107692307692
-0.03108369230769231
-0.03567323076923076
-0.022530461538461537
-0.0002086153846153846
-0.010639384615384617
-0.03379569230769231
-0.042974769230769226
-0.018983999999999997
0.027328615384615382
