-0.053614153846153846
-0.15374953846153847
-0.21237046153846154
-0.1718990769230769
-0.09450276923076922
-0.006049846153846154
0.08699261538461538
0.15604430769230768
0.21341353846153846
0.21049292307692305
0.17669723076923077
0.11494707692307692
0.03442153846153846
-0.007510153846153846
-0.013768615384615384
0.02586830769230769
0.08386338461538462
0.14060676923076923
0.1800350769230769
0.19463815384615382
0.2154996923076923
0.20652923076923077
0.14457046153846154
0.03942830769230769
-0.04547815384615384
-0.058829538461538454
-0.035464615384615386
0.032544
0.09554584615384615
0.12350030769230769
0.14916
0.16063384615384615
0.16480615384615382
0.12350030769230769
0.03859384615384615
-0.05069353846153846
-0.11891076923076922
-0.11807630769230769
-0.08115138461538463
-0.02273907692307692
0.05194523076923077
0.12141415384615384
0.18253846153846154
0.20006215384615383
0.18483323076923078
0.12370892307692308
0.008136
-0.09554584615384615
-0.14832553846153845
-0.13643446153846153
-0.08761846153846153
-0.026285538461538457
0.03588184615384615
0.08344615384615384
0.12016246153846154
0.12016246153846154
0.06926030769230769
-0.021278769230769233
-0.10555938461538462
-0.13935507692307691
-0.1358086153846154
-0.10555938461538462
-0.061124307692307686
-0.021904615384615383
0.0043809230769230765
0.02753723076923077
0.05757784615384615
0.06738276923076922
0.042974769230769226
-0.0006258461538461538
-0.03838523076923077
-0.040262769230769234
-0.013560000000000001
0.018775384615384614
0.04214030769230769
0.06133292307692308
0.08302892307692307
0.09658892307692307
0.09429415384615383
0.058829538461538454
0.012308307692307691
-0.02524246153846154
-0.04631261538461538
-0.02023569230769231
0.025659692307692307
0.06717415384615384
0.09658892307692307
0.11432123076923076
0.13726892307692307
0.14039815384615384
0.10868861538461538
0.04214030769230769
-0.04547815384615384
-0.10618523076923077
-0.11640738461538462
-0.08636676923076922
-0.041514461538461535
0.004589538461538461
0.053614153846153846
0.09053907692307692
0.1218313846153846
0.12725538461538463
0.07134646153846153
-0.012934153846153845
-0.07468430769230769
-0.08010830769230769
-0.058412307692307694
-0.02545107692307692
0.023782153846153845
0.062376
0.09679753846153846
0.1218313846153846
0.13622584615384614
0.13601723076923075
0.09721476923076922
0.03609046153846154
-0.003129230769230769
-0.006049846153846154
0.0012516923076923076
0.009596307692307692
0.015854769230769228
0.015646153846153844
0.04088861538461538
0.06425353846153846
0.06154153846153846
0.03859384615384615
-0.016897846153846156
-0.05236246153846154
-0.05507446153846154
-0.02586830769230769
0.011265230769230769
0.03233538461538461
0.05799507692307692
0.07510153846153846
0.09930092307692308
0.09763200000000001
0.054240000000000003
-0.014185846153846153
-0.0880356923076923
-0.11160923076923077
-0.09825784615384614
-0.0609156923076923
-0.021696
0.012934153846153845
0.045060923076923075
0.06884307692307692
0.0936683076923077
0.07697907692307693
0.03275261538461539
-0.021278769230769233
-0.0717636923076923
-0.07468430769230769
-0.05069353846153846
-0.021696
-0.002086153846153846
0.021696
0.058412307692307694
0.08761846153846153
0.100344
0.07927384615384615
0.03984553846153846
-0.0012516923076923076
-0.011265230769230769
0.017315076923076923
0.040262769230769234
0.05736923076923077
0.06362769230769232
0.07405846153846153
0.09429415384615383
0.10848000000000001
0.11432123076923076
0.06800861538461538
0.0043809230769230765
-0.037342153846153844
-0.04318338461538461
0.0002086153846153846
0.024408000000000003
0.04735569230769231
0.07823076923076923
0.10472492307692308
0.13768615384615385
0.1287156923076923
0.0855323076923077
0.009596307692307692
-0.05069353846153846
-0.05319692307692307
-0.0448523076923077
-0.021696
-0.012934153846153845
0.0006258461538461538
0.042348923076923076
0.07551876923076924
0.103056
0.08052553846153847
0.01940123076923077
-0.03984553846153846
-0.08302892307692307
-0.07823076923076923
-0.06926030769230769
-0.065088
-0.062376
-0.053405538461538456
-0.008344615384615384
0.025033846153846153
0.04172307692307692
0.021487384615384613
-0.021070153846153846
-0.043600615384615383
-0.05820369230769231
-0.03442153846153846
-0.019609846153846155
-0.023990769230769232
-0.01668923076923077
0.004589538461538461
0.06425353846153846
0.10493353846153847
0.10055261538461538
0.054657230769230764
-0.005632615384615384
-0.03379569230769231
-0.041514461538461535
-0.02795446153846154
-0.03504738461538461
-0.05069353846153846
-0.04860738461538461
-0.03233538461538461
0.02211323076923077
0.03275261538461539
-0.009179076923076922
-0.0446436923076923
-0.06613107692307692
-0.03838523076923077
-0.012099692307692308
-0.008344615384615384
0.00855323076923077
0.006258461538461538
0.01981846153846154
0.0448523076923077
0.05820369230769231
0.05111076923076923
-0.009179076923076922
-0.05403138461538461
-0.05674338461538461
-0.03421292307692308
