-0.013768615384615384
0.0035464615384615383
0.019609846153846155
-0.005424
-0.06842584615384616
-0.12934153846153845
-0.15792184615384616
-0.14728246153846153
-0.09491999999999999
-0.045060923076923075
-0.018358153846153843
0.0043809230769230765
0.04839876923076923
0.10576799999999999
0.11056615384615384
0.07072061538461538
0.015646153846153844
-0.03650769230769231
-0.054240000000000003
-0.05027630769230769
-0.03400430769230769
-0.011265230769230769
0.006049846153846154
0.031709538461538456
0.06759138461538462
0.08365476923076923
0.05507446153846154
-0.0008344615384615384
-0.06926030769230769
-0.11348676923076922
-0.10159569230769232
-0.06988615384615385
-0.024616615384615383
0.006467076923076923
0.030040615384615384
0.06446215384615385
0.07364123076923076
0.06154153846153846
0.007510153846153846
-0.05924676923076923
-0.0936683076923077
-0.09053907692307692
-0.05277969230769231
-0.011265230769230769
0.024199384615384616
0.051319384615384614
0.09012184615384615
0.15333230769230768
0.18379015384615385
0.1543753846153846
0.09512861538461538
0.033169846153846154
0.005841230769230769
0.0070929230769230765
0.02545107692307692
0.040679999999999994
0.04819015384615385
0.08386338461538462
0.12537784615384615
0.15875630769230767
0.14144123076923076
0.06592246153846154
-0.017315076923076923
-0.06654830769230768
-0.06717415384615384
-0.05403138461538461
-0.04819015384615385
-0.03483876923076923
-0.003963692307692307
0.026911384615384615
0.07405846153846153
0.09304246153846155
0.06467076923076923
0.018775384615384614
-0.02795446153846154
-0.03045784615384615
-0.013768615384615384
0.015228923076923076
0.052571076923076915
0.0717636923076923
0.0974233846153846
0.132888
0.14957723076923077
0.12162276923076921
0.053614153846153846
-0.0077187692307692304
-0.03024923076923077
-0.019609846153846155
0.011473846153846154
0.03880246153846154
0.05069353846153846
0.059872615384615385
0.08574092307692306
0.11306953846153844
0.09992676923076924
0.03629907692307692
-0.04714707692307692
-0.0880356923076923
-0.08323753846153846
-0.04902461538461538
-0.018775384615384614
-0.015228923076923076
-0.0006258461538461538
0.021278769230769233
0.05090215384615384
0.059872615384615385
0.01940123076923077
-0.03901107692307692
-0.09158215384615384
-0.10597661538461538
-0.07781353846153846
-0.04193169230769231
-0.0002086153846153846
0.03984553846153846
0.08574092307692306
0.1435273846153846
0.1693956923076923
0.15646153846153846
0.09971815384615385
0.021904615384615383
-0.03233538461538461
-0.045895384615384616
-0.02482523076923077
-0.009804923076923077
0.0008344615384615384
0.011056615384615385
0.03984553846153846
0.08031692307692308
0.08949599999999999
0.07280676923076923
0.009179076923076922
-0.04902461538461538
-0.04944184615384615
-0.02211323076923077
0.00855323076923077
-0.0008344615384615384
-0.007510153846153846
0.00855323076923077
0.040262769230769234
0.06404492307692307
0.03337846153846154
0.0033378461538461535
-0.026076923076923077
-0.03233538461538461
-0.021278769230769233
-0.011891076923076923
0.012308307692307691
0.005215384615384615
0.01668923076923077
0.027328615384615382
0.04693846153846153
0.07551876923076924
0.03650769230769231
0.013768615384615384
-0.015646153846153844
-0.0022947692307692304
0.06633969230769231
0.08490646153846154
0.08991323076923076
0.06133292307692308
0.05194523076923077
0.06341907692307691
0.04985907692307692
0.01856676923076923
-0.05319692307692307
-0.10618523076923077
-0.13080184615384613
-0.10910584615384614
-0.05716061538461538
-0.03650769230769231
-0.009596307692307692
0.016897846153846156
0.06133292307692308
0.09450276923076922
0.08907876923076924
0.06654830769230768
-0.004589538461538461
-0.04193169230769231
-0.042974769230769226
-0.02524246153846154
0.0050067692307692304
-0.010222153846153844
-0.0070929230769230765
0.006049846153846154
0.03337846153846154
0.06425353846153846
0.03755076923076923
0.003963692307692307
-0.023990769230769232
-0.02211323076923077
0.006884307692307692
0.03233538461538461
0.04172307692307692
0.016480615384615385
0.014185846153846153
0.014603076923076923
-0.002086153846153846
-0.02315630769230769
-0.06362769230769232
-0.08031692307692308
-0.0855323076923077
-0.05924676923076923
0.0050067692307692304
0.03400430769230769
0.037967999999999995
0.026076923076923077
0.029623384615384614
0.05236246153846154
0.04568676923076923
0.04380923076923077
0.023364923076923075
0.014603076923076923
0.04318338461538461
0.05924676923076923
0.0828203076923077
0.06675692307692307
0.05611753846153846
0.06759138461538462
0.07113784615384615
0.0963803076923077
0.0826116923076923
0.06133292307692308
0.03984553846153846
0.03838523076923077
0.073224
0.08052553846153847
0.07426707692307692
0.041514461538461535
0.015228923076923076
0.005424
-0.00855323076923077
0.0
-0.006884307692307692
-0.007510153846153846
0.01043076923076923
0.03775938461538462
0.06675692307692307
0.04276615384615385
0.0029206153846153843
-0.04693846153846153
-0.0744756923076923
-0.05820369230769231
-0.05444861538461539
-0.037342153846153844
