-0.006884307692307692
0.015854769230769228
0.03984553846153846
0.05862092307692307
0.08198584615384615
0.12662953846153846
0.14936861538461538
0.13643446153846153
0.08949599999999999
0.03400430769230769
0.010639384615384617
-0.0077187692307692304
-0.021904615384615383
-0.03337846153846154
-0.04380923076923077
-0.02586830769230769
0.014603076923076923
0.07364123076923076
0.100344
0.06821723076923077
0.015228923076923076
-0.02795446153846154
-0.03650769230769231
-0.03880246153846154
-0.04714707692307692
-0.05924676923076923
-0.06383630769230769
-0.03108369230769231
0.012934153846153845
0.042348923076923076
0.023782153846153845
-0.03671630769230769
-0.07593599999999999
-0.08198584615384615
-0.06195876923076923
-0.03108369230769231
-0.005841230769230769
0.017315076923076923
0.040262769230769234
0.09491999999999999
0.14728246153846153
0.13998092307692306
0.08761846153846153
0.015646153846153844
-0.03379569230769231
-0.06154153846153846
-0.06571384615384615
-0.06154153846153846
-0.06884307692307692
-0.04902461538461538
-0.001043076923076923
0.06362769230769232
0.09137353846153846
0.08156861538461539
0.04944184615384615
-0.0002086153846153846
-0.015646153846153844
-0.014603076923076923
0.0002086153846153846
0.0035464615384615383
0.001043076923076923
0.01668923076923077
0.04109723076923077
0.08073415384615384
0.05924676923076923
-0.011056615384615385
-0.07197230769230768
-0.11348676923076922
-0.09241661538461539
-0.05778646153846154
-0.018358153846153843
0.021070153846153846
0.03504738461538461
0.08761846153846153
0.13372246153846154
0.14811692307692306
0.10722830769230769
0.01668923076923077
-0.05528307692307692
-0.10180430769230768
-0.0936683076923077
-0.09304246153846155
-0.10409907692307692
-0.07697907692307693
-0.024199384615384616
0.050067692307692306
0.08761846153846153
0.07531015384615385
0.017940923076923077
-0.07843938461538462
-0.13476553846153844
-0.132888
-0.10555938461538462
-0.08344615384615384
-0.07030338461538461
-0.027328615384615382
0.005424
0.023990769230769232
0.03108369230769231
0.0008344615384615384
-0.0446436923076923
-0.09825784615384614
-0.09554584615384615
-0.06321046153846153
-0.04693846153846153
-0.03671630769230769
-0.03942830769230769
0.0018775384615384615
0.04047138461538462
0.07113784615384615
0.08344615384615384
0.02899753846153846
-0.0002086153846153846
-0.010639384615384617
-0.014603076923076923
-0.01272553846153846
-0.031918153846153846
-0.034630153846153845
-0.028163076923076923
0.0008344615384615384
0.05444861538461539
0.07697907692307693
0.06216738461538462
0.02586830769230769
-0.0008344615384615384
0.006258461538461538
0.024408000000000003
0.03442153846153846
0.02858030769230769
0.018983999999999997
0.03984553846153846
0.10096984615384616
0.14144123076923076
0.13935507692307691
0.11765907692307691
0.0826116923076923
0.07593599999999999
0.08156861538461539
0.08156861538461539
0.06967753846153846
0.06049846153846154
0.09429415384615383
0.13080184615384613
0.15750461538461538
0.1543753846153846
0.11828492307692307
0.08156861538461539
0.06446215384615385
0.08073415384615384
0.08323753846153846
0.07051199999999999
0.03755076923076923
0.006049846153846154
0.017315076923076923
0.05611753846153846
0.09429415384615383
0.07656184615384615
0.03650769230769231
0.019192615384615384
0.019609846153846155
0.03859384615384615
0.03963692307692308
0.029623384615384614
0.018983999999999997
0.013142769230769229
0.040679999999999994
0.059038153846153844
0.04631261538461538
0.016897846153846156
-0.02357353846153846
-0.034630153846153845
-0.023990769230769232
-0.017315076923076923
-0.02086153846153846
-0.03838523076923077
-0.03233538461538461
0.01272553846153846
0.07092923076923077
0.09679753846153846
0.08302892307692307
0.04380923076923077
0.00855323076923077
0.006884307692307692
0.013351384615384614
-0.0002086153846153846
-0.04652123076923077
-0.09846646153846153
-0.11765907692307691
-0.08866153846153846
-0.04860738461538461
-0.03504738461538461
-0.03963692307692308
-0.04568676923076923
-0.031918153846153846
-0.011265230769230769
0.002712
-0.012099692307692308
-0.05611753846153846
-0.09012184615384615
-0.08448923076923077
-0.03504738461538461
0.0025033846153846152
0.024408000000000003
0.041514461538461535
0.04172307692307692
0.06133292307692308
0.06154153846153846
0.025659692307692307
-0.017940923076923077
-0.058829538461538454
-0.05590892307692308
-0.016897846153846156
0.026285538461538457
0.04965046153846154
0.04819015384615385
0.03337846153846154
0.026285538461538457
0.03504738461538461
0.041514461538461535
0.027328615384615382
-0.004172307692307692
-0.018983999999999997
-0.004798153846153846
0.021070153846153846
0.03838523076923077
0.04130584615384615
0.043600615384615383
0.05674338461538461
0.07531015384615385
0.07092923076923077
0.015020307692307692
-0.052571076923076915
-0.09283384615384616
-0.09596307692307693
-0.05862092307692307
-0.006258461538461538
0.03567323076923076
0.05611753846153846
0.0853236923076923
0.11265230769230769
0.12350030769230769
0.10618523076923077
0.02795446153846154
-0.04109723076923077
