-0.02023569230769231
0.024408000000000003
0.04860738461538461
0.07051199999999999
0.07739630769230768
0.0936683076923077
0.09095630769230768
0.0446436923076923
-0.015020307692307692
-0.07113784615384615
-0.0855323076923077
-0.054240000000000003
-0.01668923076923077
0.02858030769230769
0.07051199999999999
0.10472492307692308
0.13205353846153844
0.11411261538461538
0.056951999999999996
-0.022530461538461537
-0.07739630769230768
-0.07927384615384615
-0.03129230769230769
0.04172307692307692
0.10076123076923077
0.1397723076923077
0.12600369230769232
0.10138707692307691
0.08720123076923077
0.03984553846153846
-0.015020307692307692
-0.08010830769230769
-0.11432123076923076
-0.09533723076923077
-0.06905169230769231
-0.017315076923076923
0.032544
0.07697907692307693
0.1151556923076923
0.13434830769230768
0.13998092307692306
0.078648
-0.010848
-0.08156861538461539
-0.12412615384615384
-0.10180430769230768
-0.065088
-0.027745846153846152
0.008136
0.03421292307692308
0.05528307692307692
0.03880246153846154
-0.006049846153846154
-0.08365476923076923
-0.14749107692307692
-0.1704387692307692
-0.14707384615384617
-0.07760492307692309
-0.01668923076923077
0.03337846153846154
0.07531015384615385
0.10889723076923077
0.11390399999999999
0.06926030769230769
-0.002086153846153846
-0.09179076923076923
-0.1502030769230769
-0.14957723076923077
-0.11640738461538462
-0.06216738461538462
-0.005215384615384615
0.04088861538461538
0.09012184615384615
0.13476553846153844
0.1449876923076923
0.12642092307692307
0.06028984615384615
-0.015854769230769228
-0.04631261538461538
-0.05069353846153846
-0.01981846153846154
0.02023569230769231
0.05048492307692308
0.08177723076923075
0.11056615384615384
0.13059323076923077
0.12016246153846154
0.06842584615384616
-0.014811692307692307
-0.07468430769230769
-0.08761846153846153
-0.06154153846153846
-0.014185846153846153
0.027745846153846152
0.06300184615384616
0.09074769230769231
0.11870215384615385
0.1316363076923077
0.09095630769230768
0.01272553846153846
-0.0448523076923077
-0.05799507692307692
-0.031918153846153846
0.010013538461538461
0.04860738461538461
0.07969107692307692
0.09700615384615385
0.11640738461538462
0.13476553846153844
0.11828492307692307
0.06341907692307691
-0.0012516923076923076
-0.03942830769230769
-0.042974769230769226
-0.022947692307692308
-0.0002086153846153846
0.016272
0.034630153846153845
0.043392
0.04902461538461538
0.03421292307692308
-0.012308307692307691
-0.06258461538461538
-0.10263876923076923
-0.10576799999999999
-0.07030338461538461
-0.031918153846153846
-0.008970461538461538
0.007510153846153846
0.02044430769230769
0.04672984615384615
0.06321046153846153
0.040054153846153843
-0.003755076923076923
-0.07280676923076923
-0.12266584615384615
-0.1435273846153846
-0.14394461538461537
-0.11599015384615384
-0.10660246153846153
-0.07510153846153846
-0.01668923076923077
0.03150092307692308
0.042974769230769226
0.015020307692307692
-0.02044430769230769
-0.06675692307692307
-0.07843938461538462
-0.06592246153846154
-0.05924676923076923
-0.05111076923076923
-0.03838523076923077
0.005632615384615384
0.05319692307692307
0.07697907692307693
0.07364123076923076
0.03275261538461539
-0.016063384615384615
-0.05319692307692307
-0.04422646153846154
-0.010848
-0.009179076923076922
0.006675692307692307
0.03379569230769231
0.08177723076923075
0.12788123076923075
0.12287446153846153
0.084072
-0.0014603076923076922
-0.05736923076923077
-0.06884307692307692
-0.06279323076923077
-0.047772923076923074
-0.04902461538461538
-0.021487384615384613
0.01272553846153846
0.07343261538461537
0.12683815384615382
0.12245723076923076
0.08344615384615384
0.017732307692307693
-0.013142769230769229
-0.014811692307692307
-0.005215384615384615
0.005424
0.015020307692307692
0.059664
0.10848000000000001
0.1397723076923077
0.13998092307692306
0.07885661538461539
0.0025033846153846152
-0.05444861538461539
-0.059664
-0.021070153846153846
0.002712
0.02899753846153846
0.04819015384615385
0.08344615384615384
0.12204
0.11953661538461538
0.09033046153846153
0.026285538461538457
-0.02211323076923077
-0.031918153846153846
-0.009596307692307692
0.012308307692307691
0.012308307692307691
0.026494153846153844
0.05048492307692308
0.08636676923076922
0.11432123076923076
0.09784061538461537
0.03379569230769231
-0.041514461538461535
-0.07948246153846153
-0.07489292307692308
-0.03275261538461539
0.01043076923076923
0.03567323076923076
0.06300184615384616
0.0936683076923077
0.12204
0.11745046153846153
0.06863446153846153
0.006258461538461538
-0.037967999999999995
-0.04109723076923077
-0.014394461538461538
0.01043076923076923
0.020652923076923076
0.021278769230769233
0.03150092307692308
0.04944184615384615
0.06216738461538462
0.03650769230769231
-0.03066646153846154
-0.07343261538461537
-0.08428061538461538
-0.04985907692307692
-0.009596307692307692
0.0012516923076923076
0.02482523076923077
0.03567323076923076
