0.07635323076923077
0.04902461538461538
-0.006467076923076923
-0.042348923076923076
-0.05236246153846154
-0.03212676923076923
-0.0050067692307692304
-0.0070929230769230765
-0.0029206153846153843
0.0033378461538461535
0.01814953846153846
0.03942830769230769
0.03379569230769231
0.010013538461538461
-0.051528
-0.08448923076923077
-0.06529661538461538
-0.04088861538461538
-0.007510153846153846
0.014185846153846153
0.051528
0.09137353846153846
0.11828492307692307
0.12287446153846153
0.04631261538461538
-0.0448523076923077
-0.10430769230769231
-0.12287446153846153
-0.07218092307692307
-0.008136
0.05820369230769231
0.09700615384615385
0.10493353846153847
0.11494707692307692
0.08782707692307692
0.03629907692307692
-0.03066646153846154
-0.09408553846153846
-0.12704676923076924
-0.116616
-0.06759138461538462
-0.028788923076923077
-0.0008344615384615384
0.03045784615384615
0.0771876923076923
0.11035753846153845
0.092208
0.040679999999999994
-0.019192615384615384
-0.07364123076923076
-0.09679753846153846
-0.07697907692307693
-0.03567323076923076
0.011891076923076923
0.041514461538461535
0.06425353846153846
0.0771876923076923
0.065088
0.02753723076923077
-0.03942830769230769
-0.10430769230769231
-0.12350030769230769
-0.08365476923076923
-0.029414769230769227
0.014394461538461538
0.06279323076923077
0.10389046153846154
0.12621230769230768
0.12558646153846154
0.08115138461538463
0.0050067692307692304
-0.06863446153846153
-0.1045163076923077
-0.08761846153846153
-0.035464615384615386
0.028163076923076923
0.07927384615384615
0.12496061538461539
0.15249784615384615
0.15479261538461536
0.11682461538461539
0.03629907692307692
-0.03921969230769231
-0.09471138461538461
-0.10827138461538462
-0.0828203076923077
-0.040679999999999994
0.006675692307692307
0.041514461538461535
0.08219446153846154
0.1178676923076923
0.12266584615384615
0.09971815384615385
0.05069353846153846
0.0070929230769230765
-0.02023569230769231
-0.03129230769230769
-0.016480615384615385
-0.010639384615384617
0.006258461538461538
0.06028984615384615
0.10117846153846152
0.1136953846153846
0.09554584615384615
0.04130584615384615
-0.03129230769230769
-0.07823076923076923
-0.059664
0.0006258461538461538
0.049233230769230765
0.07426707692307692
0.08636676923076922
0.09241661538461539
0.09533723076923077
0.092208
0.065088
0.015854769230769228
-0.006884307692307692
0.015437538461538461
0.06759138461538462
0.11703323076923078
0.1597993846153846
0.19067446153846154
0.20110523076923076
0.20924123076923076
0.19317784615384614
0.15124615384615384
0.07781353846153846
0.010013538461538461
-0.007510153846153846
0.015646153846153844
0.07072061538461538
0.11244369230769231
0.14415323076923076
0.1704387692307692
0.1869193846153846
0.19964492307692308
0.1804523076923077
0.13247076923076923
0.05590892307692308
-0.021696
-0.04735569230769231
-0.03400430769230769
-0.026494153846153844
-0.030875076923076922
-0.02357353846153846
0.006258461538461538
0.03671630769230769
0.06070707692307692
0.06800861538461538
0.02086153846153846
-0.03609046153846154
-0.07739630769230768
-0.08615815384615384
-0.059664
-0.05444861538461539
-0.056951999999999996
-0.05277969230769231
-0.028371692307692306
-0.00855323076923077
-0.026911384615384615
-0.06759138461538462
-0.11765907692307691
-0.138312
-0.11995384615384615
-0.0855323076923077
-0.048816000000000005
-0.03024923076923077
-0.028163076923076923
-0.006467076923076923
0.03692492307692308
0.06404492307692307
0.046104
0.0
-0.05653476923076922
-0.09971815384615385
-0.11056615384615384
-0.10076123076923077
-0.08782707692307692
-0.08323753846153846
-0.040679999999999994
0.02795446153846154
0.07656184615384615
0.10096984615384616
0.08511507692307693
0.04401784615384615
-0.014394461538461538
-0.040679999999999994
-0.04756430769230769
-0.06571384615384615
-0.061124307692307686
-0.04902461538461538
0.017315076923076923
0.10201292307692307
0.1558356923076923
0.16897846153846155
0.119328
0.06258461538461538
0.018983999999999997
0.012516923076923077
0.014394461538461538
0.012308307692307691
0.03880246153846154
0.059038153846153844
0.09992676923076924
0.14457046153846154
0.1368516923076923
0.10952307692307692
0.06529661538461538
0.03921969230769231
0.04672984615384615
0.049233230769230765
0.053614153846153846
0.03671630769230769
0.02545107692307692
0.05236246153846154
0.092208
0.10493353846153847
0.07614461538461538
0.03671630769230769
-0.008136
-0.03400430769230769
-0.03129230769230769
-0.041514461538461535
-0.05820369230769231
-0.05653476923076922
-0.009179076923076922
0.050067692307692306
0.07489292307692308
0.06946892307692307
0.020652923076923076
-0.026494153846153844
-0.06529661538461538
-0.08010830769230769
-0.06905169230769231
-0.06842584615384616
-0.05090215384615384
-0.03421292307692308
-0.006049846153846154
0.007510153846153846
-0.014394461538461538
-0.0446436923076923
-0.08991323076923076
-0.0936683076923077
