0.03859384615384615
0.055491692307692304
0.04860738461538461
0.04652123076923077
0.016063384615384615
-0.03755076923076923
-0.09575446153846154
-0.14519630769230768
-0.14164984615384615
-0.11724184615384614
-0.05736923076923077
0.005841230769230769
0.06341907692307691
0.13330523076923076
0.1504116923076923
0.13267938461538462
0.061124307692307686
-0.042557538461538466
-0.10535076923076922
-0.1356
-0.09095630769230768
-0.02795446153846154
0.013142769230769229
0.059872615384615385
0.08115138461538463
0.09199938461538461
0.06049846153846154
0.004172307692307692
-0.05820369230769231
-0.12767261538461538
-0.13518276923076925
-0.08469784615384615
0.010222153846153844
0.09700615384615385
0.1422756923076923
0.18128676923076922
0.18650215384615382
0.1829556923076923
0.14540492307692307
0.05611753846153846
-0.018358153846153843
-0.07781353846153846
-0.06884307692307692
-0.03379569230769231
0.01940123076923077
0.1045163076923077
0.1597993846153846
0.2075723076923077
0.22947692307692308
0.23010276923076922
0.16981292307692308
0.051319384615384614
-0.03880246153846154
-0.10055261538461538
-0.10263876923076923
-0.05945538461538461
-0.005215384615384615
0.056326153846153845
0.09262523076923077
0.12621230769230768
0.11870215384615385
0.061124307692307686
-0.015437538461538461
-0.11995384615384615
-0.17273353846153844
-0.16271999999999998
-0.1136953846153846
-0.044435076923076924
0.0018775384615384615
0.054240000000000003
0.08907876923076924
0.08156861538461539
0.047772923076923074
-0.025659692307692307
-0.09930092307692308
-0.14540492307692307
-0.15270646153846154
-0.11411261538461538
-0.04526953846153846
0.031709538461538456
0.09158215384615384
0.138312
0.16021661538461537
0.15333230769230768
0.09575446153846154
-0.02273907692307692
-0.12621230769230768
-0.1760713846153846
-0.17252492307692308
-0.1353913846153846
-0.07489292307692308
0.00855323076923077
0.07364123076923076
0.13768615384615385
0.1775316923076923
0.17085599999999998
0.12412615384615384
0.021696
-0.06467076923076923
-0.10660246153846153
-0.09971815384615385
-0.0448523076923077
0.01940123076923077
0.08907876923076924
0.15646153846153846
0.21842030769230766
0.233232
0.17815753846153848
0.09137353846153846
-0.0002086153846153846
-0.05048492307692308
-0.03442153846153846
0.011056615384615385
0.0678
0.11181784615384616
0.13852061538461538
0.16313723076923078
0.15646153846153846
0.12266584615384615
0.0448523076923077
-0.04130584615384615
-0.07572738461538461
-0.07051199999999999
-0.04693846153846153
-0.03275261538461539
-0.02023569230769231
-0.0077187692307692304
0.02232184615384615
0.05528307692307692
0.07364123076923076
0.05444861538461539
-0.012934153846153845
-0.05820369230769231
-0.0771876923076923
-0.06800861538461538
-0.05757784615384615
-0.045895384615384616
-0.009596307692307692
0.02357353846153846
0.06633969230769231
0.08031692307692308
0.051528
-0.01814953846153846
-0.09575446153846154
-0.12788123076923075
-0.1136953846153846
-0.07197230769230768
-0.04631261538461538
-0.023364923076923075
0.0043809230769230765
0.03212676923076923
0.04693846153846153
0.013142769230769229
-0.05298830769230769
-0.13184492307692308
-0.19150892307692308
-0.19171753846153847
-0.157296
-0.13267938461538462
-0.11452984615384615
-0.09325107692307691
-0.06195876923076923
-0.019609846153846155
0.003963692307692307
-0.009387692307692307
-0.07009476923076922
-0.12391753846153845
-0.1097316923076923
-0.06696553846153847
-0.03275261538461539
-0.023364923076923075
-0.03859384615384615
-0.038176615384615385
-0.006675692307692307
0.03901107692307692
0.07468430769230769
0.06967753846153846
0.040679999999999994
0.013351384615384614
0.016480615384615385
0.046104
0.05799507692307692
0.06049846153846154
0.08219446153846154
0.12370892307692308
0.16710092307692306
0.1927606153846154
0.15333230769230768
0.07364123076923076
0.01043076923076923
-0.013142769230769229
0.011473846153846154
0.026494153846153844
0.025033846153846153
0.02232184615384615
0.02023569230769231
0.04401784615384615
0.06571384615384615
0.058829538461538454
0.029832
-0.016063384615384615
-0.021696
0.018358153846153843
0.05736923076923077
0.06884307692307692
0.04526953846153846
0.010013538461538461
-0.012934153846153845
0.006049846153846154
0.028788923076923077
0.01668923076923077
-0.03066646153846154
-0.08323753846153846
-0.08845292307692308
-0.07280676923076923
-0.04965046153846154
-0.03650769230769231
-0.032544
-0.0004172307692307692
0.026911384615384615
0.03609046153846154
0.021904615384615383
-0.02357353846153846
-0.06049846153846154
-0.07843938461538462
-0.07259815384615384
-0.05236246153846154
-0.05319692307692307
-0.06487938461538462
-0.06321046153846153
-0.027328615384615382
0.021070153846153846
0.03692492307692308
0.017523692307692306
-0.018983999999999997
-0.040262769230769234
-0.03713353846153846
-0.01397723076923077
0.017940923076923077
0.031709538461538456
0.043392
0.05945538461538461
0.09471138461538461
0.11599015384615384
