0.006049846153846154
-0.08302892307692307
-0.1424843076923077
-0.14665661538461539
-0.09512861538461538
-0.020027076923076922
0.05319692307692307
0.0880356923076923
0.10764553846153846
0.1205796923076923
0.10764553846153846
0.06258461538461538
-0.022947692307692308
-0.08845292307692308
-0.10430769230769231
-0.06425353846153846
-0.0012516923076923076
0.06300184615384616
0.11974523076923077
0.12934153846153845
0.1358086153846154
0.13643446153846153
0.10889723076923077
0.05048492307692308
-0.04088861538461538
-0.09387692307692307
-0.09408553846153846
-0.05799507692307692
0.0012516923076923076
0.04652123076923077
0.07697907692307693
0.10243015384615384
0.12996738461538462
0.13038461538461538
0.07301538461538462
-0.006258461538461538
-0.07092923076923077
-0.09971815384615385
-0.07468430769230769
-0.03108369230769231
0.005215384615384615
0.045060923076923075
0.084072
0.12516923076923075
0.1424843076923077
0.12579507692307693
0.0717636923076923
0.0029206153846153843
-0.04047138461538462
-0.05716061538461538
-0.028371692307692306
0.00855323076923077
0.058829538461538454
0.11223507692307692
0.13706030769230768
0.16459753846153846
0.17002153846153847
0.12829846153846153
0.045060923076923075
-0.024199384615384616
-0.0446436923076923
-0.03775938461538462
-0.021278769230769233
0.008136
0.03838523076923077
0.06341907692307691
0.10535076923076922
0.13893784615384613
0.1353913846153846
0.06988615384615385
-0.007301538461538462
-0.053614153846153846
-0.07405846153846153
-0.04860738461538461
-0.010639384615384617
0.01856676923076923
0.04547815384615384
0.10243015384615384
0.1558356923076923
0.16271999999999998
0.11911938461538461
0.02899753846153846
-0.0446436923076923
-0.09158215384615384
-0.07405846153846153
-0.024199384615384616
0.007510153846153846
0.06362769230769232
0.11536430769230768
0.16438892307692307
0.1783661538461538
0.13518276923076925
0.07134646153846153
-0.026702769230769228
-0.092208
-0.09137353846153846
-0.07572738461538461
-0.05069353846153846
-0.026285538461538457
0.014603076923076923
0.06467076923076923
0.0974233846153846
0.09825784615384614
0.04401784615384615
-0.025033846153846153
-0.08115138461538463
-0.08761846153846153
-0.06988615384615385
-0.05611753846153846
-0.022530461538461537
-0.011265230769230769
0.010013538461538461
0.0446436923076923
0.06571384615384615
0.06300184615384616
0.008136
-0.030875076923076922
-0.03650769230769231
-0.02482523076923077
-0.005215384615384615
-0.0014603076923076922
0.003129230769230769
0.015020307692307692
0.05862092307692307
0.09450276923076922
0.08615815384615384
0.03150092307692308
-0.056326153846153845
-0.10222153846153846
-0.12558646153846154
-0.11682461538461539
-0.07781353846153846
-0.06467076923076923
-0.019192615384615384
0.029832
0.06049846153846154
0.07009476923076922
0.010848
-0.06863446153846153
-0.14832553846153845
-0.17544553846153846
-0.1504116923076923
-0.12683815384615382
-0.08949599999999999
-0.05444861538461539
-0.0070929230769230765
0.03942830769230769
0.06070707692307692
0.04526953846153846
-0.016272
-0.07405846153846153
-0.09304246153846155
-0.07468430769230769
-0.05862092307692307
-0.04839876923076923
-0.028371692307692306
-0.0004172307692307692
0.05236246153846154
0.0988836923076923
0.11327815384615383
0.0771876923076923
-0.009596307692307692
-0.07405846153846153
-0.09199938461538461
-0.08031692307692308
-0.06279323076923077
-0.05570030769230769
-0.03129230769230769
0.018358153846153843
0.08574092307692306
0.12037107692307693
0.0988836923076923
0.051528
-0.007510153846153846
-0.0446436923076923
-0.058412307692307694
-0.046104
-0.016480615384615385
0.016897846153846156
0.07030338461538461
0.11870215384615385
0.16876984615384616
0.1710646153846154
0.1097316923076923
0.04756430769230769
-0.007510153846153846
-0.0018775384615384615
0.020027076923076922
0.03504738461538461
0.05611753846153846
0.06738276923076922
0.11411261538461538
0.15208061538461537
0.16188553846153847
0.12350030769230769
0.03838523076923077
-0.03337846153846154
-0.07384984615384615
-0.07593599999999999
-0.07280676923076923
-0.06633969230769231
-0.05090215384615384
-0.017940923076923077
0.03775938461538462
0.07134646153846153
0.07969107692307692
0.03379569230769231
-0.043392
-0.08156861538461539
-0.10076123076923077
-0.08615815384615384
-0.07009476923076922
-0.06258461538461538
-0.011265230769230769
0.04756430769230769
0.10910584615384614
0.11599015384615384
0.07134646153846153
0.017315076923076923
-0.05507446153846154
-0.0826116923076923
-0.06321046153846153
-0.03129230769230769
-0.012934153846153845
0.006049846153846154
0.04047138461538462
0.07468430769230769
0.09387692307692307
0.05590892307692308
-0.014811692307692307
-0.08720123076923077
-0.146448
-0.13914646153846155
-0.092208
-0.06633969230769231
-0.047772923076923074
-0.018358153846153843
0.026702769230769228
0.07051199999999999
0.06696553846153847
0.006884307692307692
-0.06300184615384616
-0.09471138461538461
-0.09533723076923077
