0.06049846153846154
0.06905169230769231
0.04172307692307692
-0.016480615384615385
-0.06133292307692308
-0.06717415384615384
-0.05444861538461539
-0.042974769230769226
-0.032544
-0.015020307692307692
0.01981846153846154
0.06195876923076923
0.08594953846153845
0.06550523076923077
0.0043809230769230765
-0.06154153846153846
-0.10889723076923077
-0.11327815384615383
-0.08177723076923075
-0.03984553846153846
-0.0029206153846153843
0.02795446153846154
0.07030338461538461
0.11098338461538461
0.111192
0.058829538461538454
-0.013768615384615384
-0.07134646153846153
-0.10263876923076923
-0.10785415384615385
-0.08991323076923076
-0.06905169230769231
-0.04672984615384615
-0.007927384615384614
0.030040615384615384
0.05319692307692307
0.04109723076923077
-0.006049846153846154
-0.051319384615384614
-0.05862092307692307
-0.02482523076923077
0.004589538461538461
0.02586830769230769
0.03942830769230769
0.050067692307692306
0.0678
0.06154153846153846
0.02858030769230769
-0.03880246153846154
-0.10618523076923077
-0.12516923076923075
-0.10055261538461538
-0.03984553846153846
0.023782153846153845
0.05653476923076922
0.09512861538461538
0.14018953846153845
0.16021661538461537
0.15374953846153847
0.10201292307692307
0.02795446153846154
-0.035255999999999996
-0.0678
-0.05403138461538461
-0.026076923076923077
-0.009596307692307692
0.017732307692307693
0.051528
0.08907876923076924
0.10868861538461538
0.06905169230769231
0.002712
-0.05757784615384615
-0.07593599999999999
-0.04839876923076923
-0.010013538461538461
0.01814953846153846
0.029832
0.042348923076923076
0.05590892307692308
0.06216738461538462
0.042348923076923076
-0.013560000000000001
-0.07781353846153846
-0.11494707692307692
-0.09825784615384614
-0.0446436923076923
-0.0022947692307692304
0.02899753846153846
0.05277969230769231
0.07343261538461537
0.10076123076923077
0.0880356923076923
0.03650769230769231
-0.040054153846153843
-0.09825784615384614
-0.08490646153846154
-0.04526953846153846
-0.0025033846153846152
0.013560000000000001
0.004172307692307692
0.005215384615384615
0.03066646153846154
0.07405846153846153
0.0826116923076923
0.056951999999999996
0.012099692307692308
-0.02023569230769231
-0.009596307692307692
0.008136
0.026494153846153844
0.029623384615384614
0.02899753846153846
0.04819015384615385
0.08156861538461539
0.11223507692307692
0.10076123076923077
0.06154153846153846
0.017940923076923077
0.00855323076923077
0.03024923076923077
0.042348923076923076
0.034630153846153845
0.006258461538461538
0.0018775384615384615
0.018983999999999997
0.02795446153846154
0.02357353846153846
-0.00855323076923077
-0.04172307692307692
-0.03671630769230769
0.0050067692307692304
0.042348923076923076
0.03442153846153846
0.0016689230769230767
-0.025659692307692307
-0.025033846153846153
0.0035464615384615383
0.03692492307692308
0.05486584615384615
0.04547815384615384
0.03483876923076923
0.03755076923076923
0.05674338461538461
0.07593599999999999
0.07134646153846153
0.04902461538461538
0.04109723076923077
0.061124307692307686
0.08574092307692306
0.08636676923076922
0.07384984615384615
0.06404492307692307
0.06592246153846154
0.10201292307692307
0.12642092307692307
0.12037107692307693
0.08198584615384615
0.03838523076923077
0.02545107692307692
0.02858030769230769
0.04672984615384615
0.047772923076923074
0.037342153846153844
0.038176615384615385
0.054657230769230764
0.08010830769230769
0.08344615384615384
0.042557538461538466
-0.012934153846153845
-0.046104
-0.06258461538461538
-0.051319384615384614
-0.02545107692307692
0.0008344615384615384
0.03045784615384615
0.06529661538461538
0.09763200000000001
0.09095630769230768
0.025033846153846153
-0.05236246153846154
-0.10576799999999999
-0.12162276923076921
-0.08115138461538463
-0.009804923076923077
0.06675692307692307
0.1070196923076923
0.1341396923076923
0.15395815384615386
0.12955015384615384
0.06738276923076922
-0.03650769230769231
-0.11578153846153846
-0.15667015384615385
-0.16084246153846155
-0.11327815384615383
-0.0771876923076923
-0.054240000000000003
-0.030875076923076922
-0.0014603076923076922
0.026285538461538457
0.021696
-0.009179076923076922
-0.06905169230769231
-0.12725538461538463
-0.1502030769230769
-0.15187199999999998
-0.11265230769230769
-0.05298830769230769
-0.0016689230769230767
0.046104
0.06988615384615385
0.07197230769230768
0.02023569230769231
-0.06759138461538462
-0.13518276923076925
-0.1635544615384615
-0.13434830769230768
-0.07343261538461537
0.005215384615384615
0.07301538461538462
0.12350030769230769
0.15896492307692306
0.15500123076923078
0.11703323076923078
0.03880246153846154
-0.04214030769230769
-0.10138707692307691
-0.12579507692307693
-0.09387692307692307
-0.03984553846153846
0.007301538461538462
0.04172307692307692
0.07468430769230769
0.10013538461538461
0.09325107692307691
0.046104
-0.019192615384615384
-0.059664
-0.06383630769230769
-0.034630153846153845
0.01668923076923077
0.04693846153846153
