-0.07259815384615384
-0.06800861538461538
-0.04380923076923077
-0.012934153846153845
0.0006258461538461538
0.005424
0.03337846153846154
0.058412307692307694
0.059664
0.01940123076923077
-0.03629907692307692
-0.07426707692307692
-0.08761846153846153
-0.06133292307692308
-0.025033846153846153
-0.008970461538461538
0.011056615384615385
0.04172307692307692
0.07572738461538461
0.10180430769230768
0.07948246153846153
0.02795446153846154
-0.035464615384615386
-0.084072
-0.08302892307692307
-0.06529661538461538
-0.03921969230769231
-0.021696
-0.0006258461538461538
0.04109723076923077
0.06362769230769232
0.05924676923076923
0.011056615384615385
-0.05382276923076923
-0.09387692307692307
-0.09930092307692308
-0.06842584615384616
-0.03692492307692308
-0.006049846153846154
0.01814953846153846
0.03921969230769231
0.06988615384615385
0.0717636923076923
0.038176615384615385
-0.01856676923076923
-0.08094276923076923
-0.10576799999999999
-0.09158215384615384
-0.05277969230769231
-0.017940923076923077
0.002086153846153846
0.033169846153846154
0.065088
0.08031692307692308
0.06613107692307692
0.018983999999999997
-0.03984553846153846
-0.06988615384615385
-0.04860738461538461
-0.010848
0.002086153846153846
0.005215384615384615
0.026494153846153844
0.06717415384615384
0.10889723076923077
0.1207883076923077
0.09679753846153846
0.04547815384615384
-0.009596307692307692
-0.03024923076923077
-0.017523692307692306
0.005841230769230769
0.02044430769230769
0.03984553846153846
0.07343261538461537
0.11244369230769231
0.143736
0.12767261538461538
0.07948246153846153
0.012516923076923077
-0.04130584615384615
-0.04401784615384615
-0.03901107692307692
-0.03024923076923077
-0.009804923076923077
0.01940123076923077
0.07134646153846153
0.10785415384615385
0.11098338461538461
0.07238953846153846
-0.012099692307692308
-0.06967753846153846
-0.07927384615384615
-0.06529661538461538
-0.04985907692307692
-0.04526953846153846
-0.02795446153846154
0.008136
0.05048492307692308
0.08365476923076923
0.07927384615384615
0.023990769230769232
-0.03129230769230769
-0.059038153846153844
-0.05069353846153846
-0.024408000000000003
-0.03108369230769231
-0.03650769230769231
-0.025659692307692307
0.017940923076923077
0.06946892307692307
0.08490646153846154
0.065088
0.012934153846153845
-0.006467076923076923
-0.0004172307692307692
0.021278769230769233
0.04547815384615384
0.021487384615384613
0.004589538461538461
0.0077187692307692304
0.02899753846153846
0.05319692307692307
0.023782153846153845
-0.01814953846153846
-0.058412307692307694
-0.073224
-0.033169846153846154
-0.0070929230769230765
-0.003755076923076923
-0.011473846153846154
-0.005424
0.027745846153846152
0.044435076923076924
0.05194523076923077
0.009179076923076922
-0.06008123076923077
-0.09074769230769231
-0.09137353846153846
-0.054240000000000003
-0.032544
-0.02753723076923077
-0.008344615384615384
0.015228923076923076
0.05403138461538461
0.07218092307692307
0.053614153846153846
0.008344615384615384
-0.02273907692307692
-0.018775384615384614
-0.009179076923076922
0.02232184615384615
0.025033846153846153
-0.004172307692307692
-0.018775384615384614
-0.02044430769230769
0.002086153846153846
0.0006258461538461538
-0.02232184615384615
-0.03775938461538462
-0.0446436923076923
-0.02899753846153846
0.010222153846153844
0.04276615384615385
0.023364923076923075
0.0070929230769230765
0.03379569230769231
0.06759138461538462
0.07697907692307693
0.054657230769230764
0.026702769230769228
0.0006258461538461538
0.006258461538461538
0.03775938461538462
0.03775938461538462
-0.0012516923076923076
-0.041514461538461535
-0.061750153846153844
-0.055491692307692304
-0.028788923076923077
-0.003755076923076923
0.01043076923076923
0.014185846153846153
0.047772923076923074
0.08949599999999999
0.10514215384615383
0.08824430769230769
0.030040615384615384
-0.04109723076923077
-0.07906523076923076
-0.05653476923076922
-0.030875076923076922
-0.011891076923076923
0.007301538461538462
0.03212676923076923
0.07280676923076923
0.09554584615384615
0.1028473846153846
0.06341907692307691
-0.0016689230769230767
-0.028788923076923077
-0.026285538461538457
-0.005424
0.008970461538461538
0.021904615384615383
0.040054153846153843
0.04965046153846154
0.07280676923076923
0.08824430769230769
0.05069353846153846
-0.010848
-0.050067692307692306
-0.06362769230769232
-0.05444861538461539
-0.02586830769230769
-0.0014603076923076922
0.012099692307692308
0.02545107692307692
0.04902461538461538
0.07927384615384615
0.07739630769230768
0.05194523076923077
0.010848
-0.03692492307692308
-0.04965046153846154
-0.03358707692307692
-0.010639384615384617
-0.0025033846153846152
0.02023569230769231
0.05298830769230769
0.06633969230769231
0.06633969230769231
0.026494153846153844
-0.03296123076923077
-0.07155507692307693
-0.059664
-0.012516923076923077
0.043392
0.09804923076923076
0.13518276923076925
0.16418030769230768
0.16710092307692306
0.14686523076923075
0.0974233846153846
