-0.07280676923076923
-0.12266584615384615
-0.12099692307692309
-0.08636676923076922
-0.01043076923076923
0.05444861538461539
0.09867507692307692
0.13372246153846154
0.14561353846153846
0.132888
0.09179076923076923
0.03755076923076923
-0.022947692307692308
-0.051528
-0.040679999999999994
0.0022947692307692304
0.06487938461538462
0.10827138461538462
0.15750461538461538
0.20652923076923077
0.21132738461538458
0.18316430769230768
0.10868861538461538
0.007510153846153846
-0.054657230769230764
-0.06154153846153846
-0.011473846153846154
0.047981538461538464
0.10785415384615385
0.1612596923076923
0.1792006153846154
0.19004861538461537
0.17085599999999998
0.12391753846153845
0.054240000000000003
-0.015646153846153844
-0.02586830769230769
-0.0077187692307692304
0.024616615384615383
0.06592246153846154
0.0897046153846154
0.09930092307692308
0.10138707692307691
0.11473846153846154
0.09387692307692307
0.028163076923076923
-0.025659692307692307
-0.062376
-0.05048492307692308
-0.014185846153846153
0.020027076923076922
0.058412307692307694
0.06800861538461538
0.0853236923076923
0.11265230769230769
0.10910584615384614
0.07405846153846153
-0.0016689230769230767
-0.078648
-0.11703323076923078
-0.10535076923076922
-0.06800861538461538
-0.042557538461538466
-0.0006258461538461538
0.03942830769230769
0.07927384615384615
0.09867507692307692
0.0609156923076923
0.0018775384615384615
-0.07656184615384615
-0.11953661538461538
-0.11140061538461538
-0.08344615384615384
-0.03233538461538461
-0.0029206153846153843
0.013351384615384614
0.03963692307692308
0.06028984615384615
0.06675692307692307
0.030040615384615384
-0.015228923076923076
-0.04422646153846154
-0.052153846153846155
-0.026494153846153844
-0.0006258461538461538
0.024199384615384616
0.03212676923076923
0.055491692307692304
0.09700615384615385
0.10806276923076923
0.09909230769230769
0.049233230769230765
-0.005215384615384615
-0.037342153846153844
-0.056326153846153845
-0.05277969230769231
-0.05298830769230769
-0.03400430769230769
-0.0022947692307692304
0.027328615384615382
0.07927384615384615
0.08699261538461538
0.0448523076923077
-0.006049846153846154
-0.05736923076923077
-0.06070707692307692
-0.04860738461538461
-0.03880246153846154
-0.021070153846153846
-0.009596307692307692
0.02524246153846154
0.06258461538461538
0.07593599999999999
0.05757784615384615
0.02315630769230769
-0.003963692307692307
-0.013768615384615384
0.00855323076923077
0.027120000000000002
0.03337846153846154
0.03379569230769231
0.04714707692307692
0.09074769230769231
0.11974523076923077
0.11494707692307692
0.07343261538461537
0.02357353846153846
-0.0043809230769230765
-0.012516923076923077
0.0
0.003963692307692307
-0.01272553846153846
-0.009596307692307692
0.021696
0.07092923076923077
0.09909230769230769
0.08052553846153847
0.03150092307692308
-0.02899753846153846
-0.06028984615384615
-0.06133292307692308
-0.040679999999999994
-0.02858030769230769
-0.01814953846153846
0.018775384615384614
0.06049846153846154
0.11327815384615383
0.1136953846153846
0.05799507692307692
0.008970461538461538
-0.03609046153846154
-0.03921969230769231
-0.01397723076923077
0.010848
0.018983999999999997
0.016272
0.052153846153846155
0.0855323076923077
0.09554584615384615
0.06654830769230768
0.005841230769230769
-0.04193169230769231
-0.049233230769230765
-0.0070929230769230765
0.01272553846153846
0.014185846153846153
0.024616615384615383
0.053614153846153846
0.09658892307692307
0.1045163076923077
0.0892873846153846
0.02524246153846154
-0.07051199999999999
-0.11578153846153846
-0.11160923076923077
-0.06133292307692308
-0.017732307692307693
0.026911384615384615
0.10535076923076922
0.1489513846153846
0.15813046153846153
0.13998092307692306
0.09199938461538461
0.011056615384615385
-0.05298830769230769
-0.050067692307692306
-0.017940923076923077
0.004589538461538461
0.002712
0.009596307692307692
0.025659692307692307
0.03609046153846154
0.04547815384615384
0.010639384615384617
-0.05486584615384615
-0.08448923076923077
-0.07489292307692308
-0.03212676923076923
-0.011891076923076923
-0.015854769230769228
-0.01981846153846154
-0.03233538461538461
-0.011265230769230769
0.005841230769230769
-0.0014603076923076922
-0.0446436923076923
-0.10117846153846152
-0.1178676923076923
-0.10159569230769232
-0.06216738461538462
-0.05403138461538461
-0.05111076923076923
-0.042974769230769226
-0.03379569230769231
0.021070153846153846
0.0446436923076923
0.013351384615384614
-0.04422646153846154
-0.092208
-0.09429415384615383
-0.07802215384615384
-0.05319692307692307
-0.059038153846153844
-0.061124307692307686
-0.043392
-0.031918153846153846
-0.006467076923076923
-0.024408000000000003
-0.06487938461538462
-0.09867507692307692
-0.10994030769230768
-0.07030338461538461
-0.03275261538461539
-0.0070929230769230765
-0.02357353846153846
-0.058412307692307694
-0.04526953846153846
-0.01397723076923077
0.015437538461538461
0.001043076923076923
-0.03880246153846154
-0.05048492307692308
-0.04652123076923077
