0.007510153846153846
0.011891076923076923
0.01940123076923077
0.051319384615384614
0.09825784615384614
0.12704676923076924
0.13080184615384613
0.08949599999999999
0.04380923076923077
0.024199384615384616
0.03150092307692308
0.037342153846153844
0.02273907692307692
0.025659692307692307
0.037967999999999995
0.07134646153846153
0.09700615384615385
0.08365476923076923
0.05090215384615384
-0.016897846153846156
-0.05298830769230769
-0.03108369230769231
-0.0070929230769230765
0.026285538461538457
0.04047138461538462
0.04380923076923077
0.06738276923076922
0.08991323076923076
0.09554584615384615
0.05173661538461538
-0.012099692307692308
-0.06216738461538462
-0.08302892307692307
-0.06905169230769231
-0.05069353846153846
-0.028788923076923077
-0.01397723076923077
0.011473846153846154
0.061750153846153844
0.0988836923076923
0.09784061538461537
0.059038153846153844
0.010639384615384617
-0.011682461538461537
-0.002712
0.015228923076923076
0.023364923076923075
0.006675692307692307
-0.011265230769230769
-0.006258461538461538
0.010013538461538461
0.016063384615384615
-0.01272553846153846
-0.056326153846153845
-0.08615815384615384
-0.09179076923076923
-0.06300184615384616
-0.031918153846153846
-0.02753723076923077
-0.026076923076923077
-0.014394461538461538
0.012308307692307691
0.03942830769230769
0.02086153846153846
-0.03233538461538461
-0.09262523076923077
-0.1178676923076923
-0.0717636923076923
-0.023990769230769232
-0.0016689230769230767
0.010013538461538461
0.026076923076923077
0.06321046153846153
0.08991323076923076
0.08887015384615385
0.04130584615384615
-0.03212676923076923
-0.07384984615384615
-0.059872615384615385
-0.01710646153846154
0.014603076923076923
0.03066646153846154
0.028788923076923077
0.03942830769230769
0.058412307692307694
0.05716061538461538
0.028163076923076923
-0.02273907692307692
-0.04985907692307692
-0.04985907692307692
-0.02482523076923077
0.012099692307692308
0.017940923076923077
-0.0025033846153846152
-0.021278769230769233
-0.025033846153846153
-0.012934153846153845
-0.016480615384615385
-0.04318338461538461
-0.05403138461538461
-0.05277969230769231
-0.03483876923076923
-0.0070929230769230765
0.005215384615384615
-0.0018775384615384615
-0.020027076923076922
-0.011473846153846154
0.01668923076923077
0.030040615384615384
0.014185846153846153
-0.03024923076923077
-0.06300184615384616
-0.06258461538461538
-0.04547815384615384
-0.02273907692307692
-0.027120000000000002
-0.030040615384615384
-0.0022947692307692304
0.02899753846153846
0.05194523076923077
0.031709538461538456
-0.004798153846153846
-0.04380923076923077
-0.06800861538461538
-0.031918153846153846
0.012934153846153845
0.03984553846153846
0.04401784615384615
0.043600615384615383
0.06070707692307692
0.07030338461538461
0.07593599999999999
0.05778646153846154
0.019609846153846155
-0.0008344615384615384
0.016480615384615385
0.06446215384615385
0.0771876923076923
0.07572738461538461
0.07426707692307692
0.07843938461538462
0.11974523076923077
0.13330523076923076
0.13476553846153844
0.09930092307692308
0.06133292307692308
0.07802215384615384
0.07843938461538462
0.08386338461538462
0.06487938461538462
0.03755076923076923
0.024408000000000003
0.027120000000000002
0.06759138461538462
0.07197230769230768
0.04380923076923077
-0.0029206153846153843
-0.03692492307692308
-0.01272553846153846
0.020652923076923076
0.034630153846153845
0.010848
-0.025033846153846153
-0.03066646153846154
-0.02545107692307692
0.0002086153846153846
0.0002086153846153846
-0.021070153846153846
-0.028788923076923077
-0.014811692307692307
0.03921969230769231
0.05319692307692307
0.05486584615384615
0.024616615384615383
-0.01981846153846154
0.006675692307692307
0.02086153846153846
0.031918153846153846
0.018983999999999997
-0.021070153846153846
-0.027745846153846152
-0.017940923076923077
0.009596307692307692
0.002712
-0.03692492307692308
-0.061750153846153844
-0.06279323076923077
-0.028163076923076923
0.0022947692307692304
0.0016689230769230767
-0.022947692307692308
-0.04631261538461538
-0.03275261538461539
-0.0070929230769230765
-0.003129230769230769
-0.03921969230769231
-0.08740984615384616
-0.10931446153846153
-0.10138707692307691
-0.05194523076923077
-0.006675692307692307
0.025659692307692307
0.03629907692307692
0.03150092307692308
0.058412307692307694
0.05611753846153846
0.02899753846153846
-0.011473846153846154
-0.05611753846153846
-0.06133292307692308
-0.05069353846153846
-0.019609846153846155
0.0008344615384615384
0.010013538461538461
0.04631261538461538
0.09533723076923077
0.13393107692307693
0.12913292307692306
0.07405846153846153
0.010848
-0.03838523076923077
-0.045895384615384616
-0.004589538461538461
0.02044430769230769
0.03483876923076923
0.04902461538461538
0.07572738461538461
0.10722830769230769
0.09992676923076924
0.05653476923076922
-0.007301538461538462
-0.030875076923076922
0.0016689230769230767
0.06738276923076922
0.12850707692307692
0.16105107692307694
0.17961784615384613
0.18316430769230768
0.17690584615384616
0.13935507692307691
0.07134646153846153
-0.013560000000000001
-0.0853236923076923
-0.08866153846153846
