-0.09825784615384614
-0.17419384615384614
-0.18274707692307693
-0.14874276923076923
-0.07614461538461538
-0.010639384615384617
0.05173661538461538
0.10117846153846152
0.14603076923076924
0.1558356923076923
0.10868861538461538
0.02858030769230769
-0.06425353846153846
-0.12099692307692309
-0.1424843076923077
-0.11348676923076922
-0.03650769230769231
0.030875076923076922
0.09074769230769231
0.1504116923076923
0.18107815384615383
0.17398523076923075
0.10952307692307692
0.021696
-0.04839876923076923
-0.10493353846153847
-0.10201292307692307
-0.058829538461538454
-0.011891076923076923
0.026285538461538457
0.04902461538461538
0.07113784615384615
0.078648
0.07259815384615384
0.03296123076923077
-0.029206153846153847
-0.08469784615384615
-0.10096984615384616
-0.06383630769230769
-0.016897846153846156
0.028163076923076923
0.059664
0.09679753846153846
0.12120553846153845
0.11891076923076922
0.09199938461538461
0.008344615384615384
-0.05048492307692308
-0.06028984615384615
-0.03233538461538461
0.01814953846153846
0.053614153846153846
0.0988836923076923
0.11974523076923077
0.1368516923076923
0.1489513846153846
0.12662953846153846
0.07614461538461538
-0.014185846153846153
-0.04985907692307692
-0.04756430769230769
-0.046104
-0.013142769230769229
0.00855323076923077
0.04130584615384615
0.0880356923076923
0.12579507692307693
0.13226215384615383
0.08949599999999999
0.03567323076923076
-0.018983999999999997
-0.0446436923076923
-0.03400430769230769
-0.014603076923076923
0.014394461538461538
0.03609046153846154
0.06049846153846154
0.09700615384615385
0.10868861538461538
0.08490646153846154
0.021904615384615383
-0.03755076923076923
-0.054657230769230764
-0.04380923076923077
-0.0029206153846153843
0.02357353846153846
0.03275261538461539
0.04568676923076923
0.06070707692307692
0.084072
0.07113784615384615
0.013560000000000001
-0.059664
-0.11765907692307691
-0.132888
-0.10430769230769231
-0.06717415384615384
-0.04276615384615385
-0.01814953846153846
-0.003963692307692307
0.03024923076923077
0.05570030769230769
0.026076923076923077
-0.011265230769230769
-0.06028984615384615
-0.08115138461538463
-0.07468430769230769
-0.07218092307692307
-0.050067692307692306
-0.03984553846153846
-0.015854769230769228
0.03650769230769231
0.08824430769230769
0.10910584615384614
0.07238953846153846
0.019192615384615384
-0.018358153846153843
-0.02524246153846154
-0.0070929230769230765
0.027120000000000002
0.06008123076923077
0.07885661538461539
0.10618523076923077
0.13935507692307691
0.1476996923076923
0.09700615384615385
0.014185846153846153
-0.05590892307692308
-0.08240307692307691
-0.06821723076923077
-0.042557538461538466
-0.029206153846153847
-0.028163076923076923
-0.014185846153846153
0.006049846153846154
0.022530461538461537
0.005215384615384615
-0.030040615384615384
-0.06070707692307692
-0.08657538461538461
-0.07051199999999999
-0.03838523076923077
-0.012934153846153845
0.013142769230769229
0.043600615384615383
0.09262523076923077
0.13205353846153844
0.13810338461538463
0.10994030769230768
0.052153846153846155
0.0025033846153846152
-0.01981846153846154
-0.017523692307692306
0.0018775384615384615
0.013768615384615384
0.03942830769230769
0.06821723076923077
0.10159569230769232
0.12808984615384614
0.10764553846153846
0.06759138461538462
0.0077187692307692304
-0.022947692307692308
-0.02482523076923077
-0.03337846153846154
-0.03275261538461539
-0.04109723076923077
-0.01856676923076923
0.03379569230769231
0.07593599999999999
0.09199938461538461
0.03755076923076923
-0.03775938461538462
-0.07572738461538461
-0.06863446153846153
-0.015020307692307692
0.01940123076923077
0.03379569230769231
0.04944184615384615
0.06800861538461538
0.100344
0.11452984615384615
0.0963803076923077
0.037967999999999995
-0.011891076923076923
-0.016897846153846156
0.0043809230769230765
0.03609046153846154
0.03337846153846154
0.03129230769230769
0.05069353846153846
0.0717636923076923
0.09304246153846155
0.08949599999999999
0.04693846153846153
-0.028788923076923077
-0.06529661538461538
-0.04902461538461538
-0.020652923076923076
0.005841230769230769
0.011682461538461537
0.03233538461538461
0.07113784615384615
0.10868861538461538
0.12308307692307692
0.07510153846153846
0.020027076923076922
-0.01272553846153846
-0.005424
0.03108369230769231
0.04318338461538461
0.055491692307692304
0.05236246153846154
0.06216738461538462
0.08845292307692308
0.10681107692307691
0.1178676923076923
0.07760492307692309
0.04693846153846153
0.03066646153846154
0.03838523076923077
0.07364123076923076
0.07134646153846153
0.06884307692307692
0.05111076923076923
0.04652123076923077
0.04547815384615384
0.003129230769230769
-0.03108369230769231
-0.09992676923076924
-0.1397723076923077
-0.11098338461538461
-0.06654830769230768
-0.015437538461538461
-0.021278769230769233
-0.033169846153846154
-0.03212676923076923
-0.03129230769230769
-0.026076923076923077
-0.056951999999999996
-0.09596307692307693
-0.13706030769230768
-0.12662953846153846
-0.0717636923076923
