0.03838523076923077
0.04547815384615384
0.03504738461538461
0.019192615384615384
0.0077187692307692304
-0.0070929230769230765
-0.0022947692307692304
0.009804923076923077
0.046104
0.06467076923076923
0.03337846153846154
0.009596307692307692
-0.0043809230769230765
0.0033378461538461535
0.00855323076923077
-0.010222153846153844
-0.018775384615384614
-0.02586830769230769
-0.016063384615384615
-0.0077187692307692304
-0.014394461538461538
-0.035255999999999996
-0.0717636923076923
-0.06821723076923077
-0.03504738461538461
0.017523692307692306
0.056951999999999996
0.04714707692307692
0.042348923076923076
0.05799507692307692
0.08490646153846154
0.09283384615384616
0.06529661538461538
0.02482523076923077
-0.00855323076923077
-0.02357353846153846
-0.01940123076923077
0.002086153846153846
0.003755076923076923
-0.019192615384615384
-0.010222153846153844
0.03212676923076923
0.05924676923076923
0.06049846153846154
0.015228923076923076
-0.041514461538461535
-0.059664
-0.06070707692307692
-0.042348923076923076
-0.028788923076923077
-0.03296123076923077
-0.03275261538461539
-0.011265230769230769
0.022947692307692308
0.04172307692307692
0.014603076923076923
-0.058412307692307694
-0.10868861538461538
-0.11494707692307692
-0.08490646153846154
-0.03275261538461539
0.00855323076923077
0.026911384615384615
0.031709538461538456
0.056951999999999996
0.07426707692307692
0.03692492307692308
-0.03379569230769231
-0.08845292307692308
-0.09658892307692307
-0.06258461538461538
-0.01272553846153846
0.030040615384615384
0.05298830769230769
0.059664
0.06967753846153846
0.0744756923076923
0.043600615384615383
-0.03838523076923077
-0.13622584615384614
-0.19839323076923077
-0.18232984615384615
-0.11452984615384615
-0.04839876923076923
0.005215384615384615
0.03650769230769231
0.07072061538461538
0.08699261538461538
0.07280676923076923
0.021070153846153846
-0.059664
-0.1178676923076923
-0.13393107692307693
-0.08949599999999999
-0.020652923076923076
0.03483876923076923
0.06800861538461538
0.0826116923076923
0.09262523076923077
0.08761846153846153
0.05277969230769231
-0.006258461538461538
-0.07593599999999999
-0.11828492307692307
-0.11286092307692308
-0.073224
-0.02315630769230769
0.004589538461538461
0.034630153846153845
0.06633969230769231
0.07593599999999999
0.05277969230769231
-0.021904615384615383
-0.09930092307692308
-0.14853415384615384
-0.14436184615384615
-0.07113784615384615
0.014185846153846153
0.08344615384615384
0.11724184615384614
0.11974523076923077
0.11557292307692307
0.09387692307692307
0.055491692307692304
-0.01043076923076923
-0.06821723076923077
-0.07969107692307692
-0.04380923076923077
0.03337846153846154
0.11035753846153845
0.1666836923076923
0.20131384615384615
0.21654276923076923
0.20965846153846154
0.1635544615384615
0.07259815384615384
-0.01668923076923077
-0.06696553846153847
-0.06800861538461538
-0.03504738461538461
-0.0033378461538461535
0.032544
0.0717636923076923
0.11995384615384615
0.14582215384615385
0.12391753846153845
0.07531015384615385
-0.006675692307692307
-0.09053907692307692
-0.13038461538461538
-0.11557292307692307
-0.0717636923076923
-0.029414769230769227
0.01668923076923077
0.06863446153846153
0.11411261538461538
0.1207883076923077
0.08991323076923076
0.03066646153846154
-0.04631261538461538
-0.0880356923076923
-0.08323753846153846
-0.05173661538461538
-0.02023569230769231
0.020027076923076922
0.07572738461538461
0.13226215384615383
0.17023015384615386
0.15103753846153847
0.08490646153846154
0.010013538461538461
-0.03942830769230769
-0.06362769230769232
-0.04756430769230769
-0.004798153846153846
0.02586830769230769
0.05674338461538461
0.09012184615384615
0.1341396923076923
0.1506203076923077
0.11223507692307692
0.037342153846153844
-0.04401784615384615
-0.08991323076923076
-0.08574092307692306
-0.05444861538461539
-0.02211323076923077
0.02315630769230769
0.06154153846153846
0.10347323076923076
0.14582215384615385
0.14018953846153845
0.09992676923076924
0.021696
-0.051319384615384614
-0.06654830769230768
-0.05924676923076923
-0.03859384615384615
-0.01710646153846154
0.004589538461538461
0.05236246153846154
0.09992676923076924
0.11911938461538461
0.09825784615384614
0.04985907692307692
-0.011473846153846154
-0.04652123076923077
-0.03984553846153846
-0.019609846153846155
0.008970461538461538
0.015228923076923076
0.024408000000000003
0.04985907692307692
0.05674338461538461
0.06070707692307692
0.04547815384615384
-0.002086153846153846
-0.04756430769230769
-0.06800861538461538
-0.06446215384615385
-0.05653476923076922
-0.055491692307692304
-0.03379569230769231
0.012934153846153845
0.05924676923076923
0.07802215384615384
0.04109723076923077
-0.02044430769230769
-0.07092923076923077
-0.09304246153846155
-0.0771876923076923
-0.04109723076923077
-0.015854769230769228
0.014394461538461538
0.06049846153846154
0.11181784615384616
0.1462393846153846
0.11432123076923076
0.04902461538461538
-0.02023569230769231
-0.06383630769230769
-0.056326153846153845
-0.03609046153846154
-0.015854769230769228
