0.05319692307692307
0.017523692307692306
-0.02858030769230769
-0.05319692307692307
-0.04547815384615384
-0.012934153846153845
0.019192615384615384
0.03233538461538461
0.040679999999999994
0.05945538461538461
0.07551876923076924
0.08448923076923077
0.07364123076923076
0.03400430769230769
-0.0022947692307692304
-0.014811692307692307
0.008136
0.037967999999999995
0.049233230769230765
0.05820369230769231
0.07301538461538462
0.09304246153846155
0.08699261538461538
0.05319692307692307
-0.0029206153846153843
-0.07092923076923077
-0.11014892307692307
-0.09074769230769231
-0.024616615384615383
0.04714707692307692
0.100344
0.12725538461538463
0.14978584615384616
0.1570873846153846
0.12829846153846153
0.07134646153846153
-0.008761846153846153
-0.07656184615384615
-0.08323753846153846
-0.037342153846153844
0.031709538461538456
0.09846646153846153
0.14707384615384617
0.1718990769230769
0.17628
0.16480615384615382
0.10743692307692307
0.027328615384615382
-0.0446436923076923
-0.09033046153846153
-0.08511507692307693
-0.04839876923076923
0.008344615384615384
0.05590892307692308
0.07927384615384615
0.10201292307692307
0.10117846153846152
0.07614461538461538
0.022947692307692308
-0.056326153846153845
-0.09930092307692308
-0.11494707692307692
-0.0974233846153846
-0.06487938461538462
-0.031709538461538456
0.01710646153846154
0.056951999999999996
0.10326461538461539
0.12266584615384615
0.09784061538461537
0.03775938461538462
-0.03275261538461539
-0.06279323076923077
-0.03567323076923076
0.027328615384615382
0.07364123076923076
0.10055261538461538
0.10535076923076922
0.10597661538461538
0.11223507692307692
0.08720123076923077
0.03650769230769231
-0.023990769230769232
-0.06154153846153846
-0.04401784615384615
0.002712
0.04109723076923077
0.06967753846153846
0.08699261538461538
0.100344
0.11286092307692308
0.09325107692307691
0.03379569230769231
-0.040262769230769234
-0.09074769230769231
-0.09700615384615385
-0.07238953846153846
-0.03108369230769231
0.016480615384615385
0.05069353846153846
0.07113784615384615
0.09158215384615384
0.11473846153846154
0.10535076923076922
0.03713353846153846
-0.02315630769230769
-0.04944184615384615
-0.05236246153846154
-0.016480615384615385
0.029414769230769227
0.07572738461538461
0.10806276923076923
0.13810338461538463
0.16313723076923078
0.13455692307692307
0.07697907692307693
0.015854769230769228
-0.04088861538461538
-0.07384984615384615
-0.0678
-0.032544
0.0022947692307692304
0.03713353846153846
0.065088
0.09074769230769231
0.09846646153846153
0.06613107692307692
0.020652923076923076
-0.04109723076923077
-0.06592246153846154
-0.04318338461538461
-0.017315076923076923
0.011265230769230769
0.015646153846153844
0.04526953846153846
0.08094276923076923
0.0798996923076923
0.07677046153846154
0.044435076923076924
0.0006258461538461538
-0.02795446153846154
-0.024408000000000003
0.01856676923076923
0.04693846153846153
0.06717415384615384
0.08949599999999999
0.1097316923076923
0.12829846153846153
0.11828492307692307
0.08240307692307691
0.017523692307692306
-0.029414769230769227
-0.040679999999999994
-0.03838523076923077
-0.01981846153846154
-0.014811692307692307
-0.0002086153846153846
0.023990769230769232
0.05444861538461539
0.08302892307692307
0.07843938461538462
0.04714707692307692
-0.014185846153846153
-0.06800861538461538
-0.08094276923076923
-0.06905169230769231
-0.03233538461538461
0.005215384615384615
0.029414769230769227
0.06383630769230769
0.08636676923076922
0.09012184615384615
0.061124307692307686
0.011056615384615385
-0.02357353846153846
-0.02795446153846154
-0.005215384615384615
-0.0043809230769230765
-0.017940923076923077
-0.040262769230769234
-0.03692492307692308
-0.006049846153846154
0.009179076923076922
0.013560000000000001
-0.028371692307692306
-0.06863446153846153
-0.06341907692307691
-0.027745846153846152
0.009804923076923077
0.021278769230769233
0.02044430769230769
0.012934153846153845
0.028788923076923077
0.04985907692307692
0.056326153846153845
0.02211323076923077
-0.03942830769230769
-0.06863446153846153
-0.06946892307692307
-0.03379569230769231
-0.012099692307692308
0.0004172307692307692
0.02899753846153846
0.053614153846153846
0.09700615384615385
0.12454338461538461
0.1205796923076923
0.0855323076923077
0.02232184615384615
-0.008344615384615384
-0.002086153846153846
0.005841230769230769
0.001043076923076923
-0.021070153846153846
-0.016480615384615385
0.018775384615384614
0.06341907692307691
0.0855323076923077
0.053614153846153846
0.006675692307692307
-0.035464615384615386
-0.04422646153846154
-0.03650769230769231
-0.04714707692307692
-0.04902461538461538
-0.059038153846153844
-0.041514461538461535
0.001043076923076923
0.030875076923076922
0.037342153846153844
-0.013142769230769229
-0.04819015384615385
-0.055491692307692304
-0.04193169230769231
-0.029414769230769227
-0.037342153846153844
-0.03337846153846154
-0.031709538461538456
0.009596307692307692
0.055491692307692304
0.06279323076923077
0.035464615384615386
-0.014394461538461538
-0.04965046153846154
