0.059664
0.09053907692307692
0.10764553846153846
0.06195876923076923
-0.018983999999999997
-0.08115138461538463
-0.09784061538461537
-0.07885661538461539
-0.04088861538461538
0.015854769230769228
0.03337846153846154
0.03859384615384615
0.06341907692307691
0.07843938461538462
0.07218092307692307
0.0025033846153846152
-0.061124307692307686
-0.07843938461538462
-0.06717415384615384
-0.014394461538461538
0.02357353846153846
0.03483876923076923
0.03567323076923076
0.05507446153846154
0.09116492307692307
0.0974233846153846
0.07280676923076923
0.0018775384615384615
-0.07614461538461538
-0.11327815384615383
-0.10827138461538462
-0.07030338461538461
-0.02357353846153846
0.021904615384615383
0.05090215384615384
0.07843938461538462
0.09137353846153846
0.05027630769230769
-0.029206153846153847
-0.11724184615384614
-0.16230276923076925
-0.15374953846153847
-0.12141415384615384
-0.06905169230769231
-0.011891076923076923
0.04652123076923077
0.09199938461538461
0.11536430769230768
0.10597661538461538
0.04276615384615385
-0.026494153846153844
-0.07593599999999999
-0.08177723076923075
-0.034630153846153845
0.01940123076923077
0.07155507692307693
0.09909230769230769
0.10868861538461538
0.1207883076923077
0.1028473846153846
0.04401784615384615
-0.04088861538461538
-0.10618523076923077
-0.13205353846153844
-0.11202646153846153
-0.05799507692307692
-0.014603076923076923
0.022947692307692308
0.040054153846153843
0.05069353846153846
0.05674338461538461
0.02482523076923077
-0.032544
-0.10493353846153847
-0.143736
-0.14519630769230768
-0.12808984615384614
-0.08448923076923077
-0.051319384615384614
-0.012934153846153845
0.03212676923076923
0.059664
0.06487938461538462
0.003963692307692307
-0.07614461538461538
-0.13434830769230768
-0.13893784615384613
-0.08031692307692308
-0.026076923076923077
0.03984553846153846
0.08135999999999999
0.08991323076923076
0.09471138461538461
0.059038153846153844
-0.006049846153846154
-0.10076123076923077
-0.17628
-0.18650215384615382
-0.1558356923076923
-0.0853236923076923
0.0002086153846153846
0.058412307692307694
0.08636676923076922
0.10493353846153847
0.11765907692307691
0.1097316923076923
0.05653476923076922
-0.008136
-0.04714707692307692
-0.05653476923076922
-0.019609846153846155
0.030040615384615384
0.065088
0.09179076923076923
0.116616
0.14290153846153844
0.15667015384615385
0.12704676923076924
0.07551876923076924
0.02858030769230769
-0.00855323076923077
-0.0033378461538461535
0.028788923076923077
0.062376
0.08323753846153846
0.09867507692307692
0.1287156923076923
0.13935507692307691
0.11849353846153846
0.059038153846153844
-0.018983999999999997
-0.07677046153846154
-0.10055261538461538
-0.0771876923076923
-0.04422646153846154
-0.005424
0.029623384615384614
0.05674338461538461
0.07384984615384615
0.05507446153846154
0.009179076923076922
-0.06195876923076923
-0.10827138461538462
-0.11411261538461538
-0.10389046153846154
-0.06884307692307692
-0.027120000000000002
0.0025033846153846152
0.027328615384615382
0.05736923076923077
0.08115138461538463
0.07405846153846153
0.02482523076923077
-0.042348923076923076
-0.08156861538461539
-0.09241661538461539
-0.09241661538461539
-0.06967753846153846
-0.04819015384615385
-0.021278769230769233
0.029623384615384614
0.06967753846153846
0.08073415384615384
0.04318338461538461
-0.027745846153846152
-0.09658892307692307
-0.13101046153846155
-0.1287156923076923
-0.10493353846153847
-0.05590892307692308
-0.02315630769230769
0.026702769230769228
0.07238953846153846
0.07572738461538461
0.06571384615384615
0.01397723076923077
-0.019609846153846155
-0.03442153846153846
-0.042557538461538466
-0.032544
-0.025033846153846153
-0.006675692307692307
0.013560000000000001
0.043392
0.07489292307692308
0.09763200000000001
0.0934596923076923
0.06154153846153846
0.05319692307692307
0.07593599999999999
0.0963803076923077
0.10535076923076922
0.11056615384615384
0.11953661538461538
0.13393107692307693
0.15541846153846153
0.16418030769230768
0.11974523076923077
0.06467076923076923
0.026494153846153844
0.008344615384615384
0.020027076923076922
0.02545107692307692
0.041514461538461535
0.05674338461538461
0.07134646153846153
0.11640738461538462
0.1422756923076923
0.12412615384615384
0.06821723076923077
-0.0035464615384615383
-0.03838523076923077
-0.03296123076923077
-0.021278769230769233
-0.014185846153846153
-0.008970461538461538
0.002086153846153846
0.026285538461538457
0.0448523076923077
0.04547815384615384
0.011891076923076923
-0.03233538461538461
-0.042557538461538466
-0.029623384615384614
-0.009596307692307692
-0.008970461538461538
-0.01710646153846154
-0.019192615384615384
-0.017523692307692306
0.008970461538461538
0.023364923076923075
0.00855323076923077
-0.026494153846153844
-0.06571384615384615
-0.06425353846153846
-0.04380923076923077
-0.026911384615384615
-0.027745846153846152
-0.042348923076923076
-0.030875076923076922
-0.011265230769230769
0.012934153846153845
0.011265230769230769
-0.03567323076923076
