0.08448923076923077
0.022947692307692308
-0.022947692307692308
-0.04985907692307692
-0.015228923076923076
0.021278769230769233
0.051528
0.07781353846153846
0.09095630769230768
0.11536430769230768
0.12350030769230769
0.10618523076923077
0.04652123076923077
-0.030040615384615384
-0.08302892307692307
-0.0974233846153846
-0.07155507692307693
-0.050067692307692306
-0.026702769230769228
0.005424
0.031918153846153846
0.06905169230769231
0.08031692307692308
0.05507446153846154
0.02044430769230769
-0.009804923076923077
-0.008136
0.012934153846153845
0.043600615384615383
0.06070707692307692
0.053614153846153846
0.056951999999999996
0.06529661538461538
0.07197230769230768
0.049233230769230765
-0.005632615384615384
-0.058829538461538454
-0.09450276923076922
-0.0798996923076923
-0.04985907692307692
-0.019609846153846155
0.012516923076923077
0.05048492307692308
0.11745046153846153
0.14790830769230767
0.12788123076923075
0.05611753846153846
-0.035255999999999996
-0.08386338461538462
-0.11473846153846154
-0.100344
-0.07843938461538462
-0.07697907692307693
-0.04902461538461538
-0.021904615384615383
0.012934153846153845
0.014811692307692307
-0.03880246153846154
-0.09053907692307692
-0.12350030769230769
-0.10514215384615383
-0.04756430769230769
0.00855323076923077
0.028371692307692306
0.029623384615384614
0.03379569230769231
0.04526953846153846
0.078648
0.06675692307692307
0.00855323076923077
-0.058829538461538454
-0.10514215384615383
-0.09512861538461538
-0.08240307692307691
-0.08135999999999999
-0.0798996923076923
-0.0609156923076923
0.0002086153846153846
0.05674338461538461
0.09825784615384614
0.0826116923076923
-0.002712
-0.07906523076923076
-0.11557292307692307
-0.09387692307692307
-0.0771876923076923
-0.08782707692307692
-0.0744756923076923
-0.0446436923076923
0.004798153846153846
0.03921969230769231
0.029623384615384614
-0.03024923076923077
-0.1218313846153846
-0.1543753846153846
-0.13497415384615385
-0.08073415384615384
-0.003755076923076923
0.022947692307692308
0.04547815384615384
0.07092923076923077
0.09533723076923077
0.111192
0.059664
-0.018775384615384614
-0.07489292307692308
-0.08699261538461538
-0.06321046153846153
-0.023364923076923075
-0.001043076923076923
0.004798153846153846
0.03066646153846154
0.07092923076923077
0.111192
0.09784061538461537
0.038176615384615385
-0.006258461538461538
-0.030040615384615384
-0.009804923076923077
0.044435076923076924
0.07489292307692308
0.07197230769230768
0.06404492307692307
0.07259815384615384
0.09283384615384616
0.10743692307692307
0.08469784615384615
0.021070153846153846
-0.03275261538461539
-0.04547815384615384
-0.015646153846153844
0.03275261538461539
0.06362769230769232
0.09179076923076923
0.12788123076923075
0.17252492307692308
0.20027076923076922
0.15875630769230767
0.07426707692307692
0.0016689230769230767
-0.03045784615384615
-0.029832
-0.0004172307692307692
0.04047138461538462
0.0446436923076923
0.04839876923076923
0.073224
0.09429415384615383
0.10806276923076923
0.07802215384615384
0.03692492307692308
0.006675692307692307
0.0043809230769230765
0.03755076923076923
0.05027630769230769
0.03629907692307692
0.0025033846153846152
-0.006049846153846154
0.005632615384615384
0.015646153846153844
0.013142769230769229
-0.021696
-0.042348923076923076
-0.045060923076923075
-0.02524246153846154
-0.0014603076923076922
-0.014603076923076923
-0.03650769230769231
-0.03650769230769231
0.003963692307692307
0.040054153846153843
0.042557538461538466
0.02086153846153846
-0.024408000000000003
-0.04902461538461538
-0.04214030769230769
-0.017940923076923077
0.0002086153846153846
-0.02044430769230769
-0.038176615384615385
-0.03337846153846154
-0.016063384615384615
0.005215384615384615
-0.006675692307692307
-0.02357353846153846
-0.03901107692307692
-0.029832
0.008970461538461538
0.026494153846153844
0.009596307692307692
-0.04318338461538461
-0.0717636923076923
-0.06070707692307692
-0.027745846153846152
0.012308307692307691
0.027745846153846152
0.03984553846153846
0.05590892307692308
0.078648
0.09158215384615384
0.04944184615384615
-0.018983999999999997
-0.0798996923076923
-0.09700615384615385
-0.06321046153846153
-0.02273907692307692
0.017940923076923077
0.04965046153846154
0.07635323076923077
0.10368184615384615
0.12496061538461539
0.11160923076923077
0.04839876923076923
-0.024408000000000003
-0.07155507692307693
-0.07238953846153846
-0.04214030769230769
-0.0008344615384615384
0.024616615384615383
0.031709538461538456
0.06654830769230768
0.10368184615384615
0.11140061538461538
0.07551876923076924
0.011473846153846154
-0.02586830769230769
-0.027745846153846152
0.01043076923076923
0.06571384615384615
0.10389046153846154
0.13372246153846154
0.15833907692307692
0.18212123076923076
0.18858830769230767
0.1693956923076923
0.11870215384615385
0.04756430769230769
0.007927384615384614
0.011891076923076923
0.05194523076923077
0.09804923076923076
0.12558646153846154
0.13393107692307693
0.13768615384615385
