0.03775938461538462
0.03400430769230769
0.035464615384615386
0.03066646153846154
0.00855323076923077
-0.017940923076923077
-0.015228923076923076
0.02482523076923077
0.050067692307692306
0.06279323076923077
0.06821723076923077
0.06487938461538462
0.07614461538461538
0.08699261538461538
0.09053907692307692
0.07030338461538461
0.023990769230769232
0.0016689230769230767
0.005424
0.03609046153846154
0.07843938461538462
0.09450276923076922
0.09387692307692307
0.08344615384615384
0.086784
0.09930092307692308
0.08010830769230769
0.02858030769230769
-0.03567323076923076
-0.07468430769230769
-0.07343261538461537
-0.04944184615384615
0.0029206153846153843
0.05069353846153846
0.0934596923076923
0.14436184615384615
0.16772676923076923
0.15145476923076923
0.07656184615384615
-0.027328615384615382
-0.100344
-0.12433476923076923
-0.09512861538461538
-0.03984553846153846
0.010013538461538461
0.03755076923076923
0.054657230769230764
0.078648
0.08386338461538462
0.05653476923076922
-0.01043076923076923
-0.06195876923076923
-0.06967753846153846
-0.050067692307692306
0.011265230769230769
0.04088861538461538
0.04526953846153846
0.04965046153846154
0.033169846153846154
0.032544
0.0029206153846153843
-0.053614153846153846
-0.10222153846153846
-0.14018953846153845
-0.14081538461538462
-0.11390399999999999
-0.054240000000000003
0.01814953846153846
0.06738276923076922
0.09429415384615383
0.11327815384615383
0.11286092307692308
0.06717415384615384
0.005215384615384615
-0.04214030769230769
-0.052153846153846155
-0.030040615384615384
0.008970461538461538
0.062376
0.11140061538461538
0.16188553846153847
0.19380369230769232
0.1883796923076923
0.14832553846153845
0.06821723076923077
0.0022947692307692304
-0.03567323076923076
-0.038176615384615385
0.014394461538461538
0.07906523076923076
0.13998092307692306
0.18358153846153846
0.2056947692307692
0.20798953846153845
0.17002153846153847
0.08386338461538462
-0.0050067692307692304
-0.049233230769230765
-0.058829538461538454
-0.020027076923076922
0.02795446153846154
0.059872615384615385
0.07843938461538462
0.06717415384615384
0.06988615384615385
0.062376
0.018983999999999997
-0.03713353846153846
-0.0853236923076923
-0.09867507692307692
-0.08031692307692308
-0.04693846153846153
-0.00855323076923077
0.029206153846153847
0.05069353846153846
0.06738276923076922
0.0717636923076923
0.026285538461538457
-0.04088861538461538
-0.10889723076923077
-0.15333230769230768
-0.1435273846153846
-0.10743692307692307
-0.0446436923076923
0.010848
0.03692492307692308
0.06842584615384616
0.062376
0.0014603076923076922
-0.08782707692307692
-0.1785747692307692
-0.22029784615384615
-0.20819815384615384
-0.14081538461538462
-0.04547815384615384
0.03379569230769231
0.08052553846153847
0.08365476923076923
0.07551876923076924
0.04672984615384615
-0.01043076923076923
-0.09012184615384615
-0.1597993846153846
-0.16271999999999998
-0.1207883076923077
-0.06195876923076923
-0.003963692307692307
0.03942830769230769
0.0717636923076923
0.10159569230769232
0.11390399999999999
0.1045163076923077
0.0717636923076923
0.024199384615384616
-0.012099692307692308
-0.015646153846153844
0.011682461538461537
0.038176615384615385
0.06633969230769231
0.07301538461538462
0.07572738461538461
0.08365476923076923
0.06446215384615385
0.011682461538461537
-0.058829538461538454
-0.09700615384615385
-0.10535076923076922
-0.06529661538461538
0.0008344615384615384
0.05820369230769231
0.10785415384615385
0.12829846153846153
0.14853415384615384
0.1449876923076923
0.08428061538461538
-0.0035464615384615383
-0.07885661538461539
-0.10347323076923076
-0.08386338461538462
-0.05528307692307692
-0.015020307692307692
0.018983999999999997
0.034630153846153845
0.05319692307692307
0.06696553846153847
0.08636676923076922
0.07489292307692308
0.014603076923076923
-0.03483876923076923
-0.040679999999999994
-0.016897846153846156
0.0070929230769230765
0.034630153846153845
0.03275261538461539
0.030875076923076922
0.04652123076923077
0.03567323076923076
0.005632615384615384
-0.05111076923076923
-0.09930092307692308
-0.12350030769230769
-0.11265230769230769
-0.06613107692307692
-0.031709538461538456
-0.008970461538461538
0.005424
0.03942830769230769
0.06529661538461538
0.050067692307692306
0.009596307692307692
-0.05069353846153846
-0.08240307692307691
-0.07969107692307692
-0.052153846153846155
-0.018775384615384614
-0.0006258461538461538
0.01814953846153846
0.025659692307692307
0.03609046153846154
0.042557538461538466
0.03212676923076923
0.010013538461538461
-0.03233538461538461
-0.03692492307692308
-0.001043076923076923
0.026911384615384615
0.05820369230769231
0.08302892307692307
0.1028473846153846
0.12370892307692308
0.14102399999999998
0.12829846153846153
0.06133292307692308
-0.013768615384615384
-0.07343261538461537
-0.07364123076923076
-0.029414769230769227
0.008344615384615384
0.051319384615384614
0.08720123076923077
0.13893784615384613
0.1858763076923077
0.2056947692307692
0.18253846153846154
