0.05277969230769231
-0.010639384615384617
-0.08219446153846154
-0.1136953846153846
-0.1045163076923077
-0.08323753846153846
-0.08177723076923075
-0.07510153846153846
-0.03775938461538462
-0.0033378461538461535
0.03421292307692308
0.04109723076923077
0.015854769230769228
-0.026494153846153844
-0.05486584615384615
-0.04380923076923077
-0.02753723076923077
-0.017523692307692306
-0.03609046153846154
-0.025659692307692307
0.013768615384615384
0.04526953846153846
0.05757784615384615
0.007510153846153846
-0.03713353846153846
-0.06362769230769232
-0.07572738461538461
-0.05820369230769231
-0.04318338461538461
-0.029206153846153847
-0.024616615384615383
-0.0043809230769230765
0.05298830769230769
0.0936683076923077
0.06967753846153846
0.02023569230769231
-0.03233538461538461
-0.06341907692307691
-0.053614153846153846
-0.01668923076923077
0.01940123076923077
0.025033846153846153
0.02899753846153846
0.049233230769230765
0.07739630769230768
0.07280676923076923
0.030875076923076922
-0.021487384615384613
-0.04839876923076923
-0.040679999999999994
-0.015854769230769228
-0.004172307692307692
-0.029414769230769227
-0.024616615384615383
0.0022947692307692304
0.026494153846153844
0.04276615384615385
0.029832
-0.003129230769230769
-0.03233538461538461
-0.02858030769230769
-0.013142769230769229
0.005841230769230769
0.00855323076923077
0.002086153846153846
0.013351384615384614
0.031918153846153846
0.05736923076923077
0.056951999999999996
0.03337846153846154
-0.005632615384615384
-0.03150092307692308
-0.016272
-0.008344615384615384
-0.012099692307692308
-0.013560000000000001
0.013768615384615384
0.047772923076923074
0.07551876923076924
0.10681107692307691
0.08428061538461538
0.017315076923076923
-0.03233538461538461
-0.03275261538461539
-0.015020307692307692
-0.009804923076923077
-0.015228923076923076
-0.01940123076923077
-0.006049846153846154
0.012308307692307691
0.027745846153846152
0.03150092307692308
-0.011265230769230769
-0.08156861538461539
-0.11870215384615385
-0.119328
-0.116616
-0.10931446153846153
-0.10263876923076923
-0.08323753846153846
-0.029832
0.03108369230769231
0.08135999999999999
0.08177723076923075
0.03942830769230769
0.0006258461538461538
-0.021904615384615383
-0.026285538461538457
-0.035464615384615386
-0.05403138461538461
-0.05757784615384615
-0.04172307692307692
-0.014185846153846153
0.02482523076923077
0.05277969230769231
0.05528307692307692
0.03775938461538462
0.021904615384615383
0.03650769230769231
0.05069353846153846
0.034630153846153845
-0.011473846153846154
-0.04401784615384615
-0.040054153846153843
-0.02545107692307692
-0.01043076923076923
-0.021696
-0.03921969230769231
-0.05173661538461538
-0.05069353846153846
-0.03942830769230769
-0.059872615384615385
-0.08615815384615384
-0.100344
-0.08448923076923077
-0.03212676923076923
0.009596307692307692
0.032544
0.03713353846153846
0.03609046153846154
0.047772923076923074
0.04839876923076923
0.02586830769230769
-0.016272
-0.08094276923076923
-0.12099692307692309
-0.10180430769230768
-0.054657230769230764
0.0006258461538461538
0.028371692307692306
0.05820369230769231
0.11140061538461538
0.12579507692307693
0.1207883076923077
0.08699261538461538
0.01668923076923077
-0.024199384615384616
-0.03650769230769231
-0.023364923076923075
0.01272553846153846
0.052153846153846155
0.0855323076923077
0.11160923076923077
0.14415323076923076
0.15228923076923076
0.12391753846153845
0.04672984615384615
-0.03921969230769231
-0.07155507692307693
-0.07009476923076922
-0.015646153846153844
0.05820369230769231
0.10722830769230769
0.1356
0.15959076923076923
0.1777403076923077
0.1462393846153846
0.07697907692307693
0.003755076923076923
-0.040262769230769234
-0.03045784615384615
0.01668923076923077
0.06404492307692307
0.10159569230769232
0.11140061538461538
0.11327815384615383
0.12725538461538463
0.11536430769230768
0.0678
-0.026285538461538457
-0.09909230769230769
-0.116616
-0.09012184615384615
-0.03275261538461539
0.012308307692307691
0.06446215384615385
0.0961716923076923
0.11745046153846153
0.12955015384615384
0.09033046153846153
0.014603076923076923
-0.08240307692307691
-0.15500123076923078
-0.1666836923076923
-0.12621230769230768
-0.06028984615384615
0.013560000000000001
0.07197230769230768
0.1136953846153846
0.14457046153846154
0.14394461538461537
0.09992676923076924
0.01043076923076923
-0.07113784615384615
-0.10785415384615385
-0.0936683076923077
-0.04860738461538461
-0.013560000000000001
0.02044430769230769
0.04693846153846153
0.06863446153846153
0.06467076923076923
0.018358153846153843
-0.04902461538461538
-0.12996738461538462
-0.17419384615384614
-0.14457046153846154
-0.07906523076923076
-0.010013538461538461
0.041514461538461535
0.06988615384615385
0.09074769230769231
0.0934596923076923
0.07510153846153846
0.016480615384615385
-0.06884307692307692
-0.12120553846153845
-0.11682461538461539
-0.07426707692307692
-0.014394461538461538
0.05090215384615384
0.0897046153846154
0.12850707692307692
0.17169046153846151
