0.13768615384615385
0.09825784615384614
0.02795446153846154
-0.02586830769230769
-0.04401784615384615
-0.028163076923076923
0.006675692307692307
0.04693846153846153
0.06049846153846154
0.06467076923076923
0.09012184615384615
0.1178676923076923
0.11306953846153844
0.07113784615384615
0.022947692307692308
-0.01981846153846154
-0.02586830769230769
-0.0002086153846153846
0.01272553846153846
0.02357353846153846
0.035255999999999996
0.07823076923076923
0.12391753846153845
0.12788123076923075
0.10639384615384614
0.059038153846153844
0.017523692307692306
-0.0014603076923076922
0.005215384615384615
0.011056615384615385
0.006675692307692307
0.017940923076923077
0.03650769230769231
0.06592246153846154
0.07885661538461539
0.050067692307692306
-0.006258461538461538
-0.053405538461538456
-0.07364123076923076
-0.07134646153846153
-0.04380923076923077
-0.028163076923076923
-0.026285538461538457
-0.014603076923076923
0.02273907692307692
0.0771876923076923
0.09575446153846154
0.084072
0.05590892307692308
0.014603076923076923
-0.0012516923076923076
0.007927384615384614
0.027745846153846152
0.029206153846153847
0.02273907692307692
0.05444861538461539
0.09241661538461539
0.1218313846153846
0.11599015384615384
0.06341907692307691
0.006049846153846154
-0.03880246153846154
-0.03337846153846154
-0.005841230769230769
0.0014603076923076922
0.007301538461538462
0.023782153846153845
0.06613107692307692
0.09825784615384614
0.0963803076923077
0.059872615384615385
-0.0035464615384615383
-0.04819015384615385
-0.06154153846153846
-0.05382276923076923
-0.04088861538461538
-0.027120000000000002
-0.015020307692307692
0.010222153846153844
0.05298830769230769
0.07969107692307692
0.07614461538461538
0.027328615384615382
-0.030040615384615384
-0.04965046153846154
-0.03692492307692308
-0.007301538461538462
0.002712
-0.0043809230769230765
0.0077187692307692304
0.042348923076923076
0.08052553846153847
0.086784
0.059872615384615385
0.010848
-0.03108369230769231
-0.03442153846153846
-0.03108369230769231
-0.03150092307692308
-0.04672984615384615
-0.04193169230769231
-0.003963692307692307
0.03483876923076923
0.05799507692307692
0.034630153846153845
-0.003129230769230769
-0.04860738461538461
-0.06946892307692307
-0.05820369230769231
-0.05111076923076923
-0.04693846153846153
-0.06842584615384616
-0.06154153846153846
-0.028788923076923077
-0.009804923076923077
-0.003129230769230769
-0.04756430769230769
-0.09304246153846155
-0.11223507692307692
-0.11640738461538462
-0.09179076923076923
-0.07009476923076922
-0.050067692307692306
-0.03066646153846154
0.007510153846153846
0.056326153846153845
0.06362769230769232
0.030875076923076922
-0.029414769230769227
-0.06926030769230769
-0.086784
-0.08323753846153846
-0.06905169230769231
-0.08615815384615384
-0.07656184615384615
-0.043392
-0.006675692307692307
0.03901107692307692
0.03400430769230769
-0.0022947692307692304
-0.027745846153846152
-0.024199384615384616
0.011473846153846154
0.027328615384615382
0.02044430769230769
0.019609846153846155
0.04380923076923077
0.09241661538461539
0.13101046153846155
0.1570873846153846
0.1424843076923077
0.08323753846153846
0.021070153846153846
-0.01814953846153846
-0.02357353846153846
-0.021070153846153846
-0.006675692307692307
0.0033378461538461535
0.03838523076923077
0.10764553846153846
0.14123261538461537
0.14060676923076923
0.0853236923076923
0.040262769230769234
0.03713353846153846
0.023364923076923075
0.01668923076923077
-0.023364923076923075
-0.058829538461538454
-0.06717415384615384
-0.04422646153846154
0.006258461538461538
0.003129230769230769
-0.0043809230769230765
-0.029623384615384614
-0.03942830769230769
0.002712
0.02086153846153846
0.029623384615384614
0.0002086153846153846
-0.016063384615384615
0.003963692307692307
0.021904615384615383
0.05069353846153846
0.04526953846153846
0.01981846153846154
-0.004798153846153846
-0.007510153846153846
0.00855323076923077
-0.0077187692307692304
-0.02899753846153846
-0.04547815384615384
-0.04088861538461538
-0.0002086153846153846
0.025659692307692307
0.03421292307692308
0.015646153846153844
-0.0035464615384615383
-0.0008344615384615384
0.007510153846153846
0.026285538461538457
0.0043809230769230765
-0.018775384615384614
-0.03400430769230769
-0.05298830769230769
-0.03066646153846154
-0.018983999999999997
-0.018775384615384614
-0.03275261538461539
-0.034630153846153845
-0.006049846153846154
0.01981846153846154
0.03567323076923076
-0.0006258461538461538
-0.03567323076923076
-0.04380923076923077
-0.015437538461538461
0.041514461538461535
0.06550523076923077
0.09262523076923077
0.10138707692307691
0.09387692307692307
0.10076123076923077
0.07677046153846154
0.03984553846153846
-0.010222153846153844
-0.037342153846153844
-0.010013538461538461
0.01940123076923077
0.05173661538461538
0.04860738461538461
0.019609846153846155
0.016897846153846156
0.024408000000000003
0.03588184615384615
0.027745846153846152
-0.0006258461538461538
-0.041514461538461535
-0.06633969230769231
-0.04756430769230769
-0.017523692307692306
0.017940923076923077
0.02899753846153846
0.04088861538461538
