0.006884307692307692
0.016897846153846156
0.012308307692307691
-0.04380923076923077
-0.09909230769230769
-0.13789476923076924
-0.13309661538461537
-0.092208
-0.05674338461538461
-0.056326153846153845
-0.06759138461538462
-0.05590892307692308
-0.04401784615384615
-0.033169846153846154
-0.05173661538461538
-0.09763200000000001
-0.13622584615384614
-0.13914646153846155
-0.0771876923076923
-0.005424
0.028788923076923077
0.04380923076923077
0.05820369230769231
0.08469784615384615
0.10493353846153847
0.09533723076923077
0.0609156923076923
0.003755076923076923
-0.018358153846153843
-0.0022947692307692304
0.03880246153846154
0.07802215384615384
0.059038153846153844
0.052153846153846155
0.06279323076923077
0.0963803076923077
0.14018953846153845
0.12955015384615384
0.09700615384615385
0.054657230769230764
0.038176615384615385
0.05090215384615384
0.059872615384615385
0.05382276923076923
0.026911384615384615
0.03379569230769231
0.07885661538461539
0.12454338461538461
0.15917353846153848
0.15875630769230767
0.13601723076923075
0.12245723076923076
0.13101046153846155
0.16480615384615382
0.17377661538461536
0.13726892307692307
0.08448923076923077
0.06321046153846153
0.08845292307692308
0.09450276923076922
0.08740984615384616
0.08219446153846154
0.06759138461538462
0.078648
0.092208
0.09867507692307692
0.07823076923076923
0.020652923076923076
-0.008136
-0.015020307692307692
-0.011265230769230769
-0.01043076923076923
-0.03629907692307692
-0.06487938461538462
-0.07113784615384615
-0.05048492307692308
-0.024199384615384616
-0.01814953846153846
-0.040679999999999994
-0.06070707692307692
-0.061750153846153844
-0.03984553846153846
-0.018983999999999997
-0.025033846153846153
-0.05111076923076923
-0.07551876923076924
-0.06863446153846153
-0.04756430769230769
-0.04693846153846153
-0.06425353846153846
-0.07697907692307693
-0.07885661538461539
-0.05778646153846154
-0.026494153846153844
-0.0025033846153846152
-0.0006258461538461538
-0.02858030769230769
-0.03921969230769231
-0.023364923076923075
-0.009179076923076922
-0.020652923076923076
-0.05403138461538461
-0.06821723076923077
-0.05173661538461538
-0.016897846153846156
0.014394461538461538
0.03212676923076923
0.031709538461538456
0.03588184615384615
0.05757784615384615
0.06759138461538462
0.059664
0.010013538461538461
-0.03650769230769231
-0.04109723076923077
-0.03129230769230769
0.007301538461538462
0.03859384615384615
0.06592246153846154
0.10055261538461538
0.12329169230769231
0.15082892307692305
0.15187199999999998
0.11953661538461538
0.06926030769230769
0.042348923076923076
0.06321046153846153
0.07697907692307693
0.08887015384615385
0.09387692307692307
0.08782707692307692
0.092208
0.09533723076923077
0.09074769230769231
0.05027630769230769
-0.021070153846153846
-0.07843938461538462
-0.09992676923076924
-0.07593599999999999
-0.023782153846153845
0.03024923076923077
0.07009476923076922
0.0892873846153846
0.10806276923076923
0.10222153846153846
0.06028984615384615
-0.008970461538461538
-0.10076123076923077
-0.15771323076923077
-0.1585476923076923
-0.11286092307692308
-0.05945538461538461
-0.015020307692307692
0.03150092307692308
0.06633969230769231
0.09846646153846153
0.092208
0.043392
-0.021070153846153846
-0.0936683076923077
-0.12245723076923076
-0.11077476923076923
-0.0798996923076923
-0.043392
-0.03358707692307692
-0.008761846153846153
0.03275261538461539
0.05757784615384615
0.05945538461538461
0.009804923076923077
-0.0609156923076923
-0.09596307692307693
-0.08115138461538463
-0.04276615384615385
-0.006884307692307692
0.024199384615384616
0.05736923076923077
0.07927384615384615
0.08991323076923076
0.07614461538461538
0.0
-0.08323753846153846
-0.13789476923076924
-0.14728246153846153
-0.0936683076923077
-0.015228923076923076
0.07030338461538461
0.1289243076923077
0.16334584615384617
0.18983999999999998
0.18358153846153846
0.138312
0.05799507692307692
-0.026494153846153844
-0.08344615384615384
-0.08156861538461539
-0.026911384615384615
0.018983999999999997
0.0448523076923077
0.059872615384615385
0.07572738461538461
0.07948246153846153
0.05090215384615384
0.02232184615384615
-0.016063384615384615
-0.06028984615384615
-0.05778646153846154
-0.008344615384615384
0.04672984615384615
0.08365476923076923
0.10889723076923077
0.111192
0.09429415384615383
0.07677046153846154
0.03567323076923076
-0.029832
-0.08866153846153846
-0.11265230769230769
-0.08991323076923076
-0.03921969230769231
0.014603076923076923
0.05716061538461538
0.084072
0.0988836923076923
0.10597661538461538
0.08428061538461538
0.03567323076923076
-0.008970461538461538
-0.030875076923076922
-0.027328615384615382
-0.019192615384615384
0.011473846153846154
0.03859384615384615
0.042557538461538466
0.050067692307692306
0.04839876923076923
0.02545107692307692
-0.03504738461538461
-0.09137353846153846
-0.103056
-0.09325107692307691
-0.06613107692307692
-0.029206153846153847
0.008136
