-0.04526953846153846
-0.012099692307692308
0.027328615384615382
0.05820369230769231
0.07155507692307693
0.086784
0.05528307692307692
0.003963692307692307
-0.03921969230769231
-0.07134646153846153
-0.052153846153846155
-0.029206153846153847
-0.003963692307692307
0.027120000000000002
0.05090215384615384
0.0853236923076923
0.08219446153846154
0.06884307692307692
0.022530461538461537
-0.05319692307692307
-0.0974233846153846
-0.12767261538461538
-0.09408553846153846
-0.05319692307692307
-0.01397723076923077
0.04380923076923077
0.07969107692307692
0.130176
0.12704676923076924
0.086784
0.03942830769230769
-0.03296123076923077
-0.06028984615384615
-0.05924676923076923
-0.025033846153846153
0.0029206153846153843
0.010013538461538461
0.058829538461538454
0.10055261538461538
0.13226215384615383
0.13789476923076924
0.086784
0.016063384615384615
-0.034630153846153845
-0.03337846153846154
-0.014394461538461538
-0.009596307692307692
0.005424
0.02899753846153846
0.05799507692307692
0.08052553846153847
0.08198584615384615
0.06279323076923077
0.0002086153846153846
-0.05611753846153846
-0.07259815384615384
-0.06195876923076923
-0.03233538461538461
-0.0025033846153846152
0.03504738461538461
0.07030338461538461
0.10096984615384616
0.12642092307692307
0.10639384615384614
0.03629907692307692
-0.03421292307692308
-0.07927384615384615
-0.08636676923076922
-0.06571384615384615
-0.051528
-0.03838523076923077
-0.01981846153846154
0.02586830769230769
0.08386338461538462
0.09846646153846153
0.06633969230769231
-0.014603076923076923
-0.09158215384615384
-0.10764553846153846
-0.08761846153846153
-0.05403138461538461
-0.030040615384615384
-0.006884307692307692
0.04088861538461538
0.09158215384615384
0.11640738461538462
0.111192
0.06154153846153846
-0.0008344615384615384
-0.029206153846153847
-0.02023569230769231
-0.003129230769230769
0.006884307692307692
0.03275261538461539
0.0771876923076923
0.12662953846153846
0.15354092307692307
0.14686523076923075
0.09325107692307691
0.01668923076923077
-0.03275261538461539
-0.029414769230769227
0.012099692307692308
0.04401784615384615
0.06717415384615384
0.07384984615384615
0.07697907692307693
0.0936683076923077
0.0988836923076923
0.07009476923076922
0.0035464615384615383
-0.04652123076923077
-0.05736923076923077
-0.04088861538461538
-0.01397723076923077
-0.0029206153846153843
0.003129230769230769
0.011473846153846154
0.03880246153846154
0.06696553846153847
0.06613107692307692
0.032544
-0.03713353846153846
-0.08782707692307692
-0.09575446153846154
-0.08156861538461539
-0.06529661538461538
-0.06195876923076923
-0.047981538461538464
-0.006049846153846154
0.0448523076923077
0.07906523076923076
0.06279323076923077
0.005424
-0.03859384615384615
-0.053405538461538456
-0.03233538461538461
-0.009804923076923077
-0.012516923076923077
-0.008344615384615384
0.012308307692307691
0.035464615384615386
0.05194523076923077
0.040054153846153843
0.008136
-0.026076923076923077
-0.05570030769230769
-0.048816000000000005
-0.029206153846153847
-0.01856676923076923
-0.018358153846153843
-0.018358153846153843
0.008970461538461538
0.037342153846153844
0.03337846153846154
-0.0029206153846153843
-0.04214030769230769
-0.06154153846153846
-0.04756430769230769
-0.00855323076923077
0.02044430769230769
0.03024923076923077
0.03275261538461539
0.051528
0.09512861538461538
0.10764553846153846
0.078648
0.04109723076923077
0.002086153846153846
-0.016063384615384615
-0.020652923076923076
-0.012099692307692308
0.0016689230769230767
0.025659692307692307
0.07426707692307692
0.11995384615384615
0.1696043076923077
0.17586276923076924
0.12808984615384614
0.05277969230769231
-0.012308307692307691
-0.003129230769230769
0.02044430769230769
0.04693846153846153
0.058829538461538454
0.061750153846153844
0.10055261538461538
0.12955015384615384
0.13351384615384615
0.07843938461538462
0.007927384615384614
-0.026285538461538457
-0.03129230769230769
-0.0050067692307692304
0.015646153846153844
0.03629907692307692
0.04756430769230769
0.05236246153846154
0.07906523076923076
0.09596307692307693
0.07823076923076923
0.02545107692307692
-0.024199384615384616
-0.043600615384615383
-0.040054153846153843
-0.0008344615384615384
0.04088861538461538
0.05236246153846154
0.045060923076923075
0.04756430769230769
0.06529661538461538
0.06404492307692307
0.040262769230769234
-0.012934153846153845
-0.05277969230769231
-0.05528307692307692
-0.03880246153846154
-0.011265230769230769
-0.014603076923076923
-0.015854769230769228
-0.009804923076923077
0.0002086153846153846
0.02357353846153846
0.008136
-0.027745846153846152
-0.06654830769230768
-0.07843938461538462
-0.03984553846153846
-0.003129230769230769
0.02545107692307692
0.03024923076923077
0.00855323076923077
0.009387692307692307
0.022947692307692308
0.03296123076923077
0.011682461538461537
-0.010639384615384617
0.010013538461538461
0.04652123076923077
0.09992676923076924
0.11703323076923078
0.09784061538461537
0.06028984615384615
0.021696
