-0.05236246153846154
-0.10430769230769231
-0.10868861538461538
-0.08135999999999999
-0.03775938461538462
0.002086153846153846
0.013142769230769229
0.025033846153846153
0.05027630769230769
0.0771876923076923
0.07280676923076923
0.015437538461538461
-0.06529661538461538
-0.12099692307692309
-0.12391753846153845
-0.10159569230769232
-0.07739630769230768
-0.061124307692307686
-0.05382276923076923
-0.035255999999999996
0.007301538461538462
0.05507446153846154
0.05924676923076923
0.040262769230769234
0.014394461538461538
0.0014603076923076922
0.018983999999999997
0.026285538461538457
0.01981846153846154
0.005215384615384615
-0.001043076923076923
0.015228923076923076
0.044435076923076924
0.06341907692307691
0.04088861538461538
0.0077187692307692304
-0.012308307692307691
-0.01043076923076923
0.010848
0.011265230769230769
-0.0018775384615384615
-0.001043076923076923
0.01856676923076923
0.053614153846153846
0.08511507692307693
0.059038153846153844
0.003129230769230769
-0.03024923076923077
-0.05298830769230769
-0.053405538461538456
-0.04109723076923077
-0.040262769230769234
-0.038176615384615385
-0.018358153846153843
0.018775384615384614
0.06717415384615384
0.0855323076923077
0.06550523076923077
0.042557538461538466
0.04047138461538462
0.07009476923076922
0.100344
0.08991323076923076
0.04860738461538461
0.002712
-0.01940123076923077
-0.005632615384615384
0.006675692307692307
0.018358153846153843
0.027328615384615382
0.03859384615384615
0.050067692307692306
0.05027630769230769
0.04547815384615384
0.008970461538461538
-0.03588184615384615
-0.05111076923076923
-0.03024923076923077
-0.0035464615384615383
0.013768615384615384
0.02586830769230769
0.035255999999999996
0.053614153846153846
0.06550523076923077
0.07197230769230768
0.03942830769230769
-0.01981846153846154
-0.04965046153846154
-0.04631261538461538
-0.006884307692307692
0.025659692307692307
0.041514461538461535
0.058829538461538454
0.07280676923076923
0.10076123076923077
0.10576799999999999
0.06717415384615384
0.0050067692307692304
-0.073224
-0.1218313846153846
-0.12725538461538463
-0.1136953846153846
-0.08219446153846154
-0.055491692307692304
-0.018775384615384614
0.02545107692307692
0.05778646153846154
0.06425353846153846
0.016480615384615385
-0.04902461538461538
-0.11578153846153846
-0.1316363076923077
-0.092208
-0.040679999999999994
0.003129230769230769
0.021278769230769233
0.05778646153846154
0.07948246153846153
0.07218092307692307
0.03984553846153846
-0.012516923076923077
-0.0446436923076923
-0.056951999999999996
-0.02044430769230769
0.03045784615384615
0.07426707692307692
0.11181784615384616
0.132888
0.16480615384615382
0.17085599999999998
0.1341396923076923
0.059038153846153844
-0.02524246153846154
-0.06195876923076923
-0.052571076923076915
-0.0077187692307692304
0.05382276923076923
0.11953661538461538
0.18358153846153846
0.21320492307692307
0.2207150769230769
0.18942276923076923
0.0961716923076923
-0.016897846153846156
-0.111192
-0.13184492307692308
-0.0988836923076923
-0.03045784615384615
0.04819015384615385
0.10347323076923076
0.16981292307692308
0.20298276923076922
0.19735015384615384
0.14415323076923076
0.029832
-0.06425353846153846
-0.11849353846153846
-0.10409907692307692
-0.03483876923076923
0.037967999999999995
0.10994030769230768
0.1558356923076923
0.18963138461538462
0.17628
0.10493353846153847
0.006049846153846154
-0.11619876923076923
-0.1785747692307692
-0.18066092307692305
-0.1341396923076923
-0.054240000000000003
0.006675692307692307
0.059038153846153844
0.09074769230769231
0.12808984615384614
0.11056615384615384
0.016480615384615385
-0.07948246153846153
-0.16981292307692308
-0.20360861538461536
-0.184416
-0.12266584615384615
-0.04985907692307692
-0.0035464615384615383
0.052153846153846155
0.0853236923076923
0.0855323076923077
0.03650769230769231
-0.062376
-0.13914646153846155
-0.17669723076923077
-0.15416676923076922
-0.08448923076923077
-0.019609846153846155
0.04380923076923077
0.09596307692307693
0.12433476923076923
0.12621230769230768
0.08991323076923076
0.010848
-0.09137353846153846
-0.16063384615384615
-0.18086953846153844
-0.15124615384615384
-0.09053907692307692
-0.03859384615384615
0.01043076923076923
0.04526953846153846
0.06946892307692307
0.08594953846153845
0.06654830769230768
0.004589538461538461
-0.06988615384615385
-0.09804923076923076
-0.09450276923076922
-0.06279323076923077
-0.010222153846153844
0.02524246153846154
0.073224
0.10910584615384614
0.13059323076923077
0.12683815384615382
0.06425353846153846
0.0006258461538461538
-0.033169846153846154
-0.03755076923076923
-0.007301538461538462
0.02357353846153846
0.05069353846153846
0.07843938461538462
0.10931446153846153
0.15667015384615385
0.1597993846153846
0.12037107692307693
0.05528307692307692
-0.026494153846153844
-0.07134646153846153
-0.07697907692307693
-0.04380923076923077
-0.012099692307692308
0.004172307692307692
0.03921969230769231
0.07405846153846153
0.09429415384615383
