-0.015854769230769228
-0.048816000000000005
-0.05194523076923077
-0.03421292307692308
0.0029206153846153843
0.023990769230769232
0.034630153846153845
0.06279323076923077
0.09304246153846155
0.10201292307692307
0.08448923076923077
0.040054153846153843
-0.01272553846153846
-0.03504738461538461
-0.02586830769230769
-0.003963692307692307
0.016480615384615385
0.03880246153846154
0.07218092307692307
0.11223507692307692
0.1543753846153846
0.1570873846153846
0.11411261538461538
0.05507446153846154
0.009179076923076922
-0.005632615384615384
-0.02232184615384615
-0.044435076923076924
-0.06216738461538462
-0.05403138461538461
-0.019192615384615384
0.026285538461538457
0.06216738461538462
0.04860738461538461
0.02044430769230769
-0.016480615384615385
-0.040262769230769234
-0.03775938461538462
-0.05236246153846154
-0.05382276923076923
-0.045060923076923075
-0.020027076923076922
0.03337846153846154
0.06884307692307692
0.07802215384615384
0.04944184615384615
-0.005424
-0.03504738461538461
-0.03400430769230769
-0.01668923076923077
-0.006049846153846154
0.006467076923076923
0.035464615384615386
0.07092923076923077
0.11098338461538461
0.11348676923076922
0.07197230769230768
0.01043076923076923
-0.04193169230769231
-0.06425353846153846
-0.05048492307692308
-0.01814953846153846
-0.011473846153846154
-0.004589538461538461
0.016063384615384615
0.06070707692307692
0.10263876923076923
0.0892873846153846
0.055491692307692304
0.005841230769230769
-0.043392
-0.054240000000000003
-0.06028984615384615
-0.05528307692307692
-0.03358707692307692
-0.004589538461538461
0.049233230769230765
0.09325107692307691
0.11286092307692308
0.08323753846153846
0.027328615384615382
0.0035464615384615383
-0.003963692307692307
-0.004798153846153846
-0.023990769230769232
-0.03859384615384615
-0.04130584615384615
-0.03400430769230769
0.0035464615384615383
0.015228923076923076
0.005424
-0.021070153846153846
-0.045060923076923075
-0.023364923076923075
-0.009387692307692307
-0.010222153846153844
-0.023990769230769232
-0.03921969230769231
-0.026702769230769228
-0.003963692307692307
0.03942830769230769
0.06300184615384616
0.031709538461538456
-0.012308307692307691
-0.04756430769230769
-0.042557538461538466
-0.032544
-0.04109723076923077
-0.040262769230769234
-0.03984553846153846
0.011056615384615385
0.06884307692307692
0.0771876923076923
0.051319384615384614
-0.00855323076923077
-0.046104
-0.04047138461538462
-0.0077187692307692304
0.014603076923076923
0.005215384615384615
-0.0035464615384615383
0.016480615384615385
0.051528
0.08135999999999999
0.084072
0.05236246153846154
0.017315076923076923
-0.004798153846153846
0.0035464615384615383
0.021696
0.018358153846153843
0.005215384615384615
0.014185846153846153
0.06049846153846154
0.11286092307692308
0.1395636923076923
0.11974523076923077
0.08198584615384615
0.05486584615384615
0.06028984615384615
0.07843938461538462
0.06550523076923077
0.03942830769230769
0.014185846153846153
0.035464615384615386
0.10201292307692307
0.16418030769230768
0.18879692307692306
0.17002153846153847
0.13789476923076924
0.100344
0.0936683076923077
0.10472492307692308
0.09053907692307692
0.06675692307692307
0.059872615384615385
0.0771876923076923
0.0988836923076923
0.09992676923076924
0.07843938461538462
0.04985907692307692
0.03129230769230769
0.045895384615384616
0.06905169230769231
0.06571384615384615
0.03629907692307692
0.020652923076923076
0.02273907692307692
0.03692492307692308
0.062376
0.06425353846153846
0.045895384615384616
0.015020307692307692
0.015646153846153844
0.022530461538461537
0.011265230769230769
-0.015437538461538461
-0.06967753846153846
-0.07510153846153846
-0.050067692307692306
-0.0012516923076923076
0.04047138461538462
0.03775938461538462
0.031918153846153846
0.016272
0.01940123076923077
0.020652923076923076
-0.007301538461538462
-0.06154153846153846
-0.10201292307692307
-0.09283384615384616
-0.06884307692307692
-0.050067692307692306
-0.05298830769230769
-0.05319692307692307
-0.04547815384615384
-0.031918153846153846
-0.005632615384615384
-0.009596307692307692
-0.05862092307692307
-0.10493353846153847
-0.10326461538461539
-0.08073415384615384
-0.05382276923076923
-0.03609046153846154
-0.03400430769230769
-0.026494153846153844
-0.009179076923076922
0.03609046153846154
0.05799507692307692
0.034630153846153845
-0.006675692307692307
-0.053614153846153846
-0.06404492307692307
-0.05570030769230769
-0.03504738461538461
-0.0014603076923076922
0.011473846153846154
0.02545107692307692
0.051319384615384614
0.07405846153846153
0.0609156923076923
-0.0012516923076923076
-0.059664
-0.08761846153846153
-0.06425353846153846
-0.025033846153846153
0.0008344615384615384
0.025659692307692307
0.03567323076923076
0.0609156923076923
0.08386338461538462
0.07614461538461538
0.02315630769230769
-0.052571076923076915
-0.09700615384615385
-0.10222153846153846
-0.059038153846153844
0.003963692307692307
0.07238953846153846
0.12767261538461538
0.16584923076923075
0.19818461538461538
0.19505538461538463
