-0.037342153846153844
-0.04672984615384615
-0.07843938461538462
-0.12037107692307693
-0.10806276923076923
-0.06800861538461538
-0.03775938461538462
-0.042974769230769226
-0.059664
-0.07092923076923077
-0.06425353846153846
-0.029623384615384614
-0.008344615384615384
-0.02044430769230769
-0.061750153846153844
-0.08386338461538462
-0.07697907692307693
-0.06216738461538462
-0.051319384615384614
-0.06216738461538462
-0.07364123076923076
-0.07280676923076923
-0.04380923076923077
-0.0025033846153846152
0.004798153846153846
-0.016897846153846156
-0.033169846153846154
-0.017523692307692306
-0.0002086153846153846
0.014603076923076923
0.015020307692307692
-0.004798153846153846
0.008344615384615384
0.04276615384615385
0.08344615384615384
0.09721476923076922
0.06571384615384615
0.03233538461538461
0.016063384615384615
0.029832
0.059038153846153844
0.06946892307692307
0.051528
0.030875076923076922
0.018775384615384614
0.033169846153846154
0.07259815384615384
0.084072
0.073224
0.06279323076923077
0.06550523076923077
0.07510153846153846
0.07155507692307693
0.04965046153846154
0.016272
-0.0022947692307692304
0.015437538461538461
0.05319692307692307
0.07343261538461537
0.07677046153846154
0.0855323076923077
0.10994030769230768
0.13622584615384614
0.15604430769230768
0.14102399999999998
0.09450276923076922
0.06425353846153846
0.065088
0.10389046153846154
0.12579507692307693
0.11348676923076922
0.09179076923076923
0.07092923076923077
0.07906523076923076
0.08386338461538462
0.078648
0.05862092307692307
0.01668923076923077
-0.002712
0.0077187692307692304
0.03775938461538462
0.045060923076923075
0.030875076923076922
0.03045784615384615
0.037342153846153844
0.04902461538461538
0.03692492307692308
-0.005841230769230769
-0.06654830769230768
-0.11223507692307692
-0.10910584615384614
-0.08010830769230769
-0.04526953846153846
-0.029414769230769227
-0.016063384615384615
0.014811692307692307
0.03337846153846154
0.02899753846153846
-0.007510153846153846
-0.08991323076923076
-0.15959076923076923
-0.16856123076923077
-0.12579507692307693
-0.05528307692307692
-0.004798153846153846
0.02524246153846154
0.03880246153846154
0.0446436923076923
0.051319384615384614
0.03692492307692308
-0.01272553846153846
-0.07969107692307692
-0.12329169230769231
-0.11953661538461538
-0.07343261538461537
-0.026494153846153844
0.009387692307692307
0.016897846153846156
0.014603076923076923
0.026076923076923077
0.018358153846153843
-0.014394461538461538
-0.08177723076923075
-0.14102399999999998
-0.157296
-0.1316363076923077
-0.073224
-0.02273907692307692
0.01940123076923077
0.03838523076923077
0.055491692307692304
0.07906523076923076
0.07155507692307693
0.03379569230769231
-0.03504738461538461
-0.08073415384615384
-0.07739630769230768
-0.04735569230769231
0.003755076923076923
0.04568676923076923
0.06613107692307692
0.08761846153846153
0.09450276923076922
0.06341907692307691
-0.003129230769230769
-0.08448923076923077
-0.12955015384615384
-0.1314276923076923
-0.08469784615384615
-0.009804923076923077
0.05277969230769231
0.11599015384615384
0.16730953846153845
0.19067446153846154
0.18170399999999998
0.1424843076923077
0.07280676923076923
-0.012308307692307691
-0.06633969230769231
-0.06341907692307691
-0.006884307692307692
0.06258461538461538
0.12996738461538462
0.1873366153846154
0.23135446153846154
0.25972615384615383
0.25367630769230765
0.2138307692307692
0.12829846153846153
0.03755076923076923
-0.02524246153846154
-0.04172307692307692
-0.010013538461538461
0.023782153846153845
0.0678
0.12162276923076921
0.1585476923076923
0.15896492307692306
0.10743692307692307
0.02273907692307692
-0.05069353846153846
-0.08782707692307692
-0.09262523076923077
-0.06529661538461538
-0.026494153846153844
0.008970461538461538
0.03775938461538462
0.06383630769230769
0.07885661538461539
0.045060923076923075
-0.018983999999999997
-0.0880356923076923
-0.13184492307692308
-0.12204
-0.07760492307692309
-0.02545107692307692
0.02232184615384615
0.07259815384615384
0.11202646153846153
0.13121907692307694
0.11599015384615384
0.07614461538461538
0.0035464615384615383
-0.07155507692307693
-0.08761846153846153
-0.06195876923076923
-0.01668923076923077
0.025659692307692307
0.07051199999999999
0.11411261538461538
0.1504116923076923
0.16626646153846153
0.13309661538461537
0.04631261538461538
-0.06946892307692307
-0.14269292307692305
-0.15541846153846153
-0.12204
-0.07009476923076922
-0.019192615384615384
0.043392
0.09846646153846153
0.12934153846153845
0.12308307692307692
0.05757784615384615
-0.030875076923076922
-0.08469784615384615
-0.0988836923076923
-0.06967753846153846
-0.01981846153846154
0.023364923076923075
0.054240000000000003
0.06905169230769231
0.08949599999999999
0.0826116923076923
0.04214030769230769
-0.01043076923076923
-0.07155507692307693
-0.09408553846153846
-0.065088
0.0025033846153846152
0.07134646153846153
0.11035753846153845
0.12850707692307692
