-0.13893784615384613
-0.13476553846153844
-0.059038153846153844
0.020652923076923076
0.10806276923076923
0.15687876923076924
0.16167692307692308
0.15750461538461538
0.12141415384615384
0.07197230769230768
-0.015854769230769228
-0.0936683076923077
-0.12412615384615384
-0.11828492307692307
-0.07197230769230768
-0.023364923076923075
0.04214030769230769
0.10576799999999999
0.1476996923076923
0.16480615384615382
0.12683815384615382
0.05736923076923077
-0.02086153846153846
-0.06759138461538462
-0.06154153846153846
-0.02273907692307692
0.03129230769230769
0.073224
0.10681107692307691
0.14561353846153846
0.1783661538461538
0.168144
0.1097316923076923
0.03880246153846154
-0.028371692307692306
-0.050067692307692306
-0.02545107692307692
0.01940123076923077
0.07405846153846153
0.09471138461538461
0.11578153846153846
0.14707384615384617
0.13914646153846155
0.10722830769230769
0.03609046153846154
-0.037967999999999995
-0.07468430769230769
-0.08845292307692308
-0.06258461538461538
-0.040054153846153843
-0.029414769230769227
-0.008136
0.024408000000000003
0.06154153846153846
0.06800861538461538
0.016480615384615385
-0.07218092307692307
-0.12516923076923075
-0.12558646153846154
-0.10389046153846154
-0.07489292307692308
-0.03504738461538461
0.0016689230769230767
0.022530461538461537
0.051528
0.065088
0.04214030769230769
-0.01668923076923077
-0.08073415384615384
-0.10201292307692307
-0.09283384615384616
-0.06279323076923077
-0.03421292307692308
-0.015020307692307692
0.007510153846153846
0.04756430769230769
0.0897046153846154
0.08574092307692306
0.045060923076923075
-0.019192615384615384
-0.08720123076923077
-0.10806276923076923
-0.08907876923076924
-0.061124307692307686
-0.03609046153846154
-0.015854769230769228
0.03400430769230769
0.08991323076923076
0.10535076923076922
0.08782707692307692
0.027745846153846152
-0.03880246153846154
-0.07113784615384615
-0.06028984615384615
-0.013351384615384614
0.026076923076923077
0.04819015384615385
0.06863446153846153
0.10910584615384614
0.14999446153846155
0.14686523076923075
0.10910584615384614
0.05173661538461538
0.005215384615384615
-0.011473846153846154
-0.014394461538461538
-0.0043809230769230765
0.003755076923076923
0.016897846153846156
0.054657230769230764
0.09763200000000001
0.12204
0.10055261538461538
0.044435076923076924
-0.009804923076923077
-0.0448523076923077
-0.03337846153846154
-0.0004172307692307692
0.015228923076923076
0.02357353846153846
0.04672984615384615
0.09199938461538461
0.12725538461538463
0.12266584615384615
0.08365476923076923
0.019609846153846155
-0.028163076923076923
-0.02586830769230769
-0.007510153846153846
0.018358153846153843
0.05507446153846154
0.10868861538461538
0.16292861538461537
0.19881046153846152
0.20506892307692307
0.13872923076923074
0.05653476923076922
-0.010222153846153844
-0.03504738461538461
-0.0070929230769230765
-0.0029206153846153843
0.0012516923076923076
0.012934153846153845
0.03400430769230769
0.06821723076923077
0.07072061538461538
0.05570030769230769
0.014394461538461538
-0.03901107692307692
-0.05570030769230769
-0.040054153846153843
-0.0016689230769230767
0.008344615384615384
-0.0012516923076923076
0.008761846153846153
0.018358153846153843
0.05277969230769231
0.06404492307692307
0.01856676923076923
-0.05048492307692308
-0.11014892307692307
-0.1136953846153846
-0.09053907692307692
-0.06195876923076923
-0.028788923076923077
0.008761846153846153
0.06425353846153846
0.11494707692307692
0.13768615384615385
0.09596307692307693
0.0002086153846153846
-0.06988615384615385
-0.08845292307692308
-0.058412307692307694
-0.012308307692307691
0.009804923076923077
0.027328615384615382
0.045895384615384616
0.04839876923076923
0.05319692307692307
0.03483876923076923
-0.03942830769230769
-0.11098338461538461
-0.1353913846153846
-0.11557292307692307
-0.07635323076923077
-0.05528307692307692
-0.059038153846153844
-0.07343261538461537
-0.08615815384615384
-0.07635323076923077
-0.0744756923076923
-0.11286092307692308
-0.15228923076923076
-0.17899199999999998
-0.17690584615384616
-0.138312
-0.09679753846153846
-0.07343261538461537
-0.07510153846153846
-0.06654830769230768
-0.03108369230769231
-0.003963692307692307
-0.01710646153846154
-0.06279323076923077
-0.11327815384615383
-0.14123261538461537
-0.119328
-0.07405846153846153
-0.052153846153846155
-0.06216738461538462
-0.07030338461538461
-0.05069353846153846
-0.030875076923076922
-0.013768615384615384
-0.015646153846153844
-0.04318338461538461
-0.052571076923076915
-0.03859384615384615
0.0006258461538461538
0.03337846153846154
0.044435076923076924
0.06383630769230769
0.08615815384615384
0.11452984615384615
0.13121907692307694
0.10889723076923077
0.054657230769230764
-0.002086153846153846
-0.018358153846153843
0.01397723076923077
0.06154153846153846
0.08720123076923077
0.0828203076923077
0.07948246153846153
0.1045163076923077
0.15374953846153847
0.17732307692307692
0.16751815384615384
0.13893784615384613
0.09930092307692308
0.08740984615384616
0.0934596923076923
0.10138707692307691
