-0.03024923076923077
-0.04568676923076923
-0.03504738461538461
-0.016480615384615385
0.0077187692307692304
0.011473846153846154
0.00855323076923077
0.05319692307692307
0.10076123076923077
0.12350030769230769
0.10222153846153846
0.04839876923076923
0.01668923076923077
-0.0022947692307692304
0.008970461538461538
-0.0012516923076923076
-0.03713353846153846
-0.03024923076923077
-0.006049846153846154
0.03483876923076923
0.05611753846153846
0.04631261538461538
0.014603076923076923
-0.012934153846153845
-0.018775384615384614
-0.01668923076923077
0.006884307692307692
0.0035464615384615383
-0.003755076923076923
-0.0035464615384615383
-0.0002086153846153846
0.02858030769230769
0.027120000000000002
0.014185846153846153
0.001043076923076923
-0.008970461538461538
0.013768615384615384
0.02899753846153846
0.030040615384615384
0.013560000000000001
0.009387692307692307
0.034630153846153845
0.055491692307692304
0.0855323076923077
0.078648
0.035255999999999996
0.014811692307692307
0.019609846153846155
0.05444861538461539
0.06717415384615384
0.04756430769230769
0.03838523076923077
0.026285538461538457
0.03775938461538462
0.043392
0.02858030769230769
0.004589538461538461
-0.033169846153846154
-0.029414769230769227
-0.0043809230769230765
0.016897846153846156
0.02273907692307692
0.009596307692307692
0.010639384615384617
0.030875076923076922
0.056951999999999996
0.06070707692307692
0.03713353846153846
0.0012516923076923076
-0.03275261538461539
-0.04109723076923077
-0.030040615384615384
-0.03379569230769231
-0.04318338461538461
-0.05090215384615384
-0.035255999999999996
0.002086153846153846
0.029206153846153847
0.05590892307692308
0.04965046153846154
0.03066646153846154
0.026285538461538457
0.034630153846153845
0.045895384615384616
0.013768615384615384
-0.03880246153846154
-0.06258461538461538
-0.03963692307692308
-0.017315076923076923
-0.02357353846153846
-0.03400430769230769
-0.0448523076923077
-0.03880246153846154
-0.01668923076923077
0.0002086153846153846
-0.021904615384615383
-0.07113784615384615
-0.09554584615384615
-0.09137353846153846
-0.05653476923076922
-0.021278769230769233
-0.01043076923076923
-0.014603076923076923
-0.021696
-0.011473846153846154
0.006049846153846154
0.0
-0.03692492307692308
-0.07781353846153846
-0.09158215384615384
-0.05027630769230769
0.018983999999999997
0.08386338461538462
0.10535076923076922
0.08615815384615384
0.09596307692307693
0.08907876923076924
0.05924676923076923
0.01272553846153846
-0.047772923076923074
-0.06884307692307692
-0.06300184615384616
-0.02482523076923077
0.03150092307692308
0.08073415384615384
0.10159569230769232
0.11473846153846154
0.13810338461538463
0.1424843076923077
0.10910584615384614
0.030040615384615384
-0.040262769230769234
-0.06070707692307692
-0.025659692307692307
0.03838523076923077
0.10868861538461538
0.16271999999999998
0.1802436923076923
0.19505538461538463
0.1994363076923077
0.16000799999999998
0.08052553846153847
-0.0029206153846153843
-0.047772923076923074
-0.03838523076923077
0.012934153846153845
0.07885661538461539
0.12516923076923075
0.12725538461538463
0.11619876923076923
0.11807630769230769
0.11745046153846153
0.08469784615384615
0.005841230769230769
-0.07092923076923077
-0.10096984615384616
-0.06863446153846153
-0.0006258461538461538
0.04714707692307692
0.07197230769230768
0.084072
0.08720123076923077
0.09512861538461538
0.06529661538461538
-0.010013538461538461
-0.08365476923076923
-0.12662953846153846
-0.10722830769230769
-0.031709538461538456
0.05069353846153846
0.09554584615384615
0.11494707692307692
0.11223507692307692
0.09846646153846153
0.07656184615384615
0.023782153846153845
-0.041514461538461535
-0.09658892307692307
-0.10743692307692307
-0.06738276923076922
-0.003963692307692307
0.04860738461538461
0.08031692307692308
0.09971815384615385
0.10535076923076922
0.08469784615384615
0.028163076923076923
-0.042974769230769226
-0.11703323076923078
-0.15500123076923078
-0.14311015384615386
-0.09596307692307693
-0.02753723076923077
0.003755076923076923
0.015854769230769228
0.027120000000000002
0.02753723076923077
0.020027076923076922
-0.023990769230769232
-0.07572738461538461
-0.11807630769230769
-0.11244369230769231
-0.05194523076923077
0.014185846153846153
0.08198584615384615
0.10514215384615383
0.11494707692307692
0.13247076923076923
0.11056615384615384
0.05799507692307692
-0.02357353846153846
-0.0897046153846154
-0.10910584615384614
-0.08386338461538462
-0.01981846153846154
0.040054153846153843
0.07405846153846153
0.09596307692307693
0.11077476923076923
0.09909230769230769
0.061124307692307686
0.014603076923076923
-0.04318338461538461
-0.09700615384615385
-0.10910584615384614
-0.0892873846153846
-0.05048492307692308
-0.021070153846153846
0.004798153846153846
0.05319692307692307
0.05862092307692307
0.04109723076923077
0.01272553846153846
-0.05194523076923077
-0.10326461538461539
-0.12850707692307692
-0.1070196923076923
-0.065088
-0.03504738461538461
0.02482523076923077
0.0828203076923077
0.11578153846153846
0.11953661538461538
0.07697907692307693
