0.021278769230769233
0.015228923076923076
-0.008970461538461538
-0.03942830769230769
-0.04714707692307692
-0.013142769230769229
0.03483876923076923
0.07948246153846153
0.08574092307692306
0.06717415384615384
0.058412307692307694
0.04109723076923077
0.029414769230769227
-0.006884307692307692
-0.05319692307692307
-0.07531015384615385
-0.0771876923076923
-0.049233230769230765
-0.026494153846153844
-0.00855323076923077
0.008970461538461538
0.03713353846153846
0.07259815384615384
0.09554584615384615
0.09992676923076924
0.05319692307692307
0.006258461538461538
-0.027120000000000002
-0.027120000000000002
0.0029206153846153843
0.00855323076923077
0.025033846153846153
0.034630153846153845
0.05674338461538461
0.08323753846153846
0.07405846153846153
0.04819015384615385
-0.005841230769230769
-0.05319692307692307
-0.06425353846153846
-0.048816000000000005
-0.013142769230769229
0.021278769230769233
0.04819015384615385
0.09095630769230768
0.1314276923076923
0.15395815384615386
0.143736
0.08699261538461538
0.02586830769230769
-0.012099692307692308
-0.023782153846153845
-0.012934153846153845
0.0029206153846153843
0.015020307692307692
0.04902461538461538
0.10117846153846152
0.13706030769230768
0.13518276923076925
0.08386338461538462
0.02482523076923077
0.0004172307692307692
0.006884307692307692
0.031918153846153846
0.056951999999999996
0.0717636923076923
0.078648
0.08615815384615384
0.08907876923076924
0.07969107692307692
0.05048492307692308
0.0002086153846153846
-0.042348923076923076
-0.06633969230769231
-0.05236246153846154
-0.02795446153846154
-0.006049846153846154
0.02545107692307692
0.054240000000000003
0.09721476923076922
0.12329169230769231
0.11056615384615384
0.051528
-0.029832
-0.0826116923076923
-0.09053907692307692
-0.061750153846153844
-0.042557538461538466
-0.031918153846153846
0.0050067692307692304
0.05236246153846154
0.09158215384615384
0.1028473846153846
0.06800861538461538
0.006675692307692307
-0.04860738461538461
-0.07510153846153846
-0.07343261538461537
-0.05194523076923077
-0.03296123076923077
-0.0035464615384615383
0.04714707692307692
0.07885661538461539
0.08949599999999999
0.053614153846153846
-0.009804923076923077
-0.042974769230769226
-0.04944184615384615
-0.008136
0.03755076923076923
0.04652123076923077
0.03504738461538461
0.012516923076923077
0.010848
0.027328615384615382
0.03692492307692308
0.013351384615384614
-0.022530461538461537
-0.03629907692307692
-0.02086153846153846
0.017523692307692306
0.04276615384615385
0.03609046153846154
0.028163076923076923
0.03984553846153846
0.05674338461538461
0.07009476923076922
0.05277969230769231
0.01272553846153846
-0.026076923076923077
-0.04276615384615385
-0.019609846153846155
-0.004798153846153846
-0.008344615384615384
-0.007301538461538462
0.008344615384615384
0.05069353846153846
0.08490646153846154
0.08386338461538462
0.03045784615384615
-0.04756430769230769
-0.09053907692307692
-0.0934596923076923
-0.06487938461538462
-0.03921969230769231
-0.027745846153846152
-0.006884307692307692
0.024408000000000003
0.07364123076923076
0.0988836923076923
0.07885661538461539
0.02795446153846154
-0.03483876923076923
-0.06341907692307691
-0.054657230769230764
-0.019609846153846155
-0.0004172307692307692
-0.012099692307692308
-0.011473846153846154
0.0008344615384615384
0.019609846153846155
0.027328615384615382
0.010013538461538461
-0.018775384615384614
-0.03963692307692308
-0.019609846153846155
0.005215384615384615
-0.003963692307692307
-0.03629907692307692
-0.06467076923076923
-0.05194523076923077
-0.009804923076923077
0.024199384615384616
0.02482523076923077
-0.016272
-0.05924676923076923
-0.07259815384615384
-0.07259815384615384
-0.06070707692307692
-0.06675692307692307
-0.07885661538461539
-0.06467076923076923
-0.018983999999999997
0.03901107692307692
0.061124307692307686
0.054657230769230764
0.031918153846153846
0.02232184615384615
0.023990769230769232
0.034630153846153845
0.037967999999999995
0.0043809230769230765
-0.024616615384615383
-0.026911384615384615
0.0004172307692307692
0.024408000000000003
0.035464615384615386
0.04526953846153846
0.05277969230769231
0.07781353846153846
0.09846646153846153
0.0892873846153846
0.055491692307692304
0.026494153846153844
0.021278769230769233
0.040679999999999994
0.07343261538461537
0.0974233846153846
0.10597661538461538
0.0988836923076923
0.10660246153846153
0.12496061538461539
0.11494707692307692
0.08198584615384615
0.03024923076923077
-0.004589538461538461
-0.002086153846153846
0.026285538461538457
0.07238953846153846
0.09241661538461539
0.10368184615384615
0.12934153846153845
0.1597993846153846
0.17648861538461538
0.1489513846153846
0.09304246153846155
0.029832
-0.01940123076923077
-0.03984553846153846
-0.04088861538461538
-0.04547815384615384
-0.05277969230769231
-0.03942830769230769
-0.011473846153846154
0.03400430769230769
0.06759138461538462
0.04672984615384615
-0.009179076923076922
-0.07885661538461539
-0.10827138461538462
-0.10722830769230769
-0.09825784615384614
-0.0717636923076923
-0.05444861538461539
