-0.12350030769230769
-0.15813046153846153
-0.12767261538461538
-0.08115138461538463
-0.030040615384615384
0.0004172307692307692
0.03692492307692308
0.06696553846153847
0.058829538461538454
0.02211323076923077
-0.06425353846153846
-0.1506203076923077
-0.20819815384615384
-0.20673784615384616
-0.14582215384615385
-0.08219446153846154
-0.01272553846153846
0.038176615384615385
0.0717636923076923
0.09158215384615384
0.06675692307692307
0.0006258461538461538
-0.09658892307692307
-0.1704387692307692
-0.18086953846153844
-0.1353913846153846
-0.05194523076923077
0.02586830769230769
0.09325107692307691
0.14269292307692305
0.16897846153846155
0.17461107692307692
0.12808984615384614
0.03942830769230769
-0.061124307692307686
-0.12204
-0.10639384615384614
-0.04547815384615384
0.03358707692307692
0.09930092307692308
0.13476553846153844
0.15187199999999998
0.14311015384615386
0.11765907692307691
0.04965046153846154
-0.04109723076923077
-0.09825784615384614
-0.11703323076923078
-0.08782707692307692
-0.042974769230769226
0.011265230769230769
0.06613107692307692
0.10347323076923076
0.14331876923076922
0.16897846153846155
0.15291507692307693
0.07280676923076923
-0.026494153846153844
-0.08073415384615384
-0.08490646153846154
-0.050067692307692306
-0.009179076923076922
0.043600615384615383
0.0880356923076923
0.11849353846153846
0.15520984615384617
0.14206707692307693
0.08845292307692308
0.014185846153846153
-0.04547815384615384
-0.047772923076923074
-0.027745846153846152
-0.002086153846153846
0.015228923076923076
0.02357353846153846
0.04714707692307692
0.07635323076923077
0.08240307692307691
0.059872615384615385
0.014394461538461538
-0.051528
-0.09596307692307693
-0.103056
-0.09199938461538461
-0.06279323076923077
-0.030040615384615384
0.012516923076923077
0.06028984615384615
0.08094276923076923
0.05862092307692307
0.014394461538461538
-0.03358707692307692
-0.07551876923076924
-0.08386338461538462
-0.05236246153846154
0.003755076923076923
0.044435076923076924
0.06383630769230769
0.08824430769230769
0.11411261538461538
0.12808984615384614
0.10743692307692307
0.05778646153846154
0.01981846153846154
0.005424
0.02232184615384615
0.03942830769230769
0.03692492307692308
0.044435076923076924
0.06967753846153846
0.10576799999999999
0.12621230769230768
0.11849353846153846
0.07823076923076923
0.015020307692307692
-0.029206153846153847
-0.03400430769230769
-0.009596307692307692
0.02545107692307692
0.059038153846153844
0.10096984615384616
0.14164984615384615
0.165432
0.15896492307692306
0.10639384615384614
0.03275261538461539
-0.024408000000000003
-0.04109723076923077
-0.030875076923076922
-0.008761846153846153
0.013351384615384614
0.026285538461538457
0.059038153846153844
0.10159569230769232
0.1289243076923077
0.11411261538461538
0.06133292307692308
0.017315076923076923
-0.00855323076923077
0.006675692307692307
0.02795446153846154
0.028371692307692306
0.027745846153846152
0.02023569230769231
0.042348923076923076
0.05590892307692308
0.03588184615384615
0.003755076923076923
-0.06717415384615384
-0.1368516923076923
-0.15792184615384616
-0.143736
-0.11035753846153845
-0.08198584615384615
-0.04672984615384615
0.0022947692307692304
0.040054153846153843
0.06717415384615384
0.04547815384615384
-0.015854769230769228
-0.06988615384615385
-0.09471138461538461
-0.08699261538461538
-0.08866153846153846
-0.08198584615384615
-0.06571384615384615
-0.029623384615384614
0.021278769230769233
0.051319384615384614
0.05653476923076922
0.010013538461538461
-0.03609046153846154
-0.05653476923076922
-0.042557538461538466
-0.0004172307692307692
0.008970461538461538
0.0035464615384615383
-0.0070929230769230765
-0.004172307692307692
0.024199384615384616
0.03755076923076923
0.028163076923076923
-0.014394461538461538
-0.05924676923076923
-0.07113784615384615
-0.06028984615384615
-0.03901107692307692
-0.035464615384615386
-0.01981846153846154
0.0070929230769230765
0.044435076923076924
0.08615815384615384
0.07051199999999999
0.023364923076923075
-0.04380923076923077
-0.07531015384615385
-0.05298830769230769
-0.029206153846153847
-0.005841230769230769
-0.0050067692307692304
0.009179076923076922
0.03859384615384615
0.06571384615384615
0.07614461538461538
0.03838523076923077
-0.012516923076923077
-0.06279323076923077
-0.08845292307692308
-0.0771876923076923
-0.052571076923076915
-0.015228923076923076
0.02858030769230769
0.07906523076923076
0.13101046153846155
0.15187199999999998
0.12683815384615382
0.06529661538461538
-0.0077187692307692304
-0.05027630769230769
-0.06404492307692307
-0.06154153846153846
-0.05945538461538461
-0.0448523076923077
-0.01043076923076923
0.04547815384615384
0.12642092307692307
0.15687876923076924
0.12975876923076923
0.06654830769230768
-0.0025033846153846152
-0.027328615384615382
-0.03504738461538461
-0.03629907692307692
-0.03358707692307692
-0.02044430769230769
0.015854769230769228
0.05486584615384615
0.07677046153846154
0.06154153846153846
0.017940923076923077
-0.03108369230769231
-0.05653476923076922
-0.047772923076923074
-0.03337846153846154
