0.021487384615384613
0.08094276923076923
0.12767261538461538
0.16292861538461537
0.17315076923076922
0.14603076923076924
0.08073415384615384
-0.006049846153846154
-0.06133292307692308
-0.08198584615384615
-0.05757784615384615
-0.015020307692307692
0.028788923076923077
0.08344615384615384
0.12934153846153845
0.18253846153846154
0.20861538461538462
0.1733593846153846
0.09241661538461539
-0.01043076923076923
-0.05319692307692307
-0.03483876923076923
0.002712
0.05382276923076923
0.09408553846153846
0.12621230769230768
0.13518276923076925
0.12516923076923075
0.08761846153846153
0.010639384615384617
-0.06133292307692308
-0.09262523076923077
-0.06821723076923077
-0.021070153846153846
0.03212676923076923
0.08386338461538462
0.10660246153846153
0.11953661538461538
0.1289243076923077
0.1218313846153846
0.07948246153846153
0.0012516923076923076
-0.041514461538461535
-0.06008123076923077
-0.04756430769230769
-0.002086153846153846
0.024199384615384616
0.05528307692307692
0.06195876923076923
0.07593599999999999
0.07197230769230768
0.016480615384615385
-0.032544
-0.09199938461538461
-0.11724184615384614
-0.1045163076923077
-0.06884307692307692
-0.019192615384615384
0.020652923076923076
0.07134646153846153
0.10263876923076923
0.11974523076923077
0.10514215384615383
0.05277969230769231
0.001043076923076923
-0.04985907692307692
-0.044435076923076924
-0.0006258461538461538
0.03859384615384615
0.062376
0.07113784615384615
0.09512861538461538
0.0974233846153846
0.09658892307692307
0.09116492307692307
0.05444861538461539
0.023990769230769232
-0.0012516923076923076
0.002712
0.003963692307692307
-0.015437538461538461
-0.015020307692307692
-0.005424
0.020652923076923076
0.046104
0.059664
0.027120000000000002
-0.030040615384615384
-0.05382276923076923
-0.078648
-0.08782707692307692
-0.08198584615384615
-0.06988615384615385
-0.03567323076923076
0.0077187692307692304
0.06571384615384615
0.09825784615384614
0.06028984615384615
-0.023364923076923075
-0.103056
-0.13247076923076923
-0.12558646153846154
-0.09930092307692308
-0.06154153846153846
-0.04735569230769231
-0.017523692307692306
0.021070153846153846
0.050067692307692306
0.06341907692307691
0.01856676923076923
-0.034630153846153845
-0.07885661538461539
-0.09700615384615385
-0.09512861538461538
-0.10743692307692307
-0.10368184615384615
-0.08177723076923075
-0.03108369230769231
0.034630153846153845
0.07739630769230768
0.06028984615384615
-0.0033378461538461535
-0.06028984615384615
-0.09074769230769231
-0.09325107692307691
-0.100344
-0.11056615384615384
-0.100344
-0.06341907692307691
0.002086153846153846
0.06028984615384615
0.06592246153846154
0.013142769230769229
-0.05945538461538461
-0.10243015384615384
-0.09095630769230768
-0.051319384615384614
-0.02545107692307692
0.009804923076923077
0.050067692307692306
0.084072
0.13330523076923076
0.1476996923076923
0.09763200000000001
0.018775384615384614
-0.056951999999999996
-0.078648
-0.061124307692307686
-0.05674338461538461
-0.037342153846153844
-0.016063384615384615
0.03880246153846154
0.1205796923076923
0.15959076923076923
0.15833907692307692
0.0880356923076923
0.018775384615384614
-0.006049846153846154
-0.014603076923076923
0.003129230769230769
0.008136
0.005424
0.024199384615384616
0.07030338461538461
0.13121907692307694
0.14853415384615384
0.11390399999999999
0.06821723076923077
0.032544
0.02795446153846154
0.03901107692307692
0.03713353846153846
0.040262769230769234
0.04193169230769231
0.059038153846153844
0.09825784615384614
0.11891076923076922
0.10117846153846152
0.05799507692307692
0.01668923076923077
-0.009387692307692307
0.005632615384615384
0.016897846153846156
0.012934153846153845
0.012516923076923077
0.006049846153846154
0.021696
0.027745846153846152
0.0050067692307692304
-0.03984553846153846
-0.10263876923076923
-0.13267938461538462
-0.12204
-0.08177723076923075
-0.03838523076923077
-0.025033846153846153
-0.002086153846153846
0.02795446153846154
0.03421292307692308
0.013351384615384614
-0.03296123076923077
-0.09179076923076923
-0.13226215384615383
-0.12683815384615382
-0.10535076923076922
-0.06863446153846153
-0.03421292307692308
-0.006884307692307692
0.05590892307692308
0.11870215384615385
0.15208061538461537
0.15208061538461537
0.12099692307692309
0.0744756923076923
0.02357353846153846
0.004798153846153846
0.005632615384615384
-0.0006258461538461538
-0.010848
-0.010639384615384617
0.03129230769230769
0.08094276923076923
0.10764553846153846
0.09262523076923077
0.024199384615384616
-0.0022947692307692304
0.005215384615384615
0.024199384615384616
0.03024923076923077
-0.013560000000000001
-0.005424
0.018358153846153843
0.043600615384615383
0.058829538461538454
0.016063384615384615
-0.02315630769230769
-0.06279323076923077
-0.06717415384615384
-0.037967999999999995
-0.006884307692307692
0.021278769230769233
0.03045784615384615
0.053405538461538456
0.08302892307692307
