0.046104
-0.02211323076923077
-0.058829538461538454
-0.059872615384615385
-0.026494153846153844
0.013142769230769229
0.04172307692307692
0.07259815384615384
0.0892873846153846
0.100344
0.08156861538461539
0.014603076923076923
-0.07092923076923077
-0.15082892307692305
-0.1733593846153846
-0.14039815384615384
-0.07489292307692308
-0.008970461538461538
0.0077187692307692304
0.019609846153846155
0.021904615384615383
0.010639384615384617
-0.013142769230769229
-0.08177723076923075
-0.13497415384615385
-0.157296
-0.13935507692307691
-0.09304246153846155
-0.06759138461538462
-0.04672984615384615
-0.03024923076923077
-0.0050067692307692304
0.009387692307692307
-0.009804923076923077
-0.05799507692307692
-0.13038461538461538
-0.16981292307692308
-0.17252492307692308
-0.13622584615384614
-0.06070707692307692
0.01397723076923077
0.06884307692307692
0.08511507692307693
0.08302892307692307
0.056951999999999996
-0.01397723076923077
-0.10576799999999999
-0.1794092307692308
-0.1942209230769231
-0.1635544615384615
-0.11035753846153845
-0.046104
0.0025033846153846152
0.03379569230769231
0.058412307692307694
0.06613107692307692
0.0446436923076923
-0.005841230769230769
-0.0717636923076923
-0.11494707692307692
-0.10785415384615385
-0.059664
0.0006258461538461538
0.05277969230769231
0.08031692307692308
0.09846646153846153
0.10681107692307691
0.07280676923076923
0.001043076923076923
-0.08094276923076923
-0.14164984615384615
-0.15479261538461536
-0.10493353846153847
-0.04839876923076923
0.003755076923076923
0.07030338461538461
0.12016246153846154
0.1733593846153846
0.1927606153846154
0.1612596923076923
0.08636676923076922
-0.004172307692307692
-0.06446215384615385
-0.0897046153846154
-0.06216738461538462
-0.02482523076923077
0.03233538461538461
0.08720123076923077
0.119328
0.15249784615384615
0.13747753846153846
0.06967753846153846
-0.015228923076923076
-0.08365476923076923
-0.09721476923076922
-0.06028984615384615
-0.0006258461538461538
0.06571384615384615
0.10910584615384614
0.130176
0.12621230769230768
0.10409907692307692
0.04756430769230769
-0.03629907692307692
-0.08094276923076923
-0.09658892307692307
-0.06383630769230769
0.012099692307692308
0.06571384615384615
0.086784
0.09596307692307693
0.13080184615384613
0.15604430769230768
0.12788123076923075
0.06028984615384615
-0.029414769230769227
-0.08302892307692307
-0.08198584615384615
-0.03880246153846154
0.016897846153846156
0.04714707692307692
0.06195876923076923
0.0771876923076923
0.08782707692307692
0.07635323076923077
0.04839876923076923
0.0022947692307692304
-0.05444861538461539
-0.07468430769230769
-0.04944184615384615
-0.003963692307692307
0.040054153846153843
0.07572738461538461
0.1178676923076923
0.15479261538461536
0.1656406153846154
0.13664307692307692
0.06028984615384615
-0.027328615384615382
-0.08073415384615384
-0.07030338461538461
-0.018358153846153843
0.03567323076923076
0.06842584615384616
0.07802215384615384
0.09262523076923077
0.09304246153846155
0.078648
0.04214030769230769
-0.009179076923076922
-0.044435076923076924
-0.059664
-0.03859384615384615
-0.0077187692307692304
0.015228923076923076
0.010639384615384617
-0.006884307692307692
-0.005632615384615384
0.0029206153846153843
-0.006675692307692307
-0.05757784615384615
-0.10555938461538462
-0.12621230769230768
-0.12934153846153845
-0.10472492307692308
-0.07155507692307693
-0.04526953846153846
-0.02482523076923077
0.01397723076923077
0.053405538461538456
0.045895384615384616
-0.0050067692307692304
-0.09262523076923077
-0.1531236923076923
-0.15750461538461538
-0.14144123076923076
-0.09095630769230768
-0.04652123076923077
-0.013768615384615384
0.026076923076923077
0.0448523076923077
0.05653476923076922
0.03045784615384615
-0.017315076923076923
-0.058412307692307694
-0.08115138461538463
-0.05298830769230769
-0.017940923076923077
0.021278769230769233
0.05236246153846154
0.06842584615384616
0.08761846153846153
0.08845292307692308
0.07551876923076924
0.03337846153846154
-0.007510153846153846
-0.006467076923076923
0.021278769230769233
0.056951999999999996
0.07134646153846153
0.061124307692307686
0.041514461538461535
0.05194523076923077
0.10013538461538461
0.13080184615384613
0.13518276923076925
0.12224861538461537
0.09846646153846153
0.10076123076923077
0.12120553846153845
0.13643446153846153
0.1287156923076923
0.09930092307692308
0.08699261538461538
0.09408553846153846
0.10743692307692307
0.0855323076923077
0.03108369230769231
-0.0022947692307692304
0.0002086153846153846
0.04693846153846153
0.09471138461538461
0.12037107692307693
0.12767261538461538
0.11765907692307691
0.11745046153846153
0.11891076923076922
0.09116492307692307
0.02482523076923077
-0.029414769230769227
-0.03296123076923077
-0.0077187692307692304
0.035255999999999996
0.06821723076923077
0.06905169230769231
0.07092923076923077
0.08073415384615384
0.09825784615384614
0.11327815384615383
0.1028473846153846
0.05090215384615384
-0.012934153846153845
-0.034630153846153845
-0.029206153846153847
