0.006884307692307692
-0.05069353846153846
-0.092208
-0.08845292307692308
-0.04819015384615385
-0.022530461538461537
0.03275261538461539
0.08031692307692308
0.119328
0.14728246153846153
0.1397723076923077
0.1178676923076923
0.045895384615384616
-0.011891076923076923
-0.02273907692307692
-0.0043809230769230765
0.037342153846153844
0.0717636923076923
0.09679753846153846
0.10389046153846154
0.13226215384615383
0.15082892307692305
0.12224861538461537
0.078648
0.015437538461538461
-0.013560000000000001
-0.003129230769230769
0.005424
0.027120000000000002
0.03296123076923077
0.03024923076923077
0.04130584615384615
0.05528307692307692
0.05444861538461539
0.006258461538461538
-0.04526953846153846
-0.08073415384615384
-0.08907876923076924
-0.05528307692307692
-0.03421292307692308
-0.028163076923076923
-0.03066646153846154
-0.01668923076923077
0.01668923076923077
0.02273907692307692
0.0022947692307692304
-0.052153846153846155
-0.10618523076923077
-0.119328
-0.08949599999999999
-0.04819015384615385
-0.021070153846153846
-0.0006258461538461538
0.01043076923076923
0.04652123076923077
0.0988836923076923
0.11265230769230769
0.07405846153846153
0.0012516923076923076
-0.056951999999999996
-0.06759138461538462
-0.04547815384615384
-0.008970461538461538
0.010848
0.017523692307692306
0.03588184615384615
0.06675692307692307
0.086784
0.05048492307692308
-0.013142769230769229
-0.06967753846153846
-0.09700615384615385
-0.08574092307692306
-0.07969107692307692
-0.07280676923076923
-0.06279323076923077
-0.05194523076923077
-0.006467076923076923
0.03942830769230769
0.05716061538461538
0.04401784615384615
0.013560000000000001
-0.006675692307692307
-0.008136
0.015020307692307692
0.016480615384615385
0.013351384615384614
0.027745846153846152
0.06154153846153846
0.12558646153846154
0.15374953846153847
0.13121907692307694
0.07384984615384615
0.008970461538461538
-0.0006258461538461538
0.026076923076923077
0.05486584615384615
0.06884307692307692
0.05757784615384615
0.06216738461538462
0.08845292307692308
0.12266584615384615
0.11494707692307692
0.04965046153846154
-0.020652923076923076
-0.06321046153846153
-0.04860738461538461
-0.017315076923076923
0.0077187692307692304
0.018775384615384614
0.020027076923076922
0.05653476923076922
0.086784
0.10117846153846152
0.06633969230769231
-0.01710646153846154
-0.06738276923076922
-0.08782707692307692
-0.06133292307692308
-0.021696
-0.003129230769230769
0.024199384615384616
0.04819015384615385
0.08240307692307691
0.11953661538461538
0.10764553846153846
0.04276615384615385
-0.04172307692307692
-0.11181784615384616
-0.13852061538461538
-0.13121907692307694
-0.12266584615384615
-0.09971815384615385
-0.05590892307692308
0.005632615384615384
0.09053907692307692
0.13101046153846155
0.10535076923076922
0.04819015384615385
-0.019609846153846155
-0.044435076923076924
-0.03609046153846154
-0.02858030769230769
-0.019192615384615384
-0.003963692307692307
0.03567323076923076
0.08156861538461539
0.08657538461538461
0.05048492307692308
-0.006049846153846154
-0.05444861538461539
-0.06675692307692307
-0.03942830769230769
0.013560000000000001
0.04672984615384615
0.049233230769230765
0.04631261538461538
0.06487938461538462
0.09471138461538461
0.10201292307692307
0.06946892307692307
0.003129230769230769
-0.03045784615384615
-0.02044430769230769
0.02023569230769231
0.04422646153846154
0.019609846153846155
0.02357353846153846
0.05048492307692308
0.08240307692307691
0.10660246153846153
0.08135999999999999
0.028163076923076923
-0.033169846153846154
-0.06258461538461538
-0.05298830769230769
-0.03129230769230769
-0.004172307692307692
0.0022947692307692304
0.026285538461538457
0.06696553846153847
0.09658892307692307
0.11432123076923076
0.084072
0.03421292307692308
-0.002086153846153846
-0.0050067692307692304
0.014603076923076923
0.017940923076923077
0.003755076923076923
-0.018983999999999997
-0.008970461538461538
0.010222153846153844
0.017940923076923077
0.025033846153846153
-0.007927384615384614
-0.021904615384615383
-0.01710646153846154
-0.003963692307692307
0.021904615384615383
0.004798153846153846
-0.009804923076923077
-0.04380923076923077
-0.05716061538461538
-0.04172307692307692
-0.05590892307692308
-0.05862092307692307
-0.09262523076923077
-0.10764553846153846
-0.07259815384615384
-0.03629907692307692
-0.005215384615384615
-0.004798153846153846
0.0022947692307692304
0.021070153846153846
0.05319692307692307
0.06884307692307692
0.03108369230769231
-0.004172307692307692
-0.03880246153846154
-0.04172307692307692
-0.02086153846153846
-0.011265230769230769
0.0022947692307692304
-0.009804923076923077
-0.010013538461538461
0.008344615384615384
0.03400430769230769
0.06279323076923077
0.052153846153846155
0.05403138461538461
0.06800861538461538
0.06592246153846154
0.07259815384615384
0.04652123076923077
0.003963692307692307
-0.015854769230769228
-0.027328615384615382
-0.007927384615384614
0.02357353846153846
0.03629907692307692
0.03629907692307692
0.03984553846153846
0.06154153846153846
