0.07364123076923076
0.07092923076923077
0.07405846153846153
0.07510153846153846
0.07197230769230768
0.07551876923076924
0.0936683076923077
0.1207883076923077
0.12579507692307693
0.09658892307692307
0.031709538461538456
-0.031709538461538456
-0.06571384615384615
-0.07906523076923076
-0.061750153846153844
-0.029832
-0.00855323076923077
0.01043076923076923
0.029623384615384614
0.02899753846153846
0.003963692307692307
-0.05111076923076923
-0.10347323076923076
-0.12934153846153845
-0.11640738461538462
-0.07614461538461538
-0.06279323076923077
-0.06070707692307692
-0.05382276923076923
-0.03483876923076923
-0.014394461538461538
-0.02586830769230769
-0.05319692307692307
-0.09074769230769231
-0.11432123076923076
-0.10055261538461538
-0.06216738461538462
-0.011265230769230769
0.03880246153846154
0.08177723076923075
0.11452984615384615
0.14415323076923076
0.15541846153846153
0.10764553846153846
0.01856676923076923
-0.08240307692307691
-0.15416676923076922
-0.14978584615384616
-0.0974233846153846
-0.023990769230769232
0.03442153846153846
0.08198584615384615
0.12808984615384614
0.14916
0.132888
0.07885661538461539
0.017940923076923077
-0.04380923076923077
-0.05716061538461538
-0.016480615384615385
0.042557538461538466
0.09930092307692308
0.12704676923076924
0.14665661538461539
0.15228923076923076
0.13747753846153846
0.0974233846153846
0.03275261538461539
-0.0035464615384615383
0.008970461538461538
0.05111076923076923
0.09387692307692307
0.11703323076923078
0.12516923076923075
0.1341396923076923
0.14519630769230768
0.14123261538461537
0.13080184615384613
0.092208
0.02858030769230769
-0.013560000000000001
-0.03379569230769231
-0.018983999999999997
0.021278769230769233
0.054657230769230764
0.08845292307692308
0.11557292307692307
0.13622584615384614
0.12975876923076923
0.07635323076923077
0.007301538461538462
-0.056951999999999996
-0.09262523076923077
-0.08198584615384615
-0.040262769230769234
0.003129230769230769
0.04109723076923077
0.07593599999999999
0.09533723076923077
0.08094276923076923
0.015646153846153844
-0.06550523076923077
-0.12808984615384614
-0.15875630769230767
-0.1368516923076923
-0.08365476923076923
-0.026076923076923077
0.015854769230769228
0.042557538461538466
0.05382276923076923
0.037967999999999995
0.009596307692307692
-0.05111076923076923
-0.12642092307692307
-0.1760713846153846
-0.1779489230769231
-0.14123261538461537
-0.11327815384615383
-0.08448923076923077
-0.042974769230769226
0.009179076923076922
0.056951999999999996
0.06467076923076923
0.03066646153846154
-0.03108369230769231
-0.09053907692307692
-0.12162276923076921
-0.11077476923076923
-0.08031692307692308
-0.06341907692307691
-0.03838523076923077
-0.005215384615384615
0.043600615384615383
0.09679753846153846
0.10159569230769232
0.055491692307692304
-0.004589538461538461
-0.04735569230769231
-0.04631261538461538
-0.006884307692307692
0.03129230769230769
0.07092923076923077
0.1045163076923077
0.130176
0.1449876923076923
0.12350030769230769
0.08052553846153847
0.0077187692307692304
-0.059038153846153844
-0.06821723076923077
-0.04318338461538461
-0.015020307692307692
-0.006049846153846154
-0.0006258461538461538
0.005841230769230769
0.016480615384615385
0.03713353846153846
0.04088861538461538
0.020652923076923076
-0.02899753846153846
-0.059038153846153844
-0.04401784615384615
-0.025659692307692307
-0.010639384615384617
-0.02273907692307692
-0.04380923076923077
-0.029414769230769227
-0.015437538461538461
-0.02586830769230769
-0.0609156923076923
-0.10764553846153846
-0.13372246153846154
-0.12975876923076923
-0.09554584615384615
-0.05486584615384615
-0.03400430769230769
-0.020652923076923076
0.019609846153846155
0.06362769230769232
0.07238953846153846
0.04526953846153846
-0.009596307692307692
-0.06341907692307691
-0.0961716923076923
-0.08469784615384615
-0.06759138461538462
-0.07030338461538461
-0.06800861538461538
-0.061124307692307686
-0.03233538461538461
0.007927384615384614
0.035464615384615386
0.030875076923076922
-0.0016689230769230767
-0.035255999999999996
-0.037967999999999995
-0.009179076923076922
0.008970461538461538
0.014394461538461538
0.02482523076923077
0.04756430769230769
0.08949599999999999
0.12016246153846154
0.09867507692307692
0.056951999999999996
0.027745846153846152
0.01981846153846154
0.03755076923076923
0.05924676923076923
0.06654830769230768
0.06696553846153847
0.09095630769230768
0.14457046153846154
0.18545907692307692
0.19046584615384615
0.14999446153846155
0.08323753846153846
0.04985907692307692
0.04422646153846154
0.04714707692307692
0.04109723076923077
0.02273907692307692
0.018358153846153843
0.050067692307692306
0.09387692307692307
0.10013538461538461
0.06300184615384616
0.0
-0.04109723076923077
-0.03880246153846154
0.005215384615384615
0.050067692307692306
0.0609156923076923
0.065088
0.08031692307692308
0.11411261538461538
0.13247076923076923
0.11411261538461538
0.06738276923076922
0.006675692307692307
-0.031918153846153846
-0.03421292307692308
-0.01668923076923077
-0.018358153846153843
