-0.01043076923076923
-0.0014603076923076922
0.010639384615384617
0.035255999999999996
0.054657230769230764
0.02795446153846154
-0.018358153846153843
-0.0826116923076923
-0.11181784615384616
-0.10138707692307691
-0.084072
-0.05716061538461538
-0.0448523076923077
-0.03212676923076923
-0.011682461538461537
0.026494153846153844
0.04380923076923077
-0.0022947692307692304
-0.052571076923076915
-0.09387692307692307
-0.0974233846153846
-0.09033046153846153
-0.08866153846153846
-0.06738276923076922
-0.07677046153846154
-0.05590892307692308
-0.02044430769230769
0.009596307692307692
0.01981846153846154
-0.03567323076923076
-0.05924676923076923
-0.052153846153846155
-0.02795446153846154
0.013142769230769229
0.008344615384615384
0.0004172307692307692
0.0006258461538461538
0.012308307692307691
0.05444861538461539
0.06279323076923077
0.03337846153846154
-0.016272
-0.03755076923076923
-0.021278769230769233
0.0025033846153846152
0.024199384615384616
-0.0025033846153846152
-0.029623384615384614
-0.05090215384615384
-0.040262769230769234
0.009596307692307692
0.03150092307692308
0.03692492307692308
0.024408000000000003
0.051528
0.09533723076923077
0.078648
0.02795446153846154
-0.030040615384615384
-0.055491692307692304
-0.0448523076923077
-0.0043809230769230765
0.03984553846153846
0.04380923076923077
0.047981538461538464
0.055491692307692304
0.05674338461538461
0.05799507692307692
0.027745846153846152
-0.013768615384615384
-0.06362769230769232
-0.07635323076923077
-0.03880246153846154
0.0006258461538461538
0.040262769230769234
0.04860738461538461
0.053614153846153846
0.059664
0.05590892307692308
0.04839876923076923
-0.008136
-0.08198584615384615
-0.12141415384615384
-0.11452984615384615
-0.07009476923076922
-0.03045784615384615
0.0077187692307692304
0.054657230769230764
0.09033046153846153
0.1207883076923077
0.14164984615384615
0.13309661538461537
0.08574092307692306
0.021696
0.0033378461538461535
0.03859384615384615
0.08949599999999999
0.12141415384615384
0.13351384615384615
0.14039815384615384
0.14665661538461539
0.14749107692307692
0.12099692307692309
0.06988615384615385
0.002086153846153846
-0.038176615384615385
-0.02524246153846154
0.015854769230769228
0.052153846153846155
0.07280676923076923
0.09179076923076923
0.10055261538461538
0.086784
0.051528
-0.011265230769230769
-0.09596307692307693
-0.1597993846153846
-0.17002153846153847
-0.13872923076923074
-0.08866153846153846
-0.028371692307692306
0.0035464615384615383
0.030875076923076922
0.05611753846153846
0.03963692307692308
0.005632615384615384
-0.06738276923076922
-0.13101046153846155
-0.1449876923076923
-0.13476553846153844
-0.08615815384615384
-0.02482523076923077
0.028371692307692306
0.07969107692307692
0.12329169230769231
0.13726892307692307
0.1136953846153846
0.04130584615384615
-0.065088
-0.13643446153846153
-0.15604430769230768
-0.132888
-0.06988615384615385
-0.014394461538461538
0.03379569230769231
0.08594953846153845
0.11599015384615384
0.12412615384615384
0.06717415384615384
-0.024199384615384616
-0.09763200000000001
-0.13914646153846155
-0.11494707692307692
-0.06967753846153846
-0.02023569230769231
0.016897846153846156
0.034630153846153845
0.05674338461538461
0.051528
0.02586830769230769
-0.021070153846153846
-0.08636676923076922
-0.11411261538461538
-0.103056
-0.05194523076923077
0.026494153846153844
0.0936683076923077
0.13706030769230768
0.16418030769230768
0.17231630769230769
0.1356
0.06425353846153846
-0.017732307692307693
-0.07280676923076923
-0.07760492307692309
-0.04526953846153846
0.0035464615384615383
0.04819015384615385
0.08323753846153846
0.11619876923076923
0.13789476923076924
0.13622584615384614
0.10868861538461538
0.06258461538461538
0.005424
-0.03275261538461539
-0.021278769230769233
0.012099692307692308
0.05194523076923077
0.09137353846153846
0.11911938461538461
0.1358086153846154
0.13810338461538463
0.11974523076923077
0.05736923076923077
-0.027745846153846152
-0.07927384615384615
-0.065088
-0.00855323076923077
0.04109723076923077
0.10535076923076922
0.1558356923076923
0.17252492307692308
0.18253846153846154
0.1585476923076923
0.0961716923076923
0.0014603076923076922
-0.07280676923076923
-0.09679753846153846
-0.08720123076923077
-0.02858030769230769
0.02586830769230769
0.059664
0.09179076923076923
0.11494707692307692
0.12996738461538462
0.1045163076923077
0.04965046153846154
-0.015228923076923076
-0.06133292307692308
-0.06425353846153846
-0.029414769230769227
0.0029206153846153843
0.017523692307692306
0.046104
0.06425353846153846
0.07593599999999999
0.056326153846153845
0.006258461538461538
-0.04276615384615385
-0.10055261538461538
-0.092208
-0.020652923076923076
0.054657230769230764
0.10409907692307692
0.11599015384615384
0.12141415384615384
0.10159569230769232
0.06341907692307691
0.004589538461538461
-0.08156861538461539
-0.1597993846153846
-0.1923433846153846
