-0.0033378461538461535
0.029206153846153847
0.04985907692307692
0.024408000000000003
-0.005424
-0.029623384615384614
-0.03212676923076923
0.008344615384615384
0.04172307692307692
0.05277969230769231
0.0446436923076923
0.04756430769230769
0.06988615384615385
0.08219446153846154
0.07823076923076923
0.04088861538461538
0.0
-0.01043076923076923
0.009596307692307692
0.037967999999999995
0.04109723076923077
0.042974769230769226
0.038176615384615385
0.04902461538461538
0.10243015384615384
0.13893784615384613
0.12516923076923075
0.073224
0.031918153846153846
0.035464615384615386
0.054240000000000003
0.058829538461538454
0.047772923076923074
0.040054153846153843
0.04214030769230769
0.05570030769230769
0.086784
0.08845292307692308
0.06529661538461538
0.05027630769230769
0.04860738461538461
0.07280676923076923
0.08115138461538463
0.06362769230769232
0.032544
0.013768615384615384
0.03775938461538462
0.07614461538461538
0.11202646153846153
0.1045163076923077
0.06216738461538462
0.037967999999999995
0.03358707692307692
0.042348923076923076
0.014603076923076923
-0.044435076923076924
-0.08198584615384615
-0.09241661538461539
-0.0678
-0.026494153846153844
0.014603076923076923
0.019192615384615384
-0.02044430769230769
-0.029623384615384614
-0.015228923076923076
-0.0077187692307692304
-0.025033846153846153
-0.06195876923076923
-0.08031692307692308
-0.08115138461538463
-0.05173661538461538
-0.02273907692307692
-0.03212676923076923
-0.042557538461538466
-0.03129230769230769
-0.007301538461538462
0.026911384615384615
0.04860738461538461
0.03504738461538461
-0.0029206153846153843
-0.02482523076923077
-0.010013538461538461
0.01397723076923077
0.018775384615384614
0.017523692307692306
0.028788923076923077
0.03379569230769231
0.03880246153846154
0.037967999999999995
0.004798153846153846
-0.05194523076923077
-0.11348676923076922
-0.11160923076923077
-0.06821723076923077
-0.040262769230769234
-0.002086153846153846
0.016272
0.03921969230769231
0.058412307692307694
0.03483876923076923
-0.006675692307692307
-0.07280676923076923
-0.11578153846153846
-0.11035753846153845
-0.07531015384615385
-0.007927384615384614
0.042974769230769226
0.06028984615384615
0.08365476923076923
0.10681107692307691
0.12204
0.10827138461538462
0.061750153846153844
0.0014603076923076922
-0.05611753846153846
-0.06300184615384616
-0.03567323076923076
0.012099692307692308
0.046104
0.06195876923076923
0.10952307692307692
0.1397723076923077
0.13747753846153846
0.0880356923076923
0.0022947692307692304
-0.07155507692307693
-0.11140061538461538
-0.09658892307692307
-0.05590892307692308
-0.0025033846153846152
0.04631261538461538
0.08699261538461538
0.124752
0.1422756923076923
0.10430769230769231
0.00855323076923077
-0.08302892307692307
-0.12099692307692309
-0.08636676923076922
-0.01814953846153846
0.051319384615384614
0.10117846153846152
0.11870215384615385
0.116616
0.11223507692307692
0.08949599999999999
0.022947692307692308
-0.05590892307692308
-0.11557292307692307
-0.11432123076923076
-0.05820369230769231
0.01272553846153846
0.07551876923076924
0.09408553846153846
0.08949599999999999
0.07697907692307693
0.04714707692307692
-0.0008344615384615384
-0.08156861538461539
-0.15103753846153847
-0.173568
-0.13914646153846155
-0.06571384615384615
-0.005841230769230769
0.03567323076923076
0.06154153846153846
0.07948246153846153
0.07781353846153846
0.05111076923076923
0.0043809230769230765
-0.059664
-0.09512861538461538
-0.08720123076923077
-0.040054153846153843
0.023364923076923075
0.06216738461538462
0.08887015384615385
0.11056615384615384
0.11703323076923078
0.1151556923076923
0.078648
0.01397723076923077
-0.055491692307692304
-0.09554584615384615
-0.073224
-0.02858030769230769
0.021904615384615383
0.05069353846153846
0.07197230769230768
0.08824430769230769
0.06195876923076923
0.016480615384615385
-0.062376
-0.13080184615384613
-0.15875630769230767
-0.13184492307692308
-0.06571384615384615
-0.02586830769230769
0.02086153846153846
0.05674338461538461
0.06759138461538462
0.07051199999999999
0.06487938461538462
0.03296123076923077
-0.04276615384615385
-0.09971815384615385
-0.09408553846153846
-0.059038153846153844
-0.025659692307692307
0.013768615384615384
0.05090215384615384
0.09053907692307692
0.11640738461538462
0.11557292307692307
0.0771876923076923
0.011682461538461537
-0.016897846153846156
-0.02044430769230769
-0.0025033846153846152
0.013768615384615384
0.028788923076923077
0.04839876923076923
0.04860738461538461
0.06195876923076923
0.058829538461538454
0.03609046153846154
-0.010639384615384617
-0.07677046153846154
-0.11452984615384615
-0.12683815384615382
-0.08991323076923076
-0.040054153846153843
-0.003755076923076923
0.040054153846153843
0.08448923076923077
0.11974523076923077
0.10201292307692307
0.04714707692307692
-0.02524246153846154
-0.08866153846153846
-0.09992676923076924
-0.06967753846153846
-0.009596307692307692
0.03108369230769231
