0.0002086153846153846
-0.0717636923076923
-0.14561353846153846
-0.1992276923076923
-0.20193969230769232
-0.1704387692307692
-0.1097316923076923
-0.05820369230769231
-0.030040615384615384
-0.0035464615384615383
0.01814953846153846
0.03337846153846154
0.011891076923076923
-0.05486584615384615
-0.1218313846153846
-0.15625292307692307
-0.1504116923076923
-0.111192
-0.06049846153846154
-0.009179076923076922
0.03150092307692308
0.06487938461538462
0.084072
0.07113784615384615
0.032544
-0.02524246153846154
-0.05528307692307692
-0.03129230769230769
0.018775384615384614
0.07739630769230768
0.11745046153846153
0.14665661538461539
0.1760713846153846
0.20047938461538461
0.19964492307692308
0.1506203076923077
0.0826116923076923
0.015228923076923076
-0.015020307692307692
-0.0022947692307692304
0.023990769230769232
0.06028984615384615
0.0963803076923077
0.13247076923076923
0.16167692307692308
0.17502830769230768
0.16647507692307692
0.11870215384615385
0.05528307692307692
0.027120000000000002
0.03108369230769231
0.040679999999999994
0.035464615384615386
0.025033846153846153
0.025659692307692307
0.024408000000000003
0.034630153846153845
0.03233538461538461
-0.0022947692307692304
-0.047981538461538464
-0.0717636923076923
-0.05945538461538461
-0.034630153846153845
-0.015228923076923076
-0.011473846153846154
0.006049846153846154
0.040679999999999994
0.07426707692307692
0.08699261538461538
0.05653476923076922
-0.009804923076923077
-0.09158215384615384
-0.12558646153846154
-0.11035753846153845
-0.08720123076923077
-0.05590892307692308
-0.031709538461538456
-0.0033378461538461535
0.03066646153846154
0.05653476923076922
0.053614153846153846
0.003963692307692307
-0.059664
-0.10868861538461538
-0.10117846153846152
-0.06884307692307692
-0.051319384615384614
-0.03337846153846154
-0.02273907692307692
0.013560000000000001
0.054657230769230764
0.07656184615384615
0.06133292307692308
-0.01043076923076923
-0.06717415384615384
-0.07343261538461537
-0.03692492307692308
-0.002086153846153846
0.012934153846153845
0.026702769230769228
0.043392
0.09471138461538461
0.14039815384615384
0.13080184615384613
0.0936683076923077
0.03984553846153846
0.0025033846153846152
-0.0004172307692307692
0.009804923076923077
0.03379569230769231
0.056951999999999996
0.09283384615384616
0.14206707692307693
0.1860849230769231
0.20465169230769228
0.16334584615384617
0.09179076923076923
0.02899753846153846
0.0002086153846153846
0.01272553846153846
0.03275261538461539
0.04839876923076923
0.06341907692307691
0.10535076923076922
0.15813046153846153
0.17231630769230769
0.14436184615384615
0.06800861538461538
-0.014603076923076923
-0.061124307692307686
-0.049233230769230765
-0.0002086153846153846
0.018358153846153843
0.021070153846153846
0.032544
0.05674338461538461
0.09053907692307692
0.10430769230769231
0.08761846153846153
0.026702769230769228
-0.035255999999999996
-0.058412307692307694
-0.06988615384615385
-0.06487938461538462
-0.06487938461538462
-0.05382276923076923
-0.013560000000000001
0.03838523076923077
0.06967753846153846
0.04088861538461538
-0.019609846153846155
-0.08845292307692308
-0.11828492307692307
-0.10994030769230768
-0.09033046153846153
-0.058829538461538454
-0.042974769230769226
-0.016063384615384615
0.026285538461538457
0.05757784615384615
0.05236246153846154
-0.002086153846153846
-0.065088
-0.10555938461538462
-0.11828492307692307
-0.11202646153846153
-0.09012184615384615
-0.058412307692307694
-0.024408000000000003
0.028163076923076923
0.0855323076923077
0.11140061538461538
0.0897046153846154
0.03942830769230769
0.010222153846153844
0.009804923076923077
0.02232184615384615
0.032544
0.03692492307692308
0.05778646153846154
0.07969107692307692
0.10910584615384614
0.14978584615384616
0.14206707692307693
0.07969107692307692
0.002712
-0.029623384615384614
-0.013768615384615384
0.01043076923076923
0.03755076923076923
0.05236246153846154
0.09012184615384615
0.13393107692307693
0.16021661538461537
0.17419384615384614
0.1358086153846154
0.073224
0.023364923076923075
0.01272553846153846
0.01981846153846154
0.006049846153846154
0.0004172307692307692
0.013768615384615384
0.044435076923076924
0.08177723076923075
0.10514215384615383
0.10597661538461538
0.065088
0.013768615384615384
0.0022947692307692304
0.015854769230769228
0.038176615384615385
0.03984553846153846
0.021070153846153846
0.013560000000000001
0.02545107692307692
0.054657230769230764
0.03963692307692308
-0.021904615384615383
-0.0988836923076923
-0.157296
-0.14916
-0.1136953846153846
-0.08761846153846153
-0.07030338461538461
-0.04214030769230769
0.0025033846153846152
0.047981538461538464
0.07051199999999999
0.045895384615384616
-0.014603076923076923
-0.07051199999999999
-0.084072
-0.06946892307692307
-0.04902461538461538
-0.04714707692307692
-0.06529661538461538
-0.06821723076923077
-0.035464615384615386
0.017940923076923077
0.042348923076923076
0.03442153846153846
0.015020307692307692
-0.0035464615384615383
