-0.07843938461538462
-0.09179076923076923
-0.07405846153846153
-0.03379569230769231
-0.022530461538461537
-0.04172307692307692
-0.032544
-0.008970461538461538
0.01981846153846154
0.03963692307692308
0.042348923076923076
0.017523692307692306
-0.03275261538461539
-0.05444861538461539
-0.04693846153846153
-0.031918153846153846
-0.034630153846153845
-0.034630153846153845
-0.017940923076923077
0.019609846153846155
0.084072
0.09763200000000001
0.05507446153846154
-0.002086153846153846
-0.04965046153846154
-0.06008123076923077
-0.05090215384615384
-0.04568676923076923
-0.04088861538461538
-0.040054153846153843
-0.017732307692307693
0.02232184615384615
0.04652123076923077
0.045895384615384616
0.010848
-0.01397723076923077
-0.020027076923076922
-0.0004172307692307692
0.03713353846153846
0.04714707692307692
0.04568676923076923
0.04944184615384615
0.07697907692307693
0.11098338461538461
0.10368184615384615
0.0717636923076923
0.035464615384615386
0.03358707692307692
0.084072
0.11974523076923077
0.11911938461538461
0.10055261538461538
0.0961716923076923
0.11098338461538461
0.13267938461538462
0.14853415384615384
0.11974523076923077
0.07197230769230768
0.02273907692307692
0.006884307692307692
0.03150092307692308
0.04401784615384615
0.05611753846153846
0.05111076923076923
0.03880246153846154
0.06133292307692308
0.08094276923076923
0.07510153846153846
0.04130584615384615
0.002086153846153846
0.0043809230769230765
0.03150092307692308
0.05653476923076922
0.052571076923076915
0.01940123076923077
-0.014185846153846153
-0.03942830769230769
-0.028163076923076923
-0.011891076923076923
-0.015854769230769228
-0.01272553846153846
-0.0050067692307692304
0.03150092307692308
0.07218092307692307
0.08386338461538462
0.06028984615384615
0.015228923076923076
-0.010013538461538461
-0.0025033846153846152
0.03108369230769231
0.03066646153846154
0.020652923076923076
0.014811692307692307
0.008761846153846153
0.021696
0.017732307692307693
-0.010013538461538461
-0.07739630769230768
-0.12725538461538463
-0.12788123076923075
-0.08991323076923076
-0.04109723076923077
-0.02753723076923077
-0.019192615384615384
-0.008136
0.010848
0.02858030769230769
0.028163076923076923
-0.005215384615384615
-0.04693846153846153
-0.05090215384615384
-0.031918153846153846
0.006884307692307692
0.015646153846153844
-0.003755076923076923
-0.011473846153846154
-0.019609846153846155
-0.0035464615384615383
0.010013538461538461
-0.0077187692307692304
-0.042348923076923076
-0.07405846153846153
-0.06529661538461538
-0.032544
-0.0033378461538461535
0.022530461538461537
0.042557538461538466
0.06717415384615384
0.0961716923076923
0.10472492307692308
0.07614461538461538
0.010222153846153844
-0.06696553846153847
-0.10013538461538461
-0.08907876923076924
-0.056326153846153845
-0.016897846153846156
0.004798153846153846
0.03296123076923077
0.07927384615384615
0.11703323076923078
0.11348676923076922
0.05820369230769231
-0.011473846153846154
-0.05590892307692308
-0.059872615384615385
-0.027120000000000002
0.022530461538461537
0.06383630769230769
0.08490646153846154
0.09491999999999999
0.09429415384615383
0.07510153846153846
0.032544
-0.025033846153846153
-0.06362769230769232
-0.06279323076923077
-0.024199384615384616
0.032544
0.08240307692307691
0.10722830769230769
0.12788123076923075
0.14999446153846155
0.143736
0.10764553846153846
0.035464615384615386
-0.03296123076923077
-0.06028984615384615
-0.05277969230769231
-0.02753723076923077
-0.003755076923076923
0.019192615384615384
0.03233538461538461
0.05173661538461538
0.07948246153846153
0.09241661538461539
0.059664
-0.0043809230769230765
-0.047772923076923074
-0.04652123076923077
0.0014603076923076922
0.05736923076923077
0.11473846153846154
0.1502030769230769
0.14144123076923076
0.11703323076923078
0.07468430769230769
0.012934153846153845
-0.05507446153846154
-0.11452984615384615
-0.11953661538461538
-0.07030338461538461
-0.010639384615384617
0.03755076923076923
0.05757784615384615
0.07405846153846153
0.08991323076923076
0.0853236923076923
0.05027630769230769
-0.021070153846153846
-0.09053907692307692
-0.14081538461538462
-0.14436184615384615
-0.10159569230769232
-0.07343261538461537
-0.055491692307692304
-0.044435076923076924
-0.022530461538461537
0.005632615384615384
0.008970461538461538
-0.004589538461538461
-0.043392
-0.07885661538461539
-0.07656184615384615
-0.04672984615384615
-0.014185846153846153
0.014185846153846153
0.03650769230769231
0.05757784615384615
0.0936683076923077
0.11724184615384614
0.09992676923076924
0.03296123076923077
-0.05298830769230769
-0.0936683076923077
-0.08761846153846153
-0.04526953846153846
0.009804923076923077
0.04756430769230769
0.06341907692307691
0.06550523076923077
0.073224
0.06341907692307691
0.02315630769230769
-0.03921969230769231
-0.08448923076923077
-0.08323753846153846
-0.05820369230769231
-0.013142769230769229
0.03233538461538461
0.05570030769230769
0.08073415384615384
0.10618523076923077
0.11640738461538462
