0.007301538461538462
-0.009179076923076922
-0.003755076923076923
0.014811692307692307
0.06258461538461538
0.08907876923076924
0.09095630769230768
0.073224
0.021904615384615383
-0.005215384615384615
-0.018775384615384614
-0.0006258461538461538
0.021696
0.016063384615384615
0.016897846153846156
0.023364923076923075
0.06028984615384615
0.0826116923076923
0.07405846153846153
0.042974769230769226
0.006258461538461538
0.010848
0.028163076923076923
0.05090215384615384
0.04214030769230769
0.008136
0.0012516923076923076
0.011891076923076923
0.029414769230769227
0.017315076923076923
-0.012934153846153845
-0.054657230769230764
-0.09512861538461538
-0.08991323076923076
-0.08240307692307691
-0.07656184615384615
-0.086784
-0.1097316923076923
-0.09596307692307693
-0.08198584615384615
-0.05507446153846154
-0.05736923076923077
-0.10138707692307691
-0.11098338461538461
-0.10409907692307692
-0.06988615384615385
-0.050067692307692306
-0.06800861538461538
-0.0853236923076923
-0.09658892307692307
-0.05653476923076922
-0.011682461538461537
-0.011473846153846154
-0.021904615384615383
-0.031709538461538456
-0.03150092307692308
-0.02211323076923077
0.011265230769230769
0.029832
0.009596307692307692
0.0
-0.002086153846153846
0.02545107692307692
0.03984553846153846
0.033169846153846154
0.04819015384615385
0.05444861538461539
0.08574092307692306
0.0855323076923077
0.05570030769230769
0.018983999999999997
-0.06028984615384615
-0.06654830769230768
-0.04172307692307692
-0.004172307692307692
0.05590892307692308
0.06258461538461538
0.09325107692307691
0.11286092307692308
0.13643446153846153
0.1693956923076923
0.14018953846153845
0.09491999999999999
0.051319384615384614
0.05194523076923077
0.05757784615384615
0.05674338461538461
0.06300184615384616
0.052571076923076915
0.06300184615384616
0.078648
0.10472492307692308
0.10222153846153846
0.04693846153846153
0.013560000000000001
-0.011891076923076923
-0.014811692307692307
-0.013142769230769229
-0.03504738461538461
-0.01668923076923077
-0.003963692307692307
0.01814953846153846
0.042974769230769226
0.026076923076923077
-0.0006258461538461538
-0.06926030769230769
-0.11619876923076923
-0.1207883076923077
-0.11140061538461538
-0.07843938461538462
-0.05486584615384615
-0.02315630769230769
0.009596307692307692
0.05674338461538461
0.09116492307692307
0.07259815384615384
0.022947692307692308
-0.043392
-0.06905169230769231
-0.05674338461538461
-0.021904615384615383
0.021904615384615383
0.04756430769230769
0.08302892307692307
0.10117846153846152
0.09825784615384614
0.07468430769230769
0.017523692307692306
-0.04172307692307692
-0.09241661538461539
-0.08469784615384615
-0.03942830769230769
0.0014603076923076922
0.03400430769230769
0.059664
0.10472492307692308
0.13247076923076923
0.13184492307692308
0.08031692307692308
0.0008344615384615384
-0.05778646153846154
-0.10055261538461538
-0.084072
-0.04047138461538462
0.0022947692307692304
0.05382276923076923
0.0963803076923077
0.14686523076923075
0.17023015384615386
0.13935507692307691
0.07259815384615384
-0.00855323076923077
-0.03609046153846154
-0.02482523076923077
0.0014603076923076922
0.0448523076923077
0.06884307692307692
0.10681107692307691
0.13059323076923077
0.14394461538461537
0.13747753846153846
0.06154153846153846
-0.013768615384615384
-0.09158215384615384
-0.10764553846153846
-0.05674338461538461
0.0035464615384615383
0.07489292307692308
0.09429415384615383
0.12162276923076921
0.13643446153846153
0.10994030769230768
0.06404492307692307
-0.04652123076923077
-0.1397723076923077
-0.1777403076923077
-0.15520984615384617
-0.08448923076923077
-0.01814953846153846
0.03755076923076923
0.0771876923076923
0.11390399999999999
0.11411261538461538
0.06759138461538462
0.0035464615384615383
-0.07051199999999999
-0.11286092307692308
-0.1028473846153846
-0.05048492307692308
0.005215384615384615
0.03713353846153846
0.055491692307692304
0.06383630769230769
0.07384984615384615
0.06341907692307691
0.024199384615384616
-0.030875076923076922
-0.09679753846153846
-0.12037107692307693
-0.10660246153846153
-0.06717415384615384
-0.01856676923076923
0.016063384615384615
0.03963692307692308
0.05403138461538461
0.07468430769230769
0.05820369230769231
-0.0035464615384615383
-0.08699261538461538
-0.13893784615384613
-0.12829846153846153
-0.09199938461538461
-0.03838523076923077
0.00855323076923077
0.033169846153846154
0.06759138461538462
0.10013538461538461
0.10430769230769231
0.06863446153846153
-0.011473846153846154
-0.05757784615384615
-0.0744756923076923
-0.06759138461538462
-0.031918153846153846
-0.010013538461538461
0.021070153846153846
0.03588184615384615
0.055491692307692304
0.08177723076923075
0.06759138461538462
0.023364923076923075
-0.033169846153846154
-0.06487938461538462
-0.06425353846153846
-0.04985907692307692
-0.03066646153846154
-0.02211323076923077
-0.01272553846153846
0.022530461538461537
0.05653476923076922
0.06946892307692307
0.05111076923076923
0.0035464615384615383
-0.04902461538461538
