0.023364923076923075
-0.028163076923076923
-0.09012184615384615
-0.12204
-0.11557292307692307
-0.07426707692307692
-0.0609156923076923
-0.06216738461538462
-0.06300184615384616
-0.04318338461538461
0.017523692307692306
0.06446215384615385
0.08219446153846154
0.05820369230769231
0.016480615384615385
-0.012308307692307691
-0.022947692307692308
-0.020652923076923076
-0.05799507692307692
-0.09596307692307693
-0.09909230769230769
-0.06696553846153847
-0.015228923076923076
0.013351384615384614
-0.0043809230769230765
-0.05319692307692307
-0.07635323076923077
-0.06654830769230768
-0.03024923076923077
-0.011891076923076923
-0.025033846153846153
-0.015228923076923076
0.004798153846153846
0.047772923076923074
0.09992676923076924
0.10096984615384616
0.06946892307692307
0.025033846153846153
0.0035464615384615383
0.01668923076923077
0.016897846153846156
0.016063384615384615
0.016897846153846156
0.01940123076923077
0.04214030769230769
0.06759138461538462
0.06633969230769231
0.03337846153846154
-0.0016689230769230767
-0.01814953846153846
-0.004798153846153846
0.009596307692307692
0.005424
-0.012099692307692308
-0.022947692307692308
0.028163076923076923
0.08949599999999999
0.12037107692307693
0.12099692307692309
0.07551876923076924
0.03275261538461539
0.011473846153846154
0.015437538461538461
0.01668923076923077
-0.003963692307692307
-0.022947692307692308
-0.01940123076923077
0.008970461538461538
0.054240000000000003
0.09179076923076923
0.0826116923076923
0.07238953846153846
0.07238953846153846
0.08386338461538462
0.09325107692307691
0.06759138461538462
0.044435076923076924
0.03442153846153846
0.06070707692307692
0.09784061538461537
0.10764553846153846
0.08991323076923076
0.07009476923076922
0.07197230769230768
0.09012184615384615
0.11432123076923076
0.08657538461538461
0.03275261538461539
-0.015854769230769228
-0.03400430769230769
0.0035464615384615383
0.03713353846153846
0.06863446153846153
0.07593599999999999
0.055491692307692304
0.059038153846153844
0.07572738461538461
0.08115138461538463
0.04130584615384615
-0.027120000000000002
-0.06133292307692308
-0.05653476923076922
-0.021696
0.02586830769230769
0.051528
0.052153846153846155
0.04756430769230769
0.04860738461538461
0.04422646153846154
0.018358153846153843
-0.022947692307692308
-0.046104
-0.03129230769230769
0.01272553846153846
0.06341907692307691
0.08949599999999999
0.07551876923076924
0.059038153846153844
0.059038153846153844
0.05674338461538461
0.03045784615384615
-0.03212676923076923
-0.09471138461538461
-0.12412615384615384
-0.10618523076923077
-0.06633969230769231
-0.025659692307692307
0.007301538461538462
0.027120000000000002
0.05403138461538461
0.06028984615384615
0.05444861538461539
0.0012516923076923076
-0.0961716923076923
-0.17315076923076922
-0.21696000000000001
-0.19380369230769232
-0.14394461538461537
-0.08949599999999999
-0.042557538461538466
-0.005841230769230769
0.042974769230769226
0.06926030769230769
0.05236246153846154
-0.02023569230769231
-0.09491999999999999
-0.11953661538461538
-0.10952307692307692
-0.06759138461538462
-0.027328615384615382
-0.01814953846153846
-0.010848
-0.006258461538461538
-0.0004172307692307692
0.0050067692307692304
-0.03421292307692308
-0.073224
-0.09137353846153846
-0.09596307692307693
-0.04985907692307692
0.017732307692307693
0.06195876923076923
0.08156861538461539
0.11035753846153845
0.13476553846153844
0.12934153846153845
0.07572738461538461
-0.022947692307692308
-0.10347323076923076
-0.14999446153846155
-0.14060676923076923
-0.07802215384615384
-0.014603076923076923
0.04756430769230769
0.09241661538461539
0.12329169230769231
0.14916
0.1097316923076923
0.029623384615384614
-0.06154153846153846
-0.13455692307692307
-0.14039815384615384
-0.11745046153846153
-0.053614153846153846
0.009179076923076922
0.03880246153846154
0.05444861538461539
0.04193169230769231
0.026702769230769228
-0.023990769230769232
-0.09471138461538461
-0.14916
-0.16334584615384617
-0.10639384615384614
-0.03442153846153846
0.03483876923076923
0.07948246153846153
0.08094276923076923
0.07739630769230768
0.043600615384615383
-0.005632615384615384
-0.06195876923076923
-0.13768615384615385
-0.16418030769230768
-0.13518276923076925
-0.06133292307692308
0.021904615384615383
0.07572738461538461
0.12913292307692306
0.16209415384615386
0.17419384615384614
0.15333230769230768
0.0828203076923077
0.0070929230769230765
-0.06279323076923077
-0.0771876923076923
-0.05236246153846154
-0.021070153846153846
0.04088861538461538
0.08740984615384616
0.12308307692307692
0.1314276923076923
0.09825784615384614
0.03150092307692308
-0.05820369230769231
-0.10535076923076922
-0.116616
-0.07593599999999999
-0.0006258461538461538
0.05090215384615384
0.09387692307692307
0.11223507692307692
0.1316363076923077
0.13372246153846154
0.0934596923076923
0.03755076923076923
-0.05048492307692308
-0.09450276923076922
-0.0897046153846154
-0.06362769230769232
-0.009804923076923077
0.025659692307692307
0.06592246153846154
0.10660246153846153
