-0.11348676923076922
-0.06654830769230768
-0.017523692307692306
0.02899753846153846
0.07405846153846153
0.10597661538461538
0.1368516923076923
0.14206707692307693
0.10764553846153846
0.058412307692307694
0.0033378461538461535
-0.021070153846153846
-0.01272553846153846
0.013560000000000001
0.04985907692307692
0.06905169230769231
0.10159569230769232
0.13455692307692307
0.1341396923076923
0.111192
0.05090215384615384
-0.016480615384615385
-0.055491692307692304
-0.04985907692307692
-0.004172307692307692
0.04130584615384615
0.08219446153846154
0.111192
0.13706030769230768
0.15604430769230768
0.13121907692307694
0.05674338461538461
-0.05277969230769231
-0.1395636923076923
-0.1779489230769231
-0.1846246153846154
-0.1502030769230769
-0.10430769230769231
-0.050067692307692306
0.027120000000000002
0.11035753846153845
0.16313723076923078
0.14603076923076924
0.07280676923076923
-0.020027076923076922
-0.0771876923076923
-0.0897046153846154
-0.08469784615384615
-0.04985907692307692
0.0014603076923076922
0.05194523076923077
0.10263876923076923
0.13205353846153844
0.12600369230769232
0.08219446153846154
0.02232184615384615
-0.018358153846153843
-0.027328615384615382
0.0002086153846153846
0.03629907692307692
0.06070707692307692
0.07489292307692308
0.09074769230769231
0.11953661538461538
0.11619876923076923
0.065088
-0.011265230769230769
-0.0798996923076923
-0.11828492307692307
-0.12308307692307692
-0.10159569230769232
-0.06967753846153846
-0.01814953846153846
0.043392
0.11223507692307692
0.16271999999999998
0.14957723076923077
0.09137353846153846
0.02211323076923077
-0.028163076923076923
-0.04172307692307692
-0.03629907692307692
-0.02044430769230769
-0.01272553846153846
0.009596307692307692
0.07489292307692308
0.138312
0.16689230769230767
0.13643446153846153
0.06529661538461538
-0.003129230769230769
-0.041514461538461535
-0.03901107692307692
-0.017315076923076923
0.007510153846153846
0.028788923076923077
0.05736923076923077
0.111192
0.15249784615384615
0.13872923076923074
0.07969107692307692
0.002712
-0.06279323076923077
-0.09784061538461537
-0.09596307692307693
-0.09512861538461538
-0.08135999999999999
-0.03921969230769231
0.00855323076923077
0.0717636923076923
0.09158215384615384
0.058412307692307694
0.0012516923076923076
-0.05924676923076923
-0.07948246153846153
-0.08240307692307691
-0.07635323076923077
-0.07384984615384615
-0.06905169230769231
-0.040054153846153843
-0.004798153846153846
0.020027076923076922
-0.003755076923076923
-0.05507446153846154
-0.10096984615384616
-0.11870215384615385
-0.08824430769230769
-0.04756430769230769
-0.021904615384615383
-0.002086153846153846
0.029832
0.08010830769230769
0.116616
0.116616
0.07510153846153846
-0.0025033846153846152
-0.06696553846153847
-0.08469784615384615
-0.059664
-0.03567323076923076
-0.022530461538461537
0.009596307692307692
0.065088
0.1289243076923077
0.16730953846153845
0.16480615384615382
0.12621230769230768
0.07697907692307693
0.037967999999999995
0.027745846153846152
0.04547815384615384
0.04672984615384615
0.0448523076923077
0.0678
0.10159569230769232
0.12975876923076923
0.124752
0.09116492307692307
0.052571076923076915
0.038176615384615385
0.05382276923076923
0.06529661538461538
0.06592246153846154
0.05090215384615384
0.04130584615384615
0.06696553846153847
0.09533723076923077
0.092208
0.045895384615384616
-0.017523692307692306
-0.05444861538461539
-0.04714707692307692
-0.010222153846153844
0.02211323076923077
0.026494153846153844
0.02524246153846154
0.042974769230769226
0.07197230769230768
0.09846646153846153
0.08636676923076922
0.02524246153846154
-0.04985907692307692
-0.09095630769230768
-0.08511507692307693
-0.059664
-0.033169846153846154
-0.014394461538461538
0.022947692307692308
0.07551876923076924
0.11494707692307692
0.12808984615384614
0.08428061538461538
0.012934153846153845
-0.05277969230769231
-0.09408553846153846
-0.08907876923076924
-0.06988615384615385
-0.04714707692307692
-0.017732307692307693
0.027328615384615382
0.09512861538461538
0.130176
0.11056615384615384
0.04944184615384615
-0.03045784615384615
-0.07802215384615384
-0.092208
-0.07343261538461537
-0.0448523076923077
-0.03358707692307692
-0.004589538461538461
0.03504738461538461
0.07572738461538461
0.07948246153846153
0.031918153846153846
-0.02524246153846154
-0.078648
-0.09408553846153846
-0.07030338461538461
-0.026285538461538457
0.011891076923076923
0.0446436923076923
0.09512861538461538
0.1218313846153846
0.10952307692307692
0.05716061538461538
-0.014603076923076923
-0.05570030769230769
-0.05653476923076922
-0.016897846153846156
0.03108369230769231
0.04965046153846154
0.05298830769230769
0.05799507692307692
0.06133292307692308
0.061124307692307686
0.03650769230769231
-0.010848
-0.04693846153846153
-0.06133292307692308
-0.043392
-0.019609846153846155
-0.021696
-0.031709538461538456
