-0.12913292307692306
-0.06070707692307692
0.006258461538461538
0.06404492307692307
0.11494707692307692
0.13706030769230768
0.14853415384615384
0.10576799999999999
0.04172307692307692
-0.023364923076923075
-0.08010830769230769
-0.08448923076923077
-0.06884307692307692
-0.028163076923076923
-0.0043809230769230765
0.007927384615384614
0.03775938461538462
0.04318338461538461
0.04547815384615384
0.011056615384615385
-0.05611753846153846
-0.11348676923076922
-0.14686523076923075
-0.12016246153846154
-0.06884307692307692
-0.003755076923076923
0.04735569230769231
0.08302892307692307
0.11703323076923078
0.0974233846153846
0.049233230769230765
-0.03024923076923077
-0.11348676923076922
-0.1476996923076923
-0.1368516923076923
-0.07593599999999999
-0.014185846153846153
0.03358707692307692
0.06487938461538462
0.09053907692307692
0.11432123076923076
0.09116492307692307
0.03567323076923076
-0.04839876923076923
-0.11286092307692308
-0.11452984615384615
-0.08469784615384615
-0.03233538461538461
0.0033378461538461535
0.026076923076923077
0.047772923076923074
0.06362769230769232
0.07197230769230768
0.03421292307692308
-0.022530461538461537
-0.07635323076923077
-0.1045163076923077
-0.084072
-0.05507446153846154
-0.01397723076923077
0.026494153846153844
0.05653476923076922
0.0826116923076923
0.07614461538461538
0.05799507692307692
0.006049846153846154
-0.05736923076923077
-0.07489292307692308
-0.051528
0.01981846153846154
0.08156861538461539
0.124752
0.1462393846153846
0.13768615384615385
0.13747753846153846
0.10681107692307691
0.04944184615384615
-0.017940923076923077
-0.07426707692307692
-0.0828203076923077
-0.061124307692307686
-0.015646153846153844
0.023990769230769232
0.049233230769230765
0.07656184615384615
0.0974233846153846
0.10889723076923077
0.0853236923076923
0.029206153846153847
-0.03233538461538461
-0.07405846153846153
-0.06863446153846153
-0.042974769230769226
-0.01710646153846154
0.0006258461538461538
0.012308307692307691
0.03713353846153846
0.04672984615384615
0.030875076923076922
-0.011473846153846154
-0.05528307692307692
-0.07051199999999999
-0.05924676923076923
-0.014185846153846153
0.026494153846153844
0.06070707692307692
0.08845292307692308
0.09950953846153845
0.12850707692307692
0.1424843076923077
0.12621230769230768
0.07280676923076923
-0.002086153846153846
-0.038176615384615385
-0.04318338461538461
-0.025033846153846153
-0.004798153846153846
0.0012516923076923076
0.009804923076923077
0.02586830769230769
0.04526953846153846
0.05090215384615384
0.032544
-0.0002086153846153846
-0.038176615384615385
-0.043392
-0.01940123076923077
-0.008970461538461538
-0.006467076923076923
-0.015437538461538461
-0.013768615384615384
0.0
0.016897846153846156
0.018983999999999997
-0.020027076923076922
-0.065088
-0.09992676923076924
-0.09158215384615384
-0.07280676923076923
-0.07510153846153846
-0.06049846153846154
-0.03775938461538462
0.016480615384615385
0.06300184615384616
0.06049846153846154
0.03567323076923076
-0.015646153846153844
-0.05382276923076923
-0.05736923076923077
-0.052153846153846155
-0.04714707692307692
-0.05736923076923077
-0.06300184615384616
-0.05277969230769231
-0.03692492307692308
-0.033169846153846154
-0.06341907692307691
-0.09700615384615385
-0.12350030769230769
-0.1218313846153846
-0.08949599999999999
-0.06383630769230769
-0.04672984615384615
-0.03921969230769231
-0.01940123076923077
0.006884307692307692
0.02044430769230769
0.01272553846153846
-0.014185846153846153
-0.038176615384615385
-0.03942830769230769
-0.00855323076923077
0.016272
0.015646153846153844
0.013142769230769229
0.032544
0.06487938461538462
0.09763200000000001
0.10535076923076922
0.06946892307692307
0.021487384615384613
-0.011891076923076923
-0.015020307692307692
-0.0016689230769230767
0.008761846153846153
0.021070153846153846
0.040262769230769234
0.07238953846153846
0.11181784615384616
0.11703323076923078
0.08031692307692308
0.035464615384615386
0.0002086153846153846
-0.015228923076923076
-0.0050067692307692304
0.013351384615384614
0.010848
0.00855323076923077
0.03024923076923077
0.06821723076923077
0.09137353846153846
0.07635323076923077
0.042348923076923076
0.012516923076923077
0.006467076923076923
0.034630153846153845
0.06821723076923077
0.07072061538461538
0.04965046153846154
0.03275261538461539
0.047772923076923074
0.073224
0.0880356923076923
0.0717636923076923
0.017523692307692306
-0.005215384615384615
0.0025033846153846152
0.027745846153846152
0.04401784615384615
0.030040615384615384
0.021070153846153846
0.02273907692307692
0.05319692307692307
0.0828203076923077
0.06362769230769232
-0.009596307692307692
-0.09033046153846153
-0.1097316923076923
-0.08094276923076923
-0.04860738461538461
-0.022947692307692308
-0.013142769230769229
-0.003755076923076923
0.025033846153846153
0.05799507692307692
0.06988615384615385
0.02211323076923077
-0.047772923076923074
-0.10180430769230768
-0.11557292307692307
-0.059038153846153844
-0.015646153846153844
-0.0025033846153846152
-0.005632615384615384
