0.03275261538461539
0.03150092307692308
0.008761846153846153
-0.031918153846153846
-0.05319692307692307
-0.06633969230769231
-0.047772923076923074
-0.037967999999999995
-0.05924676923076923
-0.03775938461538462
0.019192615384615384
0.08907876923076924
0.11911938461538461
0.09992676923076924
0.07885661538461539
0.05799507692307692
0.028163076923076923
0.01043076923076923
-0.0077187692307692304
-0.021487384615384613
-0.011056615384615385
0.017940923076923077
0.078648
0.10910584615384614
0.08031692307692308
0.03337846153846154
-0.013768615384615384
-0.042974769230769226
-0.04214030769230769
-0.02273907692307692
-0.007301538461538462
0.002712
0.025033846153846153
0.07113784615384615
0.11035753846153845
0.10055261538461538
0.05069353846153846
-0.012308307692307691
-0.05611753846153846
-0.058412307692307694
-0.051319384615384614
-0.06028984615384615
-0.06759138461538462
-0.051319384615384614
-0.0070929230769230765
0.03421292307692308
0.04631261538461538
0.020027076923076922
-0.03233538461538461
-0.059038153846153844
-0.06362769230769232
-0.053405538461538456
-0.03713353846153846
-0.044435076923076924
-0.04547815384615384
-0.03421292307692308
-0.006675692307692307
0.017523692307692306
-0.003755076923076923
-0.04819015384615385
-0.1028473846153846
-0.1289243076923077
-0.11244369230769231
-0.09596307692307693
-0.07197230769230768
-0.06028984615384615
-0.040054153846153843
-0.002086153846153846
0.021904615384615383
0.02545107692307692
-0.025659692307692307
-0.08323753846153846
-0.10618523076923077
-0.08720123076923077
-0.040262769230769234
-0.02232184615384615
-0.029414769230769227
-0.027328615384615382
-0.010848
0.020652923076923076
0.03859384615384615
0.024408000000000003
-0.002086153846153846
-0.04047138461538462
-0.053405538461538456
-0.03650769230769231
-0.020027076923076922
-0.029414769230769227
-0.05674338461538461
-0.05027630769230769
-0.008344615384615384
0.035464615384615386
0.05069353846153846
0.03421292307692308
-0.0022947692307692304
-0.03921969230769231
-0.03880246153846154
-0.021696
-0.022947692307692308
-0.029623384615384614
-0.03108369230769231
-0.011891076923076923
-0.0004172307692307692
0.0029206153846153843
0.008136
0.006884307692307692
0.013560000000000001
0.03150092307692308
0.06633969230769231
0.09283384615384616
0.07051199999999999
0.012099692307692308
-0.006884307692307692
0.030040615384615384
0.07614461538461538
0.10493353846153847
0.10868861538461538
0.09700615384615385
0.0771876923076923
0.07510153846153846
0.08615815384615384
0.06216738461538462
0.018358153846153843
-0.010013538461538461
-0.005424
0.03337846153846154
0.073224
0.09158215384615384
0.07614461538461538
0.05069353846153846
0.03984553846153846
0.03400430769230769
0.006049846153846154
-0.042974769230769226
-0.08302892307692307
-0.09679753846153846
-0.05757784615384615
0.0008344615384615384
0.042557538461538466
0.05090215384615384
0.03379569230769231
0.042557538461538466
0.04965046153846154
0.033169846153846154
-0.006258461538461538
-0.05820369230769231
-0.08177723076923075
-0.0771876923076923
-0.028163076923076923
0.0446436923076923
0.08991323076923076
0.10430769230769231
0.09512861538461538
0.08615815384615384
0.08699261538461538
0.059872615384615385
0.0016689230769230767
-0.05277969230769231
-0.07405846153846153
-0.04380923076923077
0.013768615384615384
0.07301538461538462
0.100344
0.08699261538461538
0.07113784615384615
0.054240000000000003
0.007510153846153846
-0.07572738461538461
-0.14457046153846154
-0.1612596923076923
-0.1368516923076923
-0.07405846153846153
0.0022947692307692304
0.049233230769230765
0.058412307692307694
0.04985907692307692
0.05069353846153846
0.05277969230769231
0.01856676923076923
-0.04401784615384615
-0.10222153846153846
-0.11223507692307692
-0.0826116923076923
-0.03692492307692308
0.024199384615384616
0.06008123076923077
0.09053907692307692
0.11703323076923078
0.11724184615384614
0.0974233846153846
0.034630153846153845
-0.033169846153846154
-0.06633969230769231
-0.05757784615384615
-0.0077187692307692304
0.05194523076923077
0.100344
0.12037107692307693
0.12537784615384615
0.1218313846153846
0.08991323076923076
0.0446436923076923
-0.02482523076923077
-0.08198584615384615
-0.08782707692307692
-0.04944184615384615
0.026076923076923077
0.08866153846153846
0.12767261538461538
0.15187199999999998
0.15875630769230767
0.13789476923076924
0.07531015384615385
0.012516923076923077
-0.029206153846153847
-0.05382276923076923
-0.03066646153846154
0.010848
0.043600615384615383
0.06258461538461538
0.07280676923076923
0.09158215384615384
0.08907876923076924
0.07426707692307692
0.026702769230769228
-0.040054153846153843
-0.07948246153846153
-0.08115138461538463
-0.03379569230769231
0.007301538461538462
0.042348923076923076
0.06654830769230768
0.08636676923076922
0.11411261538461538
0.09158215384615384
0.03150092307692308
-0.058412307692307694
-0.12579507692307693
-0.12808984615384614
-0.0961716923076923
-0.024199384615384616
0.03024923076923077
0.06905169230769231
0.11411261538461538
