-0.09408553846153846
-0.06675692307692307
-0.040054153846153843
-0.03921969230769231
-0.03379569230769231
-0.0006258461538461538
0.04088861538461538
0.065088
0.05236246153846154
-0.005424
-0.07009476923076922
-0.0974233846153846
-0.09053907692307692
-0.06279323076923077
-0.052153846153846155
-0.04839876923076923
-0.027120000000000002
0.0077187692307692304
0.05382276923076923
0.051319384615384614
0.009596307692307692
-0.03483876923076923
-0.06300184615384616
-0.03671630769230769
-0.0008344615384615384
0.012934153846153845
0.008136
0.0008344615384615384
0.028163076923076923
0.06425353846153846
0.07885661538461539
0.056951999999999996
0.016897846153846156
-0.021070153846153846
-0.03337846153846154
-0.006884307692307692
0.009804923076923077
0.021278769230769233
0.027745846153846152
0.04672984615384615
0.08615815384615384
0.10764553846153846
0.10263876923076923
0.03275261538461539
-0.05757784615384615
-0.10514215384615383
-0.1136953846153846
-0.09763200000000001
-0.0961716923076923
-0.10076123076923077
-0.09241661538461539
-0.05590892307692308
0.005424
0.05674338461538461
0.06028984615384615
0.01043076923076923
-0.03567323076923076
-0.05048492307692308
-0.03108369230769231
-0.011682461538461537
-0.019609846153846155
-0.026494153846153844
-0.01814953846153846
0.01043076923076923
0.02232184615384615
0.002086153846153846
-0.026285538461538457
-0.06195876923076923
-0.0771876923076923
-0.04380923076923077
0.0033378461538461535
0.03275261538461539
0.03838523076923077
0.03901107692307692
0.06717415384615384
0.09930092307692308
0.11411261538461538
0.09846646153846153
0.042348923076923076
-0.018775384615384614
-0.04193169230769231
-0.035464615384615386
-0.01981846153846154
-0.0022947692307692304
0.008344615384615384
0.047772923076923074
0.10180430769230768
0.1368516923076923
0.138312
0.06967753846153846
-0.007301538461538462
-0.03400430769230769
-0.02524246153846154
0.010848
0.037342153846153844
0.05674338461538461
0.0798996923076923
0.10639384615384614
0.138312
0.12808984615384614
0.07656184615384615
0.0025033846153846152
-0.05382276923076923
-0.06800861538461538
-0.05862092307692307
-0.03275261538461539
-0.019192615384615384
0.0016689230769230767
0.04714707692307692
0.09262523076923077
0.124752
0.116616
0.06967753846153846
0.006258461538461538
-0.04172307692307692
-0.04568676923076923
-0.040054153846153843
-0.037342153846153844
-0.044435076923076924
-0.04088861538461538
-0.004589538461538461
0.03024923076923077
0.05653476923076922
0.04547815384615384
0.018358153846153843
0.009804923076923077
0.022947692307692308
0.05069353846153846
0.04839876923076923
0.031918153846153846
0.023364923076923075
0.024199384615384616
0.04965046153846154
0.058412307692307694
0.03483876923076923
-0.021278769230769233
-0.07572738461538461
-0.07238953846153846
-0.03379569230769231
0.02586830769230769
0.06571384615384615
0.07572738461538461
0.07614461538461538
0.07614461538461538
0.07697907692307693
0.048816000000000005
0.009387692307692307
-0.024616615384615383
-0.03442153846153846
-0.0077187692307692304
0.013768615384615384
0.023782153846153845
0.010013538461538461
-0.013351384615384614
-0.0014603076923076922
0.031918153846153846
0.06383630769230769
0.065088
0.048816000000000005
0.03755076923076923
0.03775938461538462
0.054240000000000003
0.05924676923076923
0.04965046153846154
0.01668923076923077
-0.008970461538461538
0.01981846153846154
0.05862092307692307
0.07030338461538461
0.06800861538461538
0.05757784615384615
0.045895384615384616
0.04652123076923077
0.04985907692307692
0.03337846153846154
0.0018775384615384615
-0.031918153846153846
-0.04088861538461538
-0.02858030769230769
-0.010639384615384617
0.011473846153846154
0.024408000000000003
0.050067692307692306
0.09095630769230768
0.12433476923076923
0.13080184615384613
0.09262523076923077
0.03129230769230769
-0.010222153846153844
-0.021487384615384613
-0.008136
0.0008344615384615384
-0.001043076923076923
0.007301538461538462
0.023364923076923075
0.06675692307692307
0.0961716923076923
0.07656184615384615
0.01668923076923077
-0.04693846153846153
-0.06946892307692307
-0.06759138461538462
-0.03400430769230769
0.003755076923076923
0.021278769230769233
0.04047138461538462
0.04756430769230769
0.03609046153846154
0.006884307692307692
-0.04672984615384615
-0.09825784615384614
-0.12120553846153845
-0.11265230769230769
-0.08302892307692307
-0.05820369230769231
-0.029832
0.0022947692307692304
0.04318338461538461
0.08094276923076923
0.08177723076923075
0.053614153846153846
-0.014603076923076923
-0.073224
-0.08761846153846153
-0.07593599999999999
-0.03588184615384615
-0.0002086153846153846
0.03880246153846154
0.07885661538461539
0.10159569230769232
0.111192
0.08010830769230769
0.013142769230769229
-0.058412307692307694
-0.09241661538461539
-0.07364123076923076
-0.02795446153846154
0.03233538461538461
0.08782707692307692
0.11202646153846153
0.11473846153846154
0.09304246153846155
0.04172307692307692
-0.020652923076923076
