-0.01272553846153846
0.0004172307692307692
0.021696
0.03296123076923077
0.01397723076923077
-0.018983999999999997
-0.031918153846153846
-0.006049846153846154
0.035255999999999996
0.053614153846153846
0.03588184615384615
0.0006258461538461538
-0.02211323076923077
-0.013560000000000001
0.01272553846153846
0.012308307692307691
-0.011473846153846154
-0.031709538461538456
-0.026076923076923077
0.007510153846153846
0.03296123076923077
0.03066646153846154
-0.0077187692307692304
-0.053614153846153846
-0.06154153846153846
-0.028788923076923077
0.003963692307692307
-0.0012516923076923076
-0.026076923076923077
-0.037967999999999995
-0.025033846153846153
0.00855323076923077
0.03379569230769231
0.004798153846153846
-0.03567323076923076
-0.047772923076923074
-0.03483876923076923
0.008136
0.03609046153846154
0.04839876923076923
0.05298830769230769
0.07134646153846153
0.09429415384615383
0.09137353846153846
0.06738276923076922
0.009804923076923077
-0.018358153846153843
0.005215384615384615
0.049233230769230765
0.08636676923076922
0.08845292307692308
0.08323753846153846
0.09429415384615383
0.11578153846153846
0.13455692307692307
0.11140061538461538
0.040054153846153843
-0.02586830769230769
-0.06571384615384615
-0.05298830769230769
-0.009596307692307692
0.029206153846153847
0.065088
0.07739630769230768
0.09095630769230768
0.100344
0.09408553846153846
0.04944184615384615
-0.030040615384615384
-0.09262523076923077
-0.1097316923076923
-0.06258461538461538
-0.0077187692307692304
0.034630153846153845
0.06988615384615385
0.10722830769230769
0.14999446153846155
0.16480615384615382
0.1368516923076923
0.07072061538461538
-0.0050067692307692304
-0.051528
-0.03984553846153846
-0.003963692307692307
0.04172307692307692
0.07405846153846153
0.09450276923076922
0.12016246153846154
0.11745046153846153
0.09533723076923077
0.034630153846153845
-0.03504738461538461
-0.07760492307692309
-0.07656184615384615
-0.03066646153846154
0.011891076923076923
0.05528307692307692
0.07948246153846153
0.09992676923076924
0.10743692307692307
0.07009476923076922
0.006049846153846154
-0.07551876923076924
-0.1207883076923077
-0.11619876923076923
-0.08365476923076923
-0.03024923076923077
0.03442153846153846
0.08115138461538463
0.09930092307692308
0.11432123076923076
0.11327815384615383
0.07092923076923077
-0.0008344615384615384
-0.07197230769230768
-0.10639384615384614
-0.08135999999999999
-0.018983999999999997
0.06446215384615385
0.13622584615384614
0.17148184615384612
0.184416
0.165432
0.12245723076923076
0.04839876923076923
-0.04902461538461538
-0.111192
-0.10868861538461538
-0.06446215384615385
-0.011265230769230769
0.033169846153846154
0.06988615384615385
0.11035753846153845
0.11891076923076922
0.09533723076923077
0.04109723076923077
-0.04714707692307692
-0.11911938461538461
-0.1506203076923077
-0.12788123076923075
-0.0880356923076923
-0.04902461538461538
-0.010013538461538461
0.012099692307692308
0.03692492307692308
0.04819015384615385
0.02273907692307692
-0.02858030769230769
-0.09408553846153846
-0.13893784615384613
-0.12955015384615384
-0.09700615384615385
-0.041514461538461535
0.03337846153846154
0.08219446153846154
0.12266584615384615
0.14582215384615385
0.11807630769230769
0.045060923076923075
-0.05277969230769231
-0.1316363076923077
-0.15667015384615385
-0.12788123076923075
-0.056951999999999996
0.02899753846153846
0.08824430769230769
0.1353913846153846
0.1666836923076923
0.15917353846153848
0.11640738461538462
0.03275261538461539
-0.043392
-0.08302892307692307
-0.07134646153846153
-0.025033846153846153
0.016480615384615385
0.06696553846153847
0.11223507692307692
0.1489513846153846
0.1802436923076923
0.17023015384615386
0.11578153846153846
0.033169846153846154
-0.04214030769230769
-0.0678
-0.051528
-0.017523692307692306
0.04130584615384615
0.10555938461538462
0.15208061538461537
0.1869193846153846
0.18963138461538462
0.1531236923076923
0.07364123076923076
-0.016897846153846156
-0.06988615384615385
-0.078648
-0.04944184615384615
-0.009179076923076922
0.035464615384615386
0.086784
0.13643446153846153
0.15792184615384616
0.130176
0.06738276923076922
-0.011473846153846154
-0.07030338461538461
-0.08344615384615384
-0.06592246153846154
-0.03755076923076923
-0.0077187692307692304
0.024616615384615383
0.06884307692307692
0.09095630769230768
0.07510153846153846
0.023782153846153845
-0.051528
-0.09658892307692307
-0.10138707692307691
-0.065088
-0.009179076923076922
0.03838523076923077
0.06946892307692307
0.07969107692307692
0.10409907692307692
0.111192
0.08052553846153847
0.021278769230769233
-0.06905169230769231
-0.12767261538461538
-0.15291507692307693
-0.1543753846153846
-0.12767261538461538
-0.10514215384615383
-0.06404492307692307
-0.011891076923076923
0.037342153846153844
0.06028984615384615
0.03337846153846154
-0.021278769230769233
-0.08699261538461538
-0.11995384615384615
-0.1151556923076923
-0.09658892307692307
