0.034630153846153845
0.05778646153846154
0.07781353846153846
0.09053907692307692
0.07280676923076923
0.010848
-0.07197230769230768
-0.12516923076923075
-0.13121907692307694
-0.07802215384615384
-0.010848
0.03692492307692308
0.07802215384615384
0.10910584615384614
0.11494707692307692
0.09053907692307692
0.03775938461538462
-0.04568676923076923
-0.1397723076923077
-0.1913003076923077
-0.18337292307692307
-0.1368516923076923
-0.06446215384615385
-0.004172307692307692
0.05862092307692307
0.11745046153846153
0.12642092307692307
0.10514215384615383
0.03400430769230769
-0.05820369230769231
-0.11223507692307692
-0.1287156923076923
-0.09512861538461538
-0.04318338461538461
0.014811692307692307
0.07280676923076923
0.11557292307692307
0.15103753846153847
0.15270646153846154
0.100344
0.02545107692307692
-0.03421292307692308
-0.05298830769230769
-0.028163076923076923
0.006675692307692307
0.04652123076923077
0.078648
0.11265230769230769
0.15333230769230768
0.16418030769230768
0.13935507692307691
0.06946892307692307
-0.023364923076923075
-0.0892873846153846
-0.09512861538461538
-0.04902461538461538
0.013768615384615384
0.07843938461538462
0.12725538461538463
0.16292861538461537
0.1804523076923077
0.15917353846153848
0.09596307692307693
-0.005215384615384615
-0.07697907692307693
-0.07489292307692308
-0.03775938461538462
0.003129230769230769
0.045895384615384616
0.08699261538461538
0.11432123076923076
0.13622584615384614
0.15333230769230768
0.13038461538461538
0.061124307692307686
-0.010013538461538461
-0.04547815384615384
-0.03337846153846154
0.0050067692307692304
0.03692492307692308
0.06946892307692307
0.09450276923076922
0.10910584615384614
0.116616
0.08615815384615384
0.021278769230769233
-0.054657230769230764
-0.10201292307692307
-0.09950953846153845
-0.05799507692307692
-0.01397723076923077
0.00855323076923077
0.02753723076923077
0.04380923076923077
0.073224
0.092208
0.06988615384615385
0.023782153846153845
-0.04276615384615385
-0.086784
-0.09095630769230768
-0.08344615384615384
-0.06926030769230769
-0.06529661538461538
-0.05507446153846154
-0.016272
0.02211323076923077
0.034630153846153845
0.0029206153846153843
-0.04839876923076923
-0.07155507692307693
-0.07259815384615384
-0.048816000000000005
-0.03024923076923077
-0.021278769230769233
0.007510153846153846
0.027328615384615382
0.06133292307692308
0.07969107692307692
0.03880246153846154
-0.010639384615384617
-0.05444861538461539
-0.06675692307692307
-0.04109723076923077
-0.018983999999999997
0.004589538461538461
0.01856676923076923
0.04526953846153846
0.10493353846153847
0.14519630769230768
0.14060676923076923
0.09763200000000001
0.03379569230769231
-0.015020307692307692
-0.02524246153846154
-0.012308307692307691
0.012308307692307691
0.027745846153846152
0.040262769230769234
0.06863446153846153
0.09429415384615383
0.09137353846153846
0.04965046153846154
-0.00855323076923077
-0.061750153846153844
-0.08073415384615384
-0.06425353846153846
-0.046104
-0.043392
-0.037342153846153844
-0.012308307692307691
0.03150092307692308
0.06863446153846153
0.05736923076923077
0.011056615384615385
-0.05653476923076922
-0.1028473846153846
-0.09304246153846155
-0.06884307692307692
-0.05319692307692307
-0.04172307692307692
-0.02211323076923077
0.015020307692307692
0.051528
0.05590892307692308
0.026494153846153844
-0.022947692307692308
-0.06759138461538462
-0.07113784615384615
-0.05194523076923077
-0.03337846153846154
-0.013768615384615384
-0.009179076923076922
0.02211323076923077
0.07113784615384615
0.09408553846153846
0.0855323076923077
0.025659692307692307
-0.035255999999999996
-0.07259815384615384
-0.08094276923076923
-0.059872615384615385
-0.04568676923076923
-0.021696
0.01710646153846154
0.07197230769230768
0.13101046153846155
0.13706030769230768
0.09763200000000001
0.03880246153846154
-0.009596307692307692
-0.020652923076923076
-0.024408000000000003
-0.02357353846153846
-0.024408000000000003
-0.023364923076923075
0.0022947692307692304
0.03609046153846154
0.07134646153846153
0.06759138461538462
0.019192615384615384
-0.022947692307692308
-0.03609046153846154
-0.013142769230769229
-0.0035464615384615383
-0.0035464615384615383
0.009804923076923077
0.025659692307692307
0.065088
0.08365476923076923
0.078648
0.04860738461538461
-0.00855323076923077
-0.018358153846153843
-0.005841230769230769
0.01814953846153846
0.03880246153846154
0.037967999999999995
0.04860738461538461
0.06633969230769231
0.11202646153846153
0.132888
0.09679753846153846
0.03921969230769231
-0.021070153846153846
-0.030040615384615384
-0.012934153846153845
0.016272
0.042557538461538466
0.048816000000000005
0.07927384615384615
0.09596307692307693
0.084072
0.032544
-0.04985907692307692
-0.09909230769230769
-0.12245723076923076
-0.10806276923076923
-0.07113784615384615
-0.05757784615384615
-0.049233230769230765
-0.03421292307692308
-0.0043809230769230765
0.03233538461538461
