0.06195876923076923
-0.01397723076923077
-0.059872615384615385
-0.0717636923076923
-0.05382276923076923
-0.014185846153846153
0.014603076923076923
0.045895384615384616
0.0771876923076923
0.10013538461538461
0.12245723076923076
0.10889723076923077
0.06341907692307691
0.02044430769230769
-0.0002086153846153846
0.016897846153846156
0.04172307692307692
0.0771876923076923
0.09971815384615385
0.10535076923076922
0.12704676923076924
0.13998092307692306
0.12767261538461538
0.06592246153846154
-0.0035464615384615383
-0.03629907692307692
-0.026285538461538457
0.02524246153846154
0.07739630769230768
0.12725538461538463
0.15792184615384616
0.16772676923076923
0.16772676923076923
0.1356
0.06487938461538462
-0.03045784615384615
-0.09930092307692308
-0.12224861538461537
-0.08699261538461538
-0.013560000000000001
0.042974769230769226
0.0855323076923077
0.11849353846153846
0.15124615384615384
0.15374953846153847
0.10243015384615384
0.014811692307692307
-0.08866153846153846
-0.15395815384615386
-0.15270646153846154
-0.09721476923076922
-0.029623384615384614
0.02357353846153846
0.07656184615384615
0.10827138461538462
0.10910584615384614
0.0892873846153846
0.027120000000000002
-0.05194523076923077
-0.11306953846153844
-0.12391753846153845
-0.08198584615384615
-0.035464615384615386
0.01043076923076923
0.03358707692307692
0.04839876923076923
0.06675692307692307
0.05111076923076923
0.006884307692307692
-0.07197230769230768
-0.14290153846153844
-0.16730953846153845
-0.15124615384615384
-0.09596307692307693
-0.037342153846153844
0.01940123076923077
0.05736923076923077
0.07656184615384615
0.08428061538461538
0.05173661538461538
-0.002712
-0.07405846153846153
-0.11745046153846153
-0.11244369230769231
-0.07760492307692309
-0.011056615384615385
0.040054153846153843
0.07468430769230769
0.09825784615384614
0.11640738461538462
0.119328
0.08469784615384615
0.03671630769230769
-0.017523692307692306
-0.040679999999999994
-0.016063384615384615
0.033169846153846154
0.07739630769230768
0.08761846153846153
0.09325107692307691
0.09846646153846153
0.07238953846153846
0.013142769230769229
-0.07238953846153846
-0.14874276923076923
-0.19860184615384616
-0.20465169230769228
-0.1449876923076923
-0.08720123076923077
-0.04756430769230769
-0.015228923076923076
0.008761846153846153
0.03483876923076923
0.020652923076923076
-0.024199384615384616
-0.09095630769230768
-0.1489513846153846
-0.14582215384615385
-0.10159569230769232
-0.052571076923076915
-0.03212676923076923
-0.016063384615384615
0.005215384615384615
0.03755076923076923
0.06633969230769231
0.04547815384615384
0.009179076923076922
-0.03838523076923077
-0.05382276923076923
-0.03567323076923076
-0.018358153846153843
0.017315076923076923
0.03024923076923077
0.04214030769230769
0.06738276923076922
0.08219446153846154
0.078648
0.025659692307692307
-0.04652123076923077
-0.0880356923076923
-0.08782707692307692
-0.06008123076923077
-0.023782153846153845
0.008136
0.023782153846153845
0.04631261538461538
0.08094276923076923
0.100344
0.08428061538461538
0.03650769230769231
-0.0070929230769230765
-0.031918153846153846
-0.018358153846153843
0.015854769230769228
0.032544
0.03609046153846154
0.0446436923076923
0.08490646153846154
0.11390399999999999
0.10368184615384615
0.06529661538461538
0.0077187692307692304
-0.026494153846153844
-0.03567323076923076
-0.02023569230769231
0.011056615384615385
0.021696
0.03650769230769231
0.07134646153846153
0.10827138461538462
0.12579507692307693
0.08636676923076922
0.012308307692307691
-0.05945538461538461
-0.10138707692307691
-0.0934596923076923
-0.07551876923076924
-0.05653476923076922
-0.03588184615384615
-0.005424
0.04526953846153846
0.08156861538461539
0.08240307692307691
0.04902461538461538
0.013351384615384614
-0.02232184615384615
-0.01814953846153846
0.007301538461538462
0.015854769230769228
0.02357353846153846
0.019192615384615384
0.04714707692307692
0.07823076923076923
0.08845292307692308
0.07009476923076922
0.02315630769230769
-0.006049846153846154
-0.021487384615384613
-0.009179076923076922
-0.0014603076923076922
-0.00855323076923077
-0.0004172307692307692
0.003963692307692307
0.035464615384615386
0.06279323076923077
0.04172307692307692
0.008761846153846153
-0.038176615384615385
-0.059038153846153844
-0.04693846153846153
-0.031918153846153846
-0.0014603076923076922
0.02086153846153846
0.05757784615384615
0.10243015384615384
0.13476553846153844
0.14749107692307692
0.10159569230769232
0.044435076923076924
-0.003755076923076923
-0.015646153846153844
0.010639384615384617
0.01856676923076923
0.03296123076923077
0.04839876923076923
0.09053907692307692
0.15896492307692306
0.18983999999999998
0.1873366153846154
0.14060676923076923
0.08866153846153846
0.05444861538461539
0.017523692307692306
0.0012516923076923076
-0.027745846153846152
-0.049233230769230765
-0.03129230769230769
0.002712
0.04631261538461538
0.04839876923076923
0.009804923076923077
-0.024199384615384616
-0.05507446153846154
-0.05862092307692307
