-0.078648
-0.056326153846153845
-0.05298830769230769
-0.05570030769230769
-0.06988615384615385
-0.05945538461538461
-0.028163076923076923
-0.003129230769230769
-0.008344615384615384
-0.04631261538461538
-0.07531015384615385
-0.08302892307692307
-0.06759138461538462
-0.06133292307692308
-0.06446215384615385
-0.07280676923076923
-0.06341907692307691
-0.01856676923076923
0.027745846153846152
0.041514461538461535
-0.0070929230769230765
-0.06717415384615384
-0.09721476923076922
-0.09158215384615384
-0.05820369230769231
-0.03379569230769231
-0.017523692307692306
0.006884307692307692
0.053405538461538456
0.11745046153846153
0.14874276923076923
0.12683815384615382
0.06759138461538462
-0.002086153846153846
-0.02795446153846154
-0.022947692307692308
-0.0077187692307692304
-0.0012516923076923076
-0.005424
0.028371692307692306
0.07635323076923077
0.12245723076923076
0.12850707692307692
0.08198584615384615
0.02858030769230769
-0.017940923076923077
-0.015228923076923076
0.0018775384615384615
0.009179076923076922
0.010848
-0.0025033846153846152
0.01981846153846154
0.05298830769230769
0.05570030769230769
0.02545107692307692
-0.03859384615384615
-0.08323753846153846
-0.08699261538461538
-0.06613107692307692
-0.02273907692307692
0.004589538461538461
0.02086153846153846
0.05298830769230769
0.084072
0.10660246153846153
0.09137353846153846
0.03859384615384615
-0.016897846153846156
-0.03692492307692308
-0.02023569230769231
0.003963692307692307
0.02858030769230769
0.03379569230769231
0.04965046153846154
0.07280676923076923
0.08386338461538462
0.08302892307692307
0.04422646153846154
-0.0018775384615384615
-0.02023569230769231
-0.0043809230769230765
0.04318338461538461
0.07259815384615384
0.06696553846153847
0.05736923076923077
0.04318338461538461
0.04172307692307692
0.03692492307692308
-0.006884307692307692
-0.049233230769230765
-0.06821723076923077
-0.053405538461538456
0.0008344615384615384
0.05194523076923077
0.07301538461538462
0.07051199999999999
0.05236246153846154
0.04193169230769231
0.03567323076923076
0.017940923076923077
-0.004798153846153846
-0.03400430769230769
-0.03045784615384615
0.005215384615384615
0.03921969230769231
0.062376
0.05319692307692307
0.03755076923076923
0.043600615384615383
0.06216738461538462
0.07551876923076924
0.06675692307692307
0.035464615384615386
0.015854769230769228
0.02023569230769231
0.03108369230769231
0.04109723076923077
0.020652923076923076
-0.017732307692307693
-0.029414769230769227
-0.014603076923076923
-0.007301538461538462
-0.010639384615384617
-0.016480615384615385
-0.028163076923076923
-0.014603076923076923
0.040262769230769234
0.10201292307692307
0.10994030769230768
0.05736923076923077
-0.0002086153846153846
-0.028788923076923077
-0.028371692307692306
-0.021070153846153846
-0.02545107692307692
-0.03838523076923077
-0.04902461538461538
-0.024408000000000003
0.02273907692307692
0.04985907692307692
0.06467076923076923
0.050067692307692306
0.03692492307692308
0.053405538461538456
0.08052553846153847
0.10076123076923077
0.08615815384615384
0.06759138461538462
0.05590892307692308
0.06028984615384615
0.055491692307692304
0.03045784615384615
0.0033378461538461535
-0.03108369230769231
-0.033169846153846154
-0.008136
0.03275261538461539
0.06863446153846153
0.07635323076923077
0.07781353846153846
0.07948246153846153
0.07843938461538462
0.065088
0.015228923076923076
-0.037342153846153844
-0.059664
-0.05298830769230769
-0.021278769230769233
0.0050067692307692304
0.03066646153846154
0.037342153846153844
0.041514461538461535
0.05528307692307692
0.04756430769230769
0.017940923076923077
-0.04109723076923077
-0.07468430769230769
-0.07489292307692308
-0.04902461538461538
0.0035464615384615383
0.05194523076923077
0.08907876923076924
0.09179076923076923
0.084072
0.06592246153846154
0.021487384615384613
-0.041514461538461535
-0.10180430769230768
-0.11619876923076923
-0.09679753846153846
-0.05924676923076923
-0.008761846153846153
0.030040615384615384
0.06633969230769231
0.10722830769230769
0.1316363076923077
0.12204
0.06654830769230768
0.005424
-0.04422646153846154
-0.07301538461538462
-0.06446215384615385
-0.042974769230769226
-0.008136
0.02482523076923077
0.06487938461538462
0.08469784615384615
0.07238953846153846
0.04735569230769231
-0.016897846153846156
-0.06487938461538462
-0.07969107692307692
-0.05486584615384615
-0.011265230769230769
0.019609846153846155
0.05027630769230769
0.07572738461538461
0.10368184615384615
0.10785415384615385
0.08031692307692308
0.018775384615384614
-0.05236246153846154
-0.09950953846153845
-0.1097316923076923
-0.07468430769230769
-0.015020307692307692
0.037967999999999995
0.0934596923076923
0.1462393846153846
0.16835261538461538
0.15500123076923078
0.09074769230769231
-0.005841230769230769
-0.08699261538461538
-0.10743692307692307
-0.08428061538461538
-0.054657230769230764
-0.009387692307692307
0.027745846153846152
0.07134646153846153
0.11411261538461538
0.12683815384615382
0.10889723076923077
0.03629907692307692
