0.12558646153846154
0.13998092307692306
0.14018953846153845
0.10117846153846152
0.0050067692307692304
-0.07885661538461539
-0.13205353846153844
-0.13914646153846155
-0.09241661538461539
-0.03671630769230769
0.025033846153846153
0.07635323076923077
0.09846646153846153
0.09909230769230769
0.05820369230769231
-0.016897846153846156
-0.10785415384615385
-0.17023015384615386
-0.17732307692307692
-0.13330523076923076
-0.06133292307692308
0.003129230769230769
0.06133292307692308
0.0974233846153846
0.13226215384615383
0.14144123076923076
0.08761846153846153
0.002086153846153846
-0.086784
-0.119328
-0.09992676923076924
-0.03692492307692308
0.04318338461538461
0.09763200000000001
0.15374953846153847
0.19442953846153843
0.19839323076923077
0.15813046153846153
0.08115138461538463
-0.002086153846153846
-0.06133292307692308
-0.07051199999999999
-0.042557538461538466
-0.014185846153846153
0.020652923076923076
0.059664
0.08636676923076922
0.08699261538461538
0.05507446153846154
0.00855323076923077
-0.08469784615384615
-0.15667015384615385
-0.1693956923076923
-0.14311015384615386
-0.0798996923076923
-0.021278769230769233
0.04985907692307692
0.08761846153846153
0.09387692307692307
0.0826116923076923
0.035464615384615386
-0.027745846153846152
-0.08574092307692306
-0.09554584615384615
-0.086784
-0.05528307692307692
-0.0014603076923076922
0.041514461538461535
0.08636676923076922
0.10910584615384614
0.12266584615384615
0.11327815384615383
0.06717415384615384
0.021904615384615383
-0.027745846153846152
-0.03692492307692308
-0.011473846153846154
0.010013538461538461
0.03942830769230769
0.059038153846153844
0.08824430769230769
0.11244369230769231
0.10159569230769232
0.0609156923076923
-0.0016689230769230767
-0.05528307692307692
-0.08887015384615385
-0.07134646153846153
-0.034630153846153845
-0.007510153846153846
0.026494153846153844
0.051528
0.08615815384615384
0.103056
0.08824430769230769
0.049233230769230765
-0.0004172307692307692
-0.025033846153846153
-0.020652923076923076
0.0035464615384615383
0.003755076923076923
0.008136
0.02795446153846154
0.054240000000000003
0.09053907692307692
0.09763200000000001
0.08636676923076922
0.04047138461538462
0.0016689230769230767
0.003129230769230769
0.02357353846153846
0.04547815384615384
0.041514461538461535
0.031709538461538456
0.027328615384615382
0.04401784615384615
0.07092923076923077
0.07092923076923077
0.042557538461538466
0.004589538461538461
-0.01981846153846154
-0.01981846153846154
-0.021070153846153846
-0.02545107692307692
-0.03024923076923077
-0.023782153846153845
0.017315076923076923
0.055491692307692304
0.07802215384615384
0.05653476923076922
-0.0014603076923076922
-0.03692492307692308
-0.05277969230769231
-0.03692492307692308
-0.029623384615384614
-0.04714707692307692
-0.02858030769230769
0.021278769230769233
0.08615815384615384
0.12662953846153846
0.11202646153846153
0.05507446153846154
-0.014185846153846153
-0.04547815384615384
-0.031709538461538456
-0.012308307692307691
-0.01668923076923077
-0.04088861538461538
-0.05048492307692308
-0.024408000000000003
0.009179076923076922
0.02899753846153846
0.02357353846153846
-0.014185846153846153
-0.05507446153846154
-0.05444861538461539
-0.026285538461538457
-0.012308307692307691
-0.01940123076923077
-0.024199384615384616
0.005424
0.05048492307692308
0.08949599999999999
0.08907876923076924
0.042348923076923076
-0.006467076923076923
-0.04380923076923077
-0.04568676923076923
-0.04088861538461538
-0.04109723076923077
-0.015854769230769228
0.028163076923076923
0.0880356923076923
0.143736
0.1612596923076923
0.11452984615384615
0.05111076923076923
0.005841230769230769
-0.01397723076923077
-0.0002086153846153846
-0.0018775384615384615
-0.0029206153846153843
0.006258461538461538
0.027328615384615382
0.07343261538461537
0.08511507692307693
0.06133292307692308
0.014185846153846153
-0.042974769230769226
-0.055491692307692304
-0.04318338461538461
-0.03442153846153846
-0.031709538461538456
-0.023990769230769232
0.01043076923076923
0.06028984615384615
0.0974233846153846
0.092208
0.04568676923076923
-0.009596307692307692
-0.04318338461538461
-0.03838523076923077
-0.011682461538461537
-0.008970461538461538
-0.018775384615384614
-0.009804923076923077
0.027328615384615382
0.08135999999999999
0.10055261538461538
0.07927384615384615
0.03337846153846154
-0.006884307692307692
-0.019609846153846155
-0.00855323076923077
0.009179076923076922
0.008136
0.014811692307692307
0.03233538461538461
0.05507446153846154
0.07134646153846153
0.038176615384615385
-0.02315630769230769
-0.0826116923076923
-0.12120553846153845
-0.10514215384615383
-0.056326153846153845
-0.013142769230769229
0.009179076923076922
0.001043076923076923
0.01272553846153846
0.04047138461538462
0.04547815384615384
0.026702769230769228
-0.02482523076923077
-0.04568676923076923
-0.023364923076923075
0.010848
0.018775384615384614
-0.016272
-0.026285538461538457
-0.014603076923076923
0.01272553846153846
0.01981846153846154
-0.00855323076923077
