0.09012184615384615
0.09971815384615385
0.09596307692307693
0.06717415384615384
0.020652923076923076
-0.051319384615384614
-0.12704676923076924
-0.15270646153846154
-0.12850707692307692
-0.06926030769230769
-0.006049846153846154
0.041514461538461535
0.07426707692307692
0.08198584615384615
0.07051199999999999
0.02357353846153846
-0.05570030769230769
-0.119328
-0.14853415384615384
-0.13247076923076923
-0.07051199999999999
-0.006884307692307692
0.048816000000000005
0.09033046153846153
0.10576799999999999
0.11181784615384616
0.08991323076923076
0.03108369230769231
-0.042557538461538466
-0.08720123076923077
-0.09074769230769231
-0.05528307692307692
0.02545107692307692
0.09930092307692308
0.15166338461538462
0.1777403076923077
0.1733593846153846
0.14603076923076924
0.07781353846153846
-0.008970461538461538
-0.07510153846153846
-0.10535076923076922
-0.09512861538461538
-0.047772923076923074
-0.0008344615384615384
0.04965046153846154
0.10576799999999999
0.1489513846153846
0.1775316923076923
0.1639716923076923
0.10055261538461538
0.02211323076923077
-0.02482523076923077
-0.028788923076923077
0.020652923076923076
0.09700615384615385
0.14978584615384616
0.1869193846153846
0.208824
0.2056947692307692
0.168144
0.0892873846153846
-0.011473846153846154
-0.08094276923076923
-0.0853236923076923
-0.03921969230769231
0.03024923076923077
0.084072
0.11578153846153846
0.14123261538461537
0.1637630769230769
0.165432
0.12579507692307693
0.04130584615384615
-0.06383630769230769
-0.11223507692307692
-0.119328
-0.10326461538461539
-0.05799507692307692
-0.022530461538461537
0.008344615384615384
0.03880246153846154
0.06571384615384615
0.07155507692307693
0.025659692307692307
-0.05611753846153846
-0.10806276923076923
-0.12433476923076923
-0.10222153846153846
-0.04401784615384615
0.008344615384615384
0.06675692307692307
0.10368184615384615
0.12162276923076921
0.11578153846153846
0.05528307692307692
-0.010848
-0.07510153846153846
-0.11807630769230769
-0.12016246153846154
-0.09533723076923077
-0.03921969230769231
0.01981846153846154
0.07697907692307693
0.13205353846153844
0.16334584615384617
0.1543753846153846
0.0853236923076923
-0.01814953846153846
-0.10159569230769232
-0.12642092307692307
-0.10681107692307691
-0.08344615384615384
-0.07113784615384615
-0.05277969230769231
-0.01981846153846154
0.01272553846153846
0.028163076923076923
0.01940123076923077
-0.012308307692307691
-0.04819015384615385
-0.05799507692307692
-0.026285538461538457
0.011473846153846154
0.03108369230769231
0.05048492307692308
0.07218092307692307
0.10493353846153847
0.13226215384615383
0.11974523076923077
0.05444861538461539
-0.02232184615384615
-0.0717636923076923
-0.07656184615384615
-0.03650769230769231
0.018775384615384614
0.07969107692307692
0.12245723076923076
0.15124615384615384
0.17481969230769231
0.1733593846153846
0.12725538461538463
0.03755076923076923
-0.054657230769230764
-0.10743692307692307
-0.10848000000000001
-0.07635323076923077
-0.03775938461538462
-0.014394461538461538
-0.0018775384615384615
0.02357353846153846
0.05653476923076922
0.058412307692307694
0.02586830769230769
-0.021696
-0.054240000000000003
-0.05277969230769231
-0.035255999999999996
-0.011265230769230769
-0.00855323076923077
-0.005424
0.018983999999999997
0.051528
0.078648
0.04985907692307692
-0.004798153846153846
-0.05382276923076923
-0.07531015384615385
-0.05194523076923077
-0.03275261538461539
-0.017940923076923077
-0.007301538461538462
0.0022947692307692304
0.04672984615384615
0.08699261538461538
0.08761846153846153
0.05277969230769231
0.0029206153846153843
-0.02211323076923077
-0.021487384615384613
-0.00855323076923077
0.005215384615384615
0.01814953846153846
0.03629907692307692
0.06529661538461538
0.11202646153846153
0.13121907692307694
0.08490646153846154
0.01856676923076923
-0.035464615384615386
-0.05528307692307692
-0.025033846153846153
0.013768615384615384
0.04672984615384615
0.065088
0.09491999999999999
0.14519630769230768
0.1666836923076923
0.14290153846153844
0.08156861538461539
0.02357353846153846
-0.01814953846153846
-0.040679999999999994
-0.03400430769230769
-0.030040615384615384
-0.03483876923076923
-0.011265230769230769
0.04214030769230769
0.09930092307692308
0.12245723076923076
0.0880356923076923
0.03358707692307692
-0.017315076923076923
-0.04380923076923077
-0.04214030769230769
-0.053614153846153846
-0.07843938461538462
-0.07551876923076924
-0.031709538461538456
0.03713353846153846
0.09387692307692307
0.08156861538461539
0.023990769230769232
-0.040679999999999994
-0.07572738461538461
-0.05778646153846154
-0.04568676923076923
-0.04130584615384615
-0.03880246153846154
-0.02044430769230769
0.02357353846153846
0.05382276923076923
0.054240000000000003
0.0008344615384615384
-0.08699261538461538
-0.1462393846153846
-0.15249784615384615
-0.12037107692307693
-0.07927384615384615
-0.053614153846153846
-0.025033846153846153
0.01814953846153846
0.05570030769230769
0.06759138461538462
