0.04672984615384615
0.06467076923076923
0.07155507692307693
0.03066646153846154
-0.009596307692307692
-0.029206153846153847
-0.015228923076923076
0.026285538461538457
0.02273907692307692
0.011265230769230769
0.010639384615384617
0.03421292307692308
0.09012184615384615
0.10514215384615383
0.08657538461538461
0.04109723076923077
0.0035464615384615383
-0.002086153846153846
-0.003129230769230769
0.008136
-0.011473846153846154
-0.037342153846153844
-0.03588184615384615
-0.0006258461538461538
0.040679999999999994
0.017940923076923077
-0.03045784615384615
-0.10263876923076923
-0.13476553846153844
-0.10243015384615384
-0.07948246153846153
-0.03609046153846154
-0.02858030769230769
-0.042974769230769226
-0.02586830769230769
0.008344615384615384
0.03984553846153846
-0.003129230769230769
-0.06300184615384616
-0.09074769230769231
-0.09179076923076923
-0.06529661538461538
-0.05236246153846154
-0.042348923076923076
-0.05653476923076922
-0.048816000000000005
0.0025033846153846152
0.026494153846153844
0.03442153846153846
-0.0014603076923076922
-0.04547815384615384
-0.07134646153846153
-0.07343261538461537
-0.05736923076923077
-0.0771876923076923
-0.08156861538461539
-0.07030338461538461
-0.03337846153846154
0.03275261538461539
0.042348923076923076
0.017732307692307693
-0.026702769230769228
-0.05924676923076923
-0.04109723076923077
-0.03880246153846154
-0.03755076923076923
-0.059038153846153844
-0.07197230769230768
-0.043600615384615383
-0.020652923076923076
0.02753723076923077
0.025659692307692307
-0.011891076923076923
-0.03609046153846154
-0.04318338461538461
0.005424
0.047772923076923074
0.08302892307692307
0.07697907692307693
0.04172307692307692
0.06258461538461538
0.07468430769230769
0.07948246153846153
0.05945538461538461
0.015228923076923076
0.012099692307692308
0.02545107692307692
0.061750153846153844
0.07551876923076924
0.058829538461538454
0.061124307692307686
0.08031692307692308
0.12725538461538463
0.15771323076923077
0.1504116923076923
0.10889723076923077
0.04839876923076923
0.03045784615384615
0.03483876923076923
0.03755076923076923
0.018983999999999997
-0.014185846153846153
-0.018983999999999997
0.014185846153846153
0.08761846153846153
0.130176
0.13080184615384613
0.1136953846153846
0.084072
0.09909230769230769
0.1151556923076923
0.09471138461538461
0.059872615384615385
0.020652923076923076
0.026076923076923077
0.05653476923076922
0.0826116923076923
0.08156861538461539
0.043600615384615383
0.02232184615384615
0.026494153846153844
0.04839876923076923
0.03880246153846154
0.006258461538461538
-0.013560000000000001
-0.026285538461538457
0.011891076923076923
0.06821723076923077
0.11140061538461538
0.132888
0.11140061538461538
0.08574092307692306
0.06800861538461538
0.05027630769230769
0.009596307692307692
-0.03275261538461539
-0.05757784615384615
-0.05820369230769231
0.007927384615384614
0.07343261538461537
0.12391753846153845
0.14269292307692305
0.11870215384615385
0.1207883076923077
0.10618523076923077
0.07614461538461538
0.03984553846153846
-0.006675692307692307
-0.023990769230769232
-0.013351384615384614
0.024199384615384616
0.044435076923076924
0.035464615384615386
0.02586830769230769
0.02273907692307692
0.03275261538461539
0.028163076923076923
-0.008344615384615384
-0.054240000000000003
-0.09074769230769231
-0.0892873846153846
-0.05611753846153846
-0.013142769230769229
0.02086153846153846
0.03150092307692308
0.05236246153846154
0.05048492307692308
0.03838523076923077
0.0022947692307692304
-0.08365476923076923
-0.1489513846153846
-0.19797599999999999
-0.19547261538461536
-0.15270646153846154
-0.11640738461538462
-0.0717636923076923
-0.025659692307692307
0.017315076923076923
0.040262769230769234
0.02899753846153846
-0.027745846153846152
-0.10055261538461538
-0.13601723076923075
-0.12642092307692307
-0.08594953846153845
-0.027328615384615382
0.026285538461538457
0.05674338461538461
0.07301538461538462
0.07259815384615384
0.042348923076923076
-0.015646153846153844
-0.08720123076923077
-0.14311015384615386
-0.15145476923076923
-0.11035753846153845
-0.03609046153846154
0.03421292307692308
0.06696553846153847
0.08866153846153846
0.10889723076923077
0.09784061538461537
0.04318338461538461
-0.026285538461538457
-0.07843938461538462
-0.09658892307692307
-0.06300184615384616
0.010013538461538461
0.08240307692307691
0.12579507692307693
0.157296
0.18316430769230768
0.17565415384615385
0.12496061538461539
0.029414769230769227
-0.06967753846153846
-0.13622584615384614
-0.16730953846153845
-0.13080184615384613
-0.054240000000000003
0.025033846153846153
0.09491999999999999
0.14164984615384615
0.16292861538461537
0.14999446153846155
0.09053907692307692
-0.01668923076923077
-0.12579507692307693
-0.18128676923076922
-0.16209415384615386
-0.10535076923076922
-0.03880246153846154
0.037967999999999995
0.09763200000000001
0.1424843076923077
0.16334584615384617
0.1368516923076923
0.07009476923076922
-0.02232184615384615
-0.0855323076923077
-0.07969107692307692
-0.03921969230769231
0.015646153846153844
0.06571384615384615
