-0.14311015384615386
-0.11703323076923078
-0.05945538461538461
0.017940923076923077
0.08845292307692308
0.11974523076923077
0.13309661538461537
0.11056615384615384
0.07051199999999999
0.002086153846153846
-0.08469784615384615
-0.15646153846153846
-0.18086953846153844
-0.14331876923076922
-0.09199938461538461
-0.021696
0.03567323076923076
0.06529661538461538
0.08031692307692308
0.05027630769230769
-0.0029206153846153843
-0.08115138461538463
-0.1504116923076923
-0.1612596923076923
-0.13080184615384613
-0.061124307692307686
0.005424
0.0609156923076923
0.11849353846153846
0.1397723076923077
0.1353913846153846
0.08866153846153846
0.0025033846153846152
-0.08219446153846154
-0.14060676923076923
-0.1368516923076923
-0.08866153846153846
-0.02273907692307692
0.04276615384615385
0.10493353846153847
0.1424843076923077
0.14436184615384615
0.11348676923076922
0.026702769230769228
-0.05507446153846154
-0.10430769230769231
-0.116616
-0.08177723076923075
-0.042974769230769226
0.015854769230769228
0.08574092307692306
0.1395636923076923
0.18086953846153844
0.18712800000000002
0.14728246153846153
0.059872615384615385
-0.028371692307692306
-0.07364123076923076
-0.07009476923076922
-0.026285538461538457
0.025659692307692307
0.07343261538461537
0.1045163076923077
0.13184492307692308
0.16167692307692308
0.1476996923076923
0.08574092307692306
0.00855323076923077
-0.04714707692307692
-0.05820369230769231
-0.04130584615384615
0.0050067692307692304
0.061124307692307686
0.09846646153846153
0.12808984615384614
0.12683815384615382
0.09658892307692307
0.03838523076923077
-0.042557538461538466
-0.111192
-0.14436184615384615
-0.12245723076923076
-0.07948246153846153
-0.02586830769230769
0.023782153846153845
0.06571384615384615
0.10055261538461538
0.09304246153846155
0.06550523076923077
-0.0016689230769230767
-0.09095630769230768
-0.13455692307692307
-0.13393107692307693
-0.09304246153846155
-0.04944184615384615
-0.024408000000000003
0.009804923076923077
0.03984553846153846
0.06133292307692308
0.06133292307692308
0.027745846153846152
-0.01940123076923077
-0.059872615384615385
-0.06926030769230769
-0.058829538461538454
-0.030875076923076922
-0.0033378461538461535
0.009596307692307692
0.033169846153846154
0.06800861538461538
0.08094276923076923
0.03921969230769231
-0.02211323076923077
-0.08511507692307693
-0.11619876923076923
-0.10868861538461538
-0.08156861538461539
-0.029832
0.006884307692307692
0.04631261538461538
0.07635323076923077
0.09512861538461538
0.09846646153846153
0.05444861538461539
0.006467076923076923
-0.023990769230769232
-0.009179076923076922
0.018358153846153843
0.020027076923076922
0.019609846153846155
0.013768615384615384
0.035464615384615386
0.06654830769230768
0.08177723076923075
0.07948246153846153
0.026494153846153844
-0.019609846153846155
-0.03150092307692308
-0.025659692307692307
0.001043076923076923
0.006049846153846154
0.008970461538461538
0.03609046153846154
0.06008123076923077
0.08115138461538463
0.07551876923076924
0.026702769230769228
-0.03921969230769231
-0.09387692307692307
-0.11536430769230768
-0.10722830769230769
-0.08240307692307691
-0.053614153846153846
-0.022530461538461537
0.02586830769230769
0.08511507692307693
0.12621230769230768
0.119328
0.07656184615384615
0.028163076923076923
-0.009179076923076922
-0.026702769230769228
-0.03442153846153846
-0.04172307692307692
-0.049233230769230765
-0.028163076923076923
0.024408000000000003
0.07635323076923077
0.07614461538461538
0.026494153846153844
-0.025033846153846153
-0.06613107692307692
-0.062376
-0.04526953846153846
-0.03901107692307692
-0.02858030769230769
-0.010848
0.04693846153846153
0.10576799999999999
0.11891076923076922
0.08824430769230769
0.011682461538461537
-0.04401784615384615
-0.058829538461538454
-0.06154153846153846
-0.04860738461538461
-0.054240000000000003
-0.03609046153846154
0.022947692307692308
0.08219446153846154
0.12662953846153846
0.12454338461538461
0.08490646153846154
0.02044430769230769
-0.009179076923076922
0.012308307692307691
0.03775938461538462
0.06279323076923077
0.07843938461538462
0.11473846153846154
0.13914646153846155
0.14081538461538462
0.13768615384615385
0.08302892307692307
0.019609846153846155
-0.021904615384615383
-0.03859384615384615
-0.02315630769230769
-0.015228923076923076
-0.003755076923076923
0.021278769230769233
0.05319692307692307
0.11327815384615383
0.1476996923076923
0.13393107692307693
0.08448923076923077
0.01981846153846154
-0.011473846153846154
-0.03400430769230769
-0.042348923076923076
-0.04860738461538461
-0.054240000000000003
-0.026494153846153844
0.03775938461538462
0.10389046153846154
0.10263876923076923
0.04902461538461538
-0.020027076923076922
-0.04047138461538462
-0.021278769230769233
0.007927384615384614
0.06633969230769231
0.08344615384615384
0.08219446153846154
0.09074769230769231
0.09241661538461539
0.06821723076923077
-0.01856676923076923
-0.10806276923076923
-0.16418030769230768
-0.15938215384615384
-0.10555938461538462
-0.07280676923076923
-0.06070707692307692
