0.006467076923076923
0.014185846153846153
0.021278769230769233
0.042974769230769226
0.05611753846153846
0.042974769230769226
0.009804923076923077
-0.03421292307692308
-0.056951999999999996
-0.03650769230769231
-0.020652923076923076
-0.014394461538461538
-0.016897846153846156
-0.025033846153846153
0.006258461538461538
0.045895384615384616
0.06759138461538462
0.06279323076923077
0.023990769230769232
-0.017315076923076923
-0.03713353846153846
-0.03838523076923077
-0.03984553846153846
-0.05277969230769231
-0.04902461538461538
-0.021278769230769233
0.015646153846153844
0.06049846153846154
0.06362769230769232
0.003129230769230769
-0.06905169230769231
-0.11056615384615384
-0.10785415384615385
-0.08365476923076923
-0.06863446153846153
-0.05048492307692308
-0.017940923076923077
0.02044430769230769
0.06738276923076922
0.09283384615384616
0.06341907692307691
0.013351384615384614
-0.015854769230769228
-0.01940123076923077
-0.0022947692307692304
0.0070929230769230765
-0.004589538461538461
-0.0008344615384615384
0.018775384615384614
0.04839876923076923
0.08344615384615384
0.07843938461538462
0.03859384615384615
0.018983999999999997
0.026702769230769228
0.05173661538461538
0.07656184615384615
0.08177723076923075
0.05298830769230769
0.021278769230769233
0.014185846153846153
0.0043809230769230765
-0.0025033846153846152
-0.026702769230769228
-0.05048492307692308
-0.045060923076923075
-0.021278769230769233
0.013560000000000001
0.018358153846153843
0.015646153846153844
0.012308307692307691
0.005215384615384615
0.005424
0.0
-0.022947692307692308
-0.06654830769230768
-0.086784
-0.08344615384615384
-0.06487938461538462
-0.05069353846153846
-0.07197230769230768
-0.08991323076923076
-0.09325107692307691
-0.08031692307692308
-0.04318338461538461
-0.015228923076923076
-0.005424
0.001043076923076923
0.01856676923076923
0.05820369230769231
0.07927384615384615
0.058412307692307694
0.008344615384615384
-0.04401784615384615
-0.05674338461538461
-0.0448523076923077
-0.023782153846153845
-0.005215384615384615
0.0077187692307692304
0.034630153846153845
0.065088
0.10117846153846152
0.11035753846153845
0.08615815384615384
0.04965046153846154
0.012308307692307691
0.021696
0.0448523076923077
0.06195876923076923
0.07197230769230768
0.07614461538461538
0.10555938461538462
0.1341396923076923
0.15166338461538462
0.12287446153846153
0.05945538461538461
0.014394461538461538
-0.010013538461538461
0.009804923076923077
0.0448523076923077
0.073224
0.09408553846153846
0.10514215384615383
0.13226215384615383
0.143736
0.12224861538461537
0.065088
-0.015646153846153844
-0.05653476923076922
-0.05820369230769231
-0.03045784615384615
0.0035464615384615383
0.02899753846153846
0.06759138461538462
0.09909230769230769
0.119328
0.10660246153846153
0.05069353846153846
-0.028163076923076923
-0.09408553846153846
-0.10389046153846154
-0.07489292307692308
-0.02482523076923077
0.043600615384615383
0.09763200000000001
0.11327815384615383
0.09262523076923077
0.05236246153846154
-0.0022947692307692304
-0.078648
-0.13184492307692308
-0.14811692307692306
-0.11953661538461538
-0.051319384615384614
0.008344615384615384
0.055491692307692304
0.07760492307692309
0.08740984615384616
0.07343261538461537
0.023364923076923075
-0.055491692307692304
-0.13643446153846153
-0.16689230769230767
-0.1612596923076923
-0.12600369230769232
-0.07238953846153846
-0.02795446153846154
0.02482523076923077
0.0897046153846154
0.12850707692307692
0.11077476923076923
0.040054153846153843
-0.048816000000000005
-0.1314276923076923
-0.17252492307692308
-0.14436184615384615
-0.08615815384615384
-0.019192615384615384
0.04985907692307692
0.12454338461538461
0.1883796923076923
0.20006215384615383
0.15687876923076924
0.07384984615384615
-0.00855323076923077
-0.04839876923076923
-0.05444861538461539
-0.013768615384615384
0.065088
0.12683815384615382
0.1760713846153846
0.20986707692307693
0.21716861538461538
0.19150892307692308
0.11974523076923077
0.03337846153846154
-0.014394461538461538
-0.0004172307692307692
0.03859384615384615
0.08574092307692306
0.11953661538461538
0.12683815384615382
0.14123261538461537
0.1558356923076923
0.16501476923076921
0.12496061538461539
0.03233538461538461
-0.04318338461538461
-0.08240307692307691
-0.06279323076923077
-0.004798153846153846
0.056326153846153845
0.09825784615384614
0.13184492307692308
0.17502830769230768
0.18545907692307692
0.15520984615384617
0.09012184615384615
0.008136
-0.05298830769230769
-0.08010830769230769
-0.04672984615384615
0.011473846153846154
0.055491692307692304
0.09867507692307692
0.12287446153846153
0.12934153846153845
0.09971815384615385
0.032544
-0.06425353846153846
-0.15374953846153847
-0.17085599999999998
-0.1422756923076923
-0.073224
0.006884307692307692
0.06216738461538462
0.11557292307692307
0.13059323076923077
0.12329169230769231
0.0880356923076923
-0.0016689230769230767
-0.07885661538461539
-0.12370892307692308
-0.11473846153846154
