0.054240000000000003
0.010013538461538461
-0.029623384615384614
-0.0717636923076923
-0.07635323076923077
-0.035464615384615386
0.0025033846153846152
0.03921969230769231
0.07760492307692309
0.14269292307692305
0.20027076923076922
0.2127876923076923
0.17982646153846152
0.100344
0.028788923076923077
-0.019192615384615384
-0.03108369230769231
-0.009804923076923077
0.003963692307692307
0.026285538461538457
0.06362769230769232
0.10722830769230769
0.14164984615384615
0.132888
0.08031692307692308
0.009179076923076922
-0.025033846153846153
-0.02795446153846154
-0.007927384615384614
0.020027076923076922
0.021278769230769233
0.03567323076923076
0.05570030769230769
0.08094276923076923
0.09012184615384615
0.027120000000000002
-0.04693846153846153
-0.08428061538461538
-0.08177723076923075
-0.03609046153846154
0.0035464615384615383
0.029623384615384614
0.042974769230769226
0.053614153846153846
0.07885661538461539
0.08824430769230769
0.06967753846153846
0.015854769230769228
-0.045060923076923075
-0.08490646153846154
-0.07572738461538461
-0.03713353846153846
-0.019192615384615384
-0.004172307692307692
0.012934153846153845
0.03629907692307692
0.06967753846153846
0.08782707692307692
0.05528307692307692
-0.02524246153846154
-0.08761846153846153
-0.09158215384615384
-0.059664
-0.026494153846153844
-0.014185846153846153
0.0035464615384615383
0.03588184615384615
0.07656184615384615
0.09763200000000001
0.06404492307692307
0.015228923076923076
-0.02273907692307692
-0.02586830769230769
-0.0035464615384615383
0.021696
0.0446436923076923
0.054240000000000003
0.05924676923076923
0.06362769230769232
0.07551876923076924
0.08615815384615384
0.06633969230769231
0.013351384615384614
-0.030040615384615384
-0.04172307692307692
-0.03358707692307692
-0.021487384615384613
-0.029206153846153847
-0.03838523076923077
-0.014811692307692307
0.029206153846153847
0.06362769230769232
0.05382276923076923
-0.012934153846153845
-0.07635323076923077
-0.0974233846153846
-0.08344615384615384
-0.052153846153846155
-0.03984553846153846
-0.027328615384615382
-0.010639384615384617
0.021278769230769233
0.06613107692307692
0.07072061538461538
0.04714707692307692
0.008136
-0.017732307692307693
-0.012308307692307691
0.008136
0.027328615384615382
0.030875076923076922
0.03567323076923076
0.05736923076923077
0.09909230769230769
0.11828492307692307
0.08448923076923077
0.034630153846153845
-0.008344615384615384
-0.023990769230769232
-0.00855323076923077
-0.005424
-0.021904615384615383
-0.03400430769230769
-0.032544
-0.0050067692307692304
0.027745846153846152
0.04193169230769231
0.02858030769230769
-0.005215384615384615
-0.015228923076923076
-0.00855323076923077
0.012934153846153845
0.02211323076923077
-0.008761846153846153
-0.03212676923076923
-0.025033846153846153
0.0035464615384615383
0.026911384615384615
0.03150092307692308
0.01710646153846154
0.012516923076923077
0.03150092307692308
0.056951999999999996
0.08511507692307693
0.07197230769230768
0.04276615384615385
0.04130584615384615
0.04735569230769231
0.07969107692307692
0.09116492307692307
0.058829538461538454
0.03337846153846154
0.03379569230769231
0.058829538461538454
0.0678
0.05069353846153846
0.011473846153846154
-0.02545107692307692
-0.03483876923076923
-0.006258461538461538
0.041514461538461535
0.05653476923076922
0.07280676923076923
0.08615815384615384
0.09471138461538461
0.111192
0.08240307692307691
0.04109723076923077
-0.011265230769230769
-0.056951999999999996
-0.05236246153846154
-0.03921969230769231
-0.0008344615384615384
0.034630153846153845
0.05069353846153846
0.09137353846153846
0.10910584615384614
0.10889723076923077
0.073224
0.0
-0.051319384615384614
-0.0974233846153846
-0.09179076923076923
-0.06884307692307692
-0.05298830769230769
-0.020652923076923076
0.005632615384615384
0.053614153846153846
0.06738276923076922
0.035464615384615386
-0.03150092307692308
-0.10597661538461538
-0.13768615384615385
-0.15813046153846153
-0.1341396923076923
-0.0826116923076923
-0.03567323076923076
0.020652923076923076
0.06446215384615385
0.10722830769230769
0.0936683076923077
0.02795446153846154
-0.03838523076923077
-0.10013538461538461
-0.09450276923076922
-0.053614153846153846
-0.006258461538461538
0.052571076923076915
0.09846646153846153
0.14978584615384616
0.17961784615384613
0.18253846153846154
0.14603076923076924
0.06654830769230768
-0.0004172307692307692
-0.04172307692307692
-0.023364923076923075
0.02795446153846154
0.07593599999999999
0.11870215384615385
0.1476996923076923
0.18483323076923078
0.19463815384615382
0.16167692307692308
0.0880356923076923
-0.006675692307692307
-0.05820369230769231
-0.0678
-0.05090215384615384
-0.009179076923076922
0.028163076923076923
0.05528307692307692
0.07781353846153846
0.10576799999999999
0.10493353846153847
0.05090215384615384
-0.031709538461538456
-0.11035753846153845
-0.14060676923076923
-0.13309661538461537
-0.086784
-0.011265230769230769
0.059872615384615385
0.1070196923076923
