0.03775938461538462
-0.016897846153846156
-0.06967753846153846
-0.10347323076923076
-0.10243015384615384
-0.08740984615384616
-0.07948246153846153
-0.07739630769230768
-0.045060923076923075
0.018775384615384614
0.06216738461538462
0.084072
0.07259815384615384
0.021904615384615383
-0.02795446153846154
-0.043392
-0.030040615384615384
-0.009179076923076922
0.003129230769230769
0.010222153846153844
0.051528
0.10117846153846152
0.116616
0.08031692307692308
0.002712
-0.042974769230769226
-0.04088861538461538
-0.003755076923076923
0.02858030769230769
0.037342153846153844
0.05277969230769231
0.07364123076923076
0.09199938461538461
0.08636676923076922
0.05653476923076922
0.010013538461538461
-0.03379569230769231
-0.055491692307692304
-0.05653476923076922
-0.03650769230769231
-0.035464615384615386
-0.03692492307692308
-0.02044430769230769
0.003755076923076923
0.054657230769230764
0.07843938461538462
0.061750153846153844
0.03212676923076923
-0.013768615384615384
-0.026911384615384615
0.002712
0.029206153846153847
0.025659692307692307
0.022530461538461537
0.04672984615384615
0.07656184615384615
0.10576799999999999
0.0963803076923077
0.05236246153846154
0.0025033846153846152
-0.03671630769230769
-0.030040615384615384
-0.021904615384615383
-0.02357353846153846
-0.031918153846153846
-0.05194523076923077
-0.03838523076923077
-0.009179076923076922
0.021904615384615383
0.03567323076923076
0.010013538461538461
0.0043809230769230765
0.018358153846153843
0.043392
0.06759138461538462
0.04568676923076923
0.01814953846153846
0.006675692307692307
0.017940923076923077
0.021278769230769233
0.0016689230769230767
0.003129230769230769
0.003755076923076923
0.017523692307692306
0.04526953846153846
0.06613107692307692
0.07280676923076923
0.04172307692307692
0.03045784615384615
0.03713353846153846
0.056951999999999996
0.07092923076923077
0.027328615384615382
0.0002086153846153846
-0.026285538461538457
-0.02044430769230769
0.02044430769230769
0.02357353846153846
0.03713353846153846
0.032544
0.041514461538461535
0.05716061538461538
0.045895384615384616
0.05069353846153846
0.021278769230769233
0.0014603076923076922
0.011682461538461537
0.026285538461538457
0.035464615384615386
-0.0016689230769230767
-0.015646153846153844
-0.010848
0.005215384615384615
0.04276615384615385
0.05236246153846154
0.05945538461538461
0.034630153846153845
0.034630153846153845
0.06258461538461538
0.053405538461538456
0.031918153846153846
-0.037967999999999995
-0.08594953846153845
-0.10409907692307692
-0.09846646153846153
-0.06049846153846154
-0.055491692307692304
-0.024408000000000003
0.012308307692307691
0.04172307692307692
0.06905169230769231
0.03650769230769231
-0.017315076923076923
-0.08574092307692306
-0.12245723076923076
-0.11140061538461538
-0.10514215384615383
-0.08323753846153846
-0.07656184615384615
-0.053614153846153846
-0.013560000000000001
0.02482523076923077
0.07510153846153846
0.05173661538461538
-0.0004172307692307692
-0.03713353846153846
-0.0446436923076923
-0.009596307692307692
0.0077187692307692304
0.028163076923076923
0.05403138461538461
0.08866153846153846
0.11974523076923077
0.13184492307692308
0.111192
0.027120000000000002
-0.05194523076923077
-0.11202646153846153
-0.12204
-0.06592246153846154
-0.010222153846153844
0.05069353846153846
0.09930092307692308
0.1358086153846154
0.14477907692307693
0.10681107692307691
0.04902461538461538
-0.027745846153846152
-0.07468430769230769
-0.08010830769230769
-0.04860738461538461
0.0025033846153846152
0.03483876923076923
0.07009476923076922
0.0897046153846154
0.111192
0.12537784615384615
0.07697907692307693
0.008136
-0.058829538461538454
-0.08198584615384615
-0.04088861538461538
0.01272553846153846
0.08135999999999999
0.12683815384615382
0.14728246153846153
0.14916
0.11557292307692307
0.07218092307692307
-0.014603076923076923
-0.10263876923076923
-0.14686523076923075
-0.1476996923076923
-0.09992676923076924
-0.03984553846153846
0.02357353846153846
0.07823076923076923
0.11390399999999999
0.13059323076923077
0.11035753846153845
0.042557538461538466
-0.05277969230769231
-0.12454338461538461
-0.14081538461538462
-0.09930092307692308
-0.027745846153846152
0.019192615384615384
0.05069353846153846
0.07635323076923077
0.07843938461538462
0.07009476923076922
0.027745846153846152
-0.040679999999999994
-0.09408553846153846
-0.11411261538461538
-0.07134646153846153
0.0014603076923076922
0.058412307692307694
0.10138707692307691
0.124752
0.13184492307692308
0.1207883076923077
0.07635323076923077
-0.0006258461538461538
-0.06926030769230769
-0.09971815384615385
-0.10076123076923077
-0.06967753846153846
-0.021696
0.03755076923076923
0.08720123076923077
0.12955015384615384
0.16647507692307692
0.16167692307692308
0.111192
0.025033846153846153
-0.05090215384615384
-0.09137353846153846
-0.0826116923076923
-0.03108369230769231
0.03358707692307692
0.07823076923076923
0.09471138461538461
0.12308307692307692
