-0.10743692307692307
-0.12037107692307693
-0.09074769230769231
-0.05090215384615384
-0.021278769230769233
0.0
0.027120000000000002
0.03775938461538462
0.042557538461538466
0.05027630769230769
0.026494153846153844
-0.004172307692307692
-0.018775384615384614
0.019192615384615384
0.06738276923076922
0.06467076923076923
0.061124307692307686
0.07426707692307692
0.09512861538461538
0.09971815384615385
0.08699261538461538
0.042557538461538466
-0.01981846153846154
-0.03984553846153846
-0.01397723076923077
0.02086153846153846
0.027745846153846152
0.021904615384615383
0.015228923076923076
0.025659692307692307
0.05194523076923077
0.055491692307692304
0.026702769230769228
-0.03379569230769231
-0.07885661538461539
-0.07426707692307692
-0.06154153846153846
-0.04631261538461538
-0.027745846153846152
-0.03296123076923077
-0.04172307692307692
-0.03942830769230769
-0.027328615384615382
-0.03567323076923076
-0.0826116923076923
-0.10868861538461538
-0.09909230769230769
-0.06341907692307691
-0.013351384615384614
0.02858030769230769
0.06633969230769231
0.08115138461538463
0.07364123076923076
0.05820369230769231
0.02315630769230769
-0.031918153846153846
-0.08428061538461538
-0.1136953846153846
-0.086784
-0.017940923076923077
0.04422646153846154
0.08845292307692308
0.11265230769230769
0.13601723076923075
0.14916
0.15959076923076923
0.14102399999999998
0.07030338461538461
-0.0035464615384615383
-0.042557538461538466
-0.019192615384615384
0.009596307692307692
0.03066646153846154
0.061124307692307686
0.08115138461538463
0.10785415384615385
0.12934153846153845
0.1205796923076923
0.06884307692307692
0.0012516923076923076
-0.03358707692307692
-0.004798153846153846
0.05298830769230769
0.11223507692307692
0.1422756923076923
0.13768615384615385
0.14603076923076924
0.13455692307692307
0.09804923076923076
0.02795446153846154
-0.04819015384615385
-0.08574092307692306
-0.09992676923076924
-0.06613107692307692
-0.006467076923076923
0.050067692307692306
0.08699261538461538
0.10389046153846154
0.12204
0.10910584615384614
0.06821723076923077
0.01272553846153846
-0.05382276923076923
-0.08845292307692308
-0.07510153846153846
-0.016897846153846156
0.05736923076923077
0.10347323076923076
0.13247076923076923
0.14436184615384615
0.1397723076923077
0.11077476923076923
0.041514461538461535
-0.028371692307692306
-0.0853236923076923
-0.09533723076923077
-0.05653476923076922
-0.004589538461538461
0.06863446153846153
0.12099692307692309
0.15896492307692306
0.1785747692307692
0.15124615384615384
0.1070196923076923
0.02023569230769231
-0.059664
-0.09095630769230768
-0.08866153846153846
-0.03984553846153846
0.006675692307692307
0.05048492307692308
0.07113784615384615
0.08302892307692307
0.08198584615384615
0.028163076923076923
-0.040054153846153843
-0.12412615384615384
-0.15750461538461538
-0.130176
-0.07927384615384615
-0.010848
0.03963692307692308
0.0771876923076923
0.10055261538461538
0.10910584615384614
0.08636676923076922
0.024408000000000003
-0.05236246153846154
-0.10514215384615383
-0.11056615384615384
-0.08907876923076924
-0.03671630769230769
0.021904615384615383
0.07051199999999999
0.11452984615384615
0.14164984615384615
0.14603076923076924
0.09241661538461539
-0.002712
-0.08511507692307693
-0.13330523076923076
-0.12308307692307692
-0.08386338461538462
-0.042348923076923076
0.008344615384615384
0.045060923076923075
0.08574092307692306
0.11286092307692308
0.08302892307692307
0.026494153846153844
-0.04568676923076923
-0.103056
-0.11140061538461538
-0.0826116923076923
-0.042974769230769226
-0.0014603076923076922
0.037342153846153844
0.06049846153846154
0.09533723076923077
0.10409907692307692
0.07677046153846154
0.02211323076923077
-0.05382276923076923
-0.06300184615384616
-0.034630153846153845
0.015020307692307692
0.053405538461538456
0.054657230769230764
0.07510153846153846
0.08615815384615384
0.10994030769230768
0.11745046153846153
0.07781353846153846
0.02044430769230769
-0.03421292307692308
-0.03650769230769231
-0.010848
0.009804923076923077
0.022530461538461537
0.04380923076923077
0.09721476923076922
0.15917353846153848
0.19714153846153845
0.1779489230769231
0.10597661538461538
0.03942830769230769
-0.01814953846153846
-0.03859384615384615
-0.02086153846153846
0.006049846153846154
0.04860738461538461
0.07948246153846153
0.13393107692307693
0.19568123076923075
0.20798953846153845
0.1666836923076923
0.08469784615384615
0.031918153846153846
0.01043076923076923
0.009387692307692307
0.026285538461538457
0.024616615384615383
0.024616615384615383
0.02858030769230769
0.06571384615384615
0.11035753846153845
0.0974233846153846
0.059038153846153844
-0.010013538461538461
-0.06884307692307692
-0.08574092307692306
-0.09679753846153846
-0.09158215384615384
-0.07593599999999999
-0.040054153846153843
0.0043809230769230765
0.030875076923076922
0.019609846153846155
-0.037342153846153844
-0.10013538461538461
-0.1368516923076923
-0.12829846153846153
-0.10263876923076923
-0.08636676923076922
