0.056951999999999996
-0.008136
-0.04547815384615384
-0.05716061538461538
-0.058829538461538454
-0.028163076923076923
0.011056615384615385
0.055491692307692304
0.10660246153846153
0.1397723076923077
0.15354092307692307
0.10910584615384614
0.03066646153846154
-0.03421292307692308
-0.061124307692307686
-0.054240000000000003
-0.040262769230769234
-0.018775384615384614
0.008761846153846153
0.056951999999999996
0.10180430769230768
0.13622584615384614
0.13434830769230768
0.06905169230769231
-0.006049846153846154
-0.05799507692307692
-0.06863446153846153
-0.06195876923076923
-0.044435076923076924
-0.009387692307692307
0.03358707692307692
0.08949599999999999
0.13643446153846153
0.14916
0.10806276923076923
0.051319384615384614
0.017940923076923077
0.010639384615384617
0.012934153846153845
0.004798153846153846
-0.008136
-0.008136
0.03713353846153846
0.0988836923076923
0.138312
0.1316363076923077
0.07197230769230768
0.008136
-0.040054153846153843
-0.06279323076923077
-0.07113784615384615
-0.07197230769230768
-0.047772923076923074
0.012099692307692308
0.07906523076923076
0.11724184615384614
0.12245723076923076
0.0855323076923077
0.031918153846153846
-0.018775384615384614
-0.03483876923076923
-0.024199384615384616
-0.02482523076923077
-0.01940123076923077
0.0022947692307692304
0.04693846153846153
0.0853236923076923
0.09909230769230769
0.08302892307692307
0.03775938461538462
0.003963692307692307
-0.006258461538461538
0.004589538461538461
0.005424
-0.015854769230769228
-0.024408000000000003
-0.017315076923076923
0.021278769230769233
0.073224
0.0771876923076923
0.04422646153846154
-0.006675692307692307
-0.04756430769230769
-0.056326153846153845
-0.055491692307692304
-0.045060923076923075
-0.020652923076923076
0.016063384615384615
0.0678
0.11557292307692307
0.11849353846153846
0.058412307692307694
-0.027120000000000002
-0.08177723076923075
-0.1097316923076923
-0.12204
-0.12266584615384615
-0.11703323076923078
-0.07948246153846153
-0.013560000000000001
0.07635323076923077
0.14164984615384615
0.1314276923076923
0.06362769230769232
-0.01856676923076923
-0.06321046153846153
-0.0771876923076923
-0.07384984615384615
-0.06821723076923077
-0.056951999999999996
-0.022530461538461537
0.02586830769230769
0.07510153846153846
0.07656184615384615
0.02482523076923077
-0.04318338461538461
-0.09179076923076923
-0.09408553846153846
-0.08386338461538462
-0.08574092307692306
-0.08094276923076923
-0.06863446153846153
-0.017315076923076923
0.04714707692307692
0.07677046153846154
0.06821723076923077
0.0
-0.054657230769230764
-0.07969107692307692
-0.08720123076923077
-0.058412307692307694
-0.04318338461538461
-0.023364923076923075
0.017940923076923077
0.07802215384615384
0.12162276923076921
0.10117846153846152
0.042348923076923076
-0.03588184615384615
-0.0853236923076923
-0.07030338461538461
-0.02899753846153846
-0.002712
0.009596307692307692
0.03775938461538462
0.07113784615384615
0.09992676923076924
0.10952307692307692
0.05757784615384615
-0.0070929230769230765
-0.04631261538461538
-0.040262769230769234
0.005215384615384615
0.012934153846153845
-0.0006258461538461538
-0.004589538461538461
0.009596307692307692
0.042557538461538466
0.06675692307692307
0.06696553846153847
0.045895384615384616
0.027120000000000002
0.033169846153846154
0.06863446153846153
0.08845292307692308
0.08031692307692308
0.05590892307692308
0.027120000000000002
0.021487384615384613
0.034630153846153845
0.05194523076923077
0.03129230769230769
-0.004798153846153846
-0.018358153846153843
-0.013142769230769229
0.0008344615384615384
-0.015020307692307692
-0.044435076923076924
-0.07259815384615384
-0.06362769230769232
-0.00855323076923077
0.04214030769230769
0.05298830769230769
0.006675692307692307
-0.03650769230769231
-0.05048492307692308
-0.033169846153846154
-0.0043809230769230765
-0.015437538461538461
-0.037342153846153844
-0.03775938461538462
-0.013351384615384614
0.03233538461538461
0.04860738461538461
0.021904615384615383
0.004798153846153846
-0.010013538461538461
0.005632615384615384
0.030875076923076922
0.01043076923076923
-0.022530461538461537
-0.056951999999999996
-0.04839876923076923
-0.018775384615384614
0.0012516923076923076
0.019192615384615384
0.007927384615384614
-0.005215384615384615
0.009596307692307692
0.042348923076923076
0.05862092307692307
0.03108369230769231
-0.014603076923076923
-0.028788923076923077
-0.009596307692307692
0.04172307692307692
0.07218092307692307
0.06362769230769232
0.04714707692307692
0.024408000000000003
0.03358707692307692
0.035464615384615386
0.026911384615384615
0.015437538461538461
-0.0050067692307692304
0.019192615384615384
0.05716061538461538
0.09283384615384616
0.11619876923076923
0.11098338461538461
0.10535076923076922
0.10263876923076923
0.10618523076923077
0.09658892307692307
0.05945538461538461
0.015854769230769228
0.008136
0.03692492307692308
0.06946892307692307
0.10222153846153846
0.1289243076923077
0.14916
0.15500123076923078
0.1558356923076923
