-0.0446436923076923
-0.027328615384615382
-0.004589538461538461
0.045060923076923075
0.08135999999999999
0.09429415384615383
0.03629907692307692
-0.044435076923076924
-0.06988615384615385
-0.07426707692307692
-0.06759138461538462
-0.08428061538461538
-0.08073415384615384
-0.06759138461538462
-0.04985907692307692
-0.00855323076923077
-0.0070929230769230765
-0.034630153846153845
-0.07927384615384615
-0.09304246153846155
-0.06967753846153846
-0.059872615384615385
-0.05528307692307692
-0.05653476923076922
-0.046104
-0.028371692307692306
-0.013142769230769229
0.015228923076923076
0.0029206153846153843
-0.04380923076923077
-0.08448923076923077
-0.10889723076923077
-0.10430769230769231
-0.10472492307692308
-0.10055261538461538
-0.10535076923076922
-0.09596307692307693
-0.044435076923076924
-0.011265230769230769
-0.012099692307692308
-0.05799507692307692
-0.09763200000000001
-0.12496061538461539
-0.13330523076923076
-0.10368184615384615
-0.08219446153846154
-0.051528
-0.014603076923076923
0.04714707692307692
0.09825784615384614
0.11056615384615384
0.08782707692307692
0.023990769230769232
-0.01981846153846154
-0.03921969230769231
-0.01856676923076923
0.008761846153846153
-0.004798153846153846
-0.0077187692307692304
0.014185846153846153
0.06216738461538462
0.12037107692307693
0.132888
0.10889723076923077
0.0717636923076923
0.05736923076923077
0.06404492307692307
0.04839876923076923
0.02273907692307692
-0.012934153846153845
-0.012308307692307691
0.026911384615384615
0.073224
0.11745046153846153
0.10952307692307692
0.08386338461538462
0.06049846153846154
0.04965046153846154
0.07113784615384615
0.08991323076923076
0.09429415384615383
0.08657538461538461
0.10514215384615383
0.14436184615384615
0.15646153846153846
0.14311015384615386
0.09909230769230769
0.06926030769230769
0.07468430769230769
0.10389046153846154
0.14457046153846154
0.1422756923076923
0.13330523076923076
0.1353913846153846
0.12412615384615384
0.12600369230769232
0.10368184615384615
0.05862092307692307
0.015854769230769228
-0.006884307692307692
0.006258461538461538
0.013351384615384614
0.02273907692307692
0.008136
-0.01981846153846154
-0.012308307692307691
0.012934153846153845
0.04568676923076923
0.04109723076923077
0.02044430769230769
0.004798153846153846
-0.012934153846153845
-0.02023569230769231
-0.02482523076923077
-0.04860738461538461
-0.09304246153846155
-0.09846646153846153
-0.06279323076923077
-0.011265230769230769
0.034630153846153845
0.05611753846153846
0.06279323076923077
0.065088
0.06154153846153846
0.059664
0.029832
-0.01981846153846154
-0.029832
-0.02273907692307692
0.003755076923076923
0.018983999999999997
0.010222153846153844
-0.002086153846153846
-0.015437538461538461
0.013768615384615384
0.04088861538461538
0.03421292307692308
0.0014603076923076922
-0.043600615384615383
-0.06613107692307692
-0.05653476923076922
-0.022947692307692308
0.003963692307692307
0.021696
0.01981846153846154
0.02753723076923077
0.03880246153846154
0.0016689230769230767
-0.04714707692307692
-0.11578153846153846
-0.1710646153846154
-0.16856123076923077
-0.12579507692307693
-0.054240000000000003
-0.011265230769230769
0.016480615384615385
0.06529661538461538
0.09575446153846154
0.10117846153846152
0.07343261538461537
0.009804923076923077
-0.04526953846153846
-0.073224
-0.05653476923076922
-0.021070153846153846
0.003963692307692307
0.02211323076923077
0.03275261538461539
0.04860738461538461
0.05653476923076922
0.03671630769230769
-0.01856676923076923
-0.08323753846153846
-0.1151556923076923
-0.08949599999999999
-0.023364923076923075
0.03880246153846154
0.08073415384615384
0.09429415384615383
0.10576799999999999
0.11828492307692307
0.09909230769230769
0.037967999999999995
-0.05590892307692308
-0.124752
-0.14728246153846153
-0.12913292307692306
-0.07343261538461537
-0.003755076923076923
0.042348923076923076
0.07051199999999999
0.11286092307692308
0.14144123076923076
0.130176
0.06446215384615385
-0.02044430769230769
-0.07635323076923077
-0.08010830769230769
-0.026702769230769228
0.044435076923076924
0.09679753846153846
0.10868861538461538
0.09596307692307693
0.07051199999999999
0.02795446153846154
-0.027745846153846152
-0.1028473846153846
-0.15520984615384617
-0.1476996923076923
-0.0934596923076923
-0.012308307692307691
0.04985907692307692
0.09533723076923077
0.12788123076923075
0.13101046153846155
0.11724184615384614
0.05778646153846154
-0.023782153846153845
-0.10389046153846154
-0.15875630769230767
-0.130176
-0.07760492307692309
-0.02023569230769231
0.03671630769230769
0.07823076923076923
0.12496061538461539
0.13810338461538463
0.13267938461538462
0.08323753846153846
-0.003963692307692307
-0.06633969230769231
-0.09804923076923076
-0.06008123076923077
0.0029206153846153843
0.07614461538461538
0.13789476923076924
0.14999446153846155
0.15374953846153847
0.11891076923076922
0.04672984615384615
-0.04693846153846153
-0.13059323076923077
-0.15270646153846154
-0.11390399999999999
