0.10493353846153847
0.10827138461538462
0.06425353846153846
-0.001043076923076923
-0.05570030769230769
-0.051319384615384614
-0.03921969230769231
-0.023990769230769232
-0.009804923076923077
0.0002086153846153846
0.031709538461538456
0.06863446153846153
0.09033046153846153
0.06592246153846154
0.0022947692307692304
-0.04130584615384615
-0.05486584615384615
-0.04714707692307692
-0.026702769230769228
-0.019609846153846155
-0.009596307692307692
0.009596307692307692
0.06049846153846154
0.10347323076923076
0.09283384615384616
0.051528
-0.012099692307692308
-0.04276615384615385
-0.040262769230769234
-0.014185846153846153
0.003963692307692307
-0.02023569230769231
-0.04380923076923077
-0.04547815384615384
-0.017523692307692306
-0.0002086153846153846
-0.00855323076923077
-0.040262769230769234
-0.07927384615384615
-0.08240307692307691
-0.06633969230769231
-0.0448523076923077
-0.045895384615384616
-0.04318338461538461
-0.019609846153846155
0.002086153846153846
0.02273907692307692
0.012308307692307691
-0.023782153846153845
-0.07155507692307693
-0.08824430769230769
-0.06362769230769232
-0.04380923076923077
-0.03775938461538462
-0.04276615384615385
-0.05403138461538461
-0.06279323076923077
-0.05528307692307692
-0.037967999999999995
-0.03483876923076923
-0.041514461538461535
-0.017523692307692306
0.03275261538461539
0.07760492307692309
0.09554584615384615
0.06279323076923077
0.004589538461538461
-0.04214030769230769
-0.05590892307692308
-0.03692492307692308
-0.021278769230769233
-0.021070153846153846
-0.01981846153846154
-0.0070929230769230765
0.02044430769230769
0.055491692307692304
0.05486584615384615
0.023990769230769232
-0.0018775384615384615
-0.0025033846153846152
0.026494153846153844
0.042348923076923076
0.04318338461538461
0.04088861538461538
0.052571076923076915
0.08782707692307692
0.11223507692307692
0.10368184615384615
0.042974769230769226
-0.017523692307692306
-0.03567323076923076
-0.02899753846153846
0.005632615384615384
0.03421292307692308
0.06571384615384615
0.10013538461538461
0.13497415384615385
0.17502830769230768
0.1712732307692308
0.1316363076923077
0.05090215384615384
-0.018358153846153843
-0.04526953846153846
-0.06070707692307692
-0.040054153846153843
-0.01272553846153846
0.03275261538461539
0.08115138461538463
0.11557292307692307
0.14290153846153844
0.09679753846153846
0.015020307692307692
-0.049233230769230765
-0.07259815384615384
-0.05319692307692307
-0.02023569230769231
0.04276615384615385
0.07343261538461537
0.07343261538461537
0.07635323076923077
0.05236246153846154
0.010848
-0.08052553846153847
-0.15667015384615385
-0.18399876923076922
-0.17711446153846155
-0.11849353846153846
-0.07531015384615385
-0.05236246153846154
-0.035255999999999996
-0.005841230769230769
0.026911384615384615
0.038176615384615385
0.010013538461538461
-0.06592246153846154
-0.12788123076923075
-0.14415323076923076
-0.12412615384615384
-0.0855323076923077
-0.053405538461538456
-0.018983999999999997
0.02044430769230769
0.042974769230769226
0.06028984615384615
0.03838523076923077
-0.03150092307692308
-0.10201292307692307
-0.11849353846153846
-0.05528307692307692
0.017523692307692306
0.10055261538461538
0.1777403076923077
0.22426153846153846
0.25993476923076925
0.2605606153846154
0.22947692307692308
0.15374953846153847
0.07197230769230768
0.015646153846153844
-0.005215384615384615
0.03108369230769231
0.08907876923076924
0.13768615384615385
0.14811692307692306
0.15208061538461537
0.16626646153846153
0.1721076923076923
0.13935507692307691
0.06884307692307692
0.018775384615384614
0.009179076923076922
0.04672984615384615
0.11140061538461538
0.14957723076923077
0.15145476923076923
0.13247076923076923
0.11703323076923078
0.1151556923076923
0.07843938461538462
0.01814953846153846
-0.04380923076923077
-0.0855323076923077
-0.06738276923076922
-0.010848
0.06946892307692307
0.1395636923076923
0.18212123076923076
0.2059033846153846
0.20632061538461538
0.1783661538461538
0.11494707692307692
0.01814953846153846
-0.08177723076923075
-0.127464
-0.12016246153846154
-0.07697907692307693
-0.017940923076923077
0.021696
0.05090215384615384
0.07134646153846153
0.061124307692307686
0.02482523076923077
-0.037967999999999995
-0.09679753846153846
-0.11870215384615385
-0.11202646153846153
-0.061124307692307686
0.0018775384615384615
0.029623384615384614
0.03567323076923076
0.042557538461538466
0.053614153846153846
0.03400430769230769
-0.016897846153846156
-0.08344615384615384
-0.13914646153846155
-0.14039815384615384
-0.09825784615384614
-0.033169846153846154
0.02795446153846154
0.0678
0.09241661538461539
0.100344
0.08615815384615384
0.0446436923076923
-0.0043809230769230765
-0.048816000000000005
-0.07155507692307693
-0.04756430769230769
-0.007510153846153846
0.03483876923076923
0.06675692307692307
0.08615815384615384
0.1136953846153846
0.11286092307692308
0.08511507692307693
0.03984553846153846
-0.019192615384615384
-0.05716061538461538
-0.05048492307692308
-0.006258461538461538
0.04819015384615385
0.100344
0.13372246153846154
