0.1207883076923077
0.07405846153846153
0.03504738461538461
0.010639384615384617
0.020027076923076922
0.012099692307692308
-0.0029206153846153843
-0.020652923076923076
-0.006258461538461538
0.048816000000000005
0.08031692307692308
0.0826116923076923
0.04109723076923077
-0.001043076923076923
-0.015437538461538461
-0.004589538461538461
0.019609846153846155
0.009804923076923077
-0.0022947692307692304
-0.008136
-0.0033378461538461535
0.012934153846153845
0.0
-0.03775938461538462
-0.09554584615384615
-0.12496061538461539
-0.09825784615384614
-0.05757784615384615
-0.016272
-0.0029206153846153843
0.005424
0.040054153846153843
0.07134646153846153
0.09825784615384614
0.0880356923076923
0.02545107692307692
-0.037967999999999995
-0.061750153846153844
-0.04088861538461538
-0.024408000000000003
-0.030040615384615384
-0.026911384615384615
-0.0022947692307692304
0.03775938461538462
0.07739630769230768
0.09825784615384614
0.06967753846153846
0.02023569230769231
-0.018358153846153843
-0.03129230769230769
-0.003755076923076923
-0.0016689230769230767
-0.02482523076923077
-0.033169846153846154
-0.012934153846153845
0.02211323076923077
0.020652923076923076
-0.0043809230769230765
-0.04109723076923077
-0.06926030769230769
-0.06446215384615385
-0.045060923076923075
-0.010013538461538461
0.007510153846153846
0.0008344615384615384
0.021070153846153846
0.06884307692307692
0.11098338461538461
0.10159569230769232
0.05111076923076923
-0.004172307692307692
-0.04214030769230769
-0.03066646153846154
0.0070929230769230765
0.03963692307692308
0.03859384615384615
0.01043076923076923
0.017940923076923077
0.04380923076923077
0.054240000000000003
0.028163076923076923
-0.03108369230769231
-0.06529661538461538
-0.06592246153846154
-0.03483876923076923
-0.0012516923076923076
0.004798153846153846
-0.0004172307692307692
-0.0002086153846153846
0.008136
0.008970461538461538
-0.01981846153846154
-0.07551876923076924
-0.1205796923076923
-0.14957723076923077
-0.1368516923076923
-0.09471138461538461
-0.07781353846153846
-0.06988615384615385
-0.05382276923076923
-0.009804923076923077
0.04318338461538461
0.05277969230769231
0.03713353846153846
0.0012516923076923076
-0.030040615384615384
-0.02586830769230769
-0.010013538461538461
0.0022947692307692304
-0.014603076923076923
-0.011265230769230769
0.0025033846153846152
0.019609846153846155
0.07030338461538461
0.07134646153846153
0.054240000000000003
0.04088861538461538
0.04944184615384615
0.09554584615384615
0.09283384615384616
0.0771876923076923
0.06404492307692307
0.050067692307692306
0.07426707692307692
0.10055261538461538
0.11432123076923076
0.08991323076923076
0.03442153846153846
0.018983999999999997
0.03504738461538461
0.05048492307692308
0.053405538461538456
0.03713353846153846
0.02795446153846154
0.04902461538461538
0.08720123076923077
0.11286092307692308
0.116616
0.08907876923076924
0.052153846153846155
0.046104
0.043392
0.022947692307692308
-0.013351384615384614
-0.05528307692307692
-0.07092923076923077
-0.06654830769230768
-0.04318338461538461
-0.01668923076923077
-0.02315630769230769
-0.04088861538461538
-0.04652123076923077
-0.014603076923076923
0.015228923076923076
-0.021070153846153846
-0.08448923076923077
-0.13393107692307693
-0.1435273846153846
-0.11619876923076923
-0.0826116923076923
-0.061750153846153844
-0.05590892307692308
-0.04839876923076923
-0.03129230769230769
-0.015020307692307692
-0.03129230769230769
-0.0717636923076923
-0.10514215384615383
-0.11953661538461538
-0.08386338461538462
-0.023990769230769232
0.014185846153846153
0.02211323076923077
0.013351384615384614
0.026285538461538457
0.04130584615384615
0.04318338461538461
0.01710646153846154
-0.053614153846153846
-0.12600369230769232
-0.15270646153846154
-0.12496061538461539
-0.07927384615384615
-0.054240000000000003
-0.04109723076923077
-0.0022947692307692304
0.022947692307692308
0.02753723076923077
0.018358153846153843
-0.042348923076923076
-0.11098338461538461
-0.15395815384615386
-0.14999446153846155
-0.09241661538461539
-0.02315630769230769
0.02211323076923077
0.050067692307692306
0.0771876923076923
0.09033046153846153
0.086784
0.04693846153846153
-0.009387692307692307
-0.04672984615384615
-0.05236246153846154
-0.017523692307692306
0.034630153846153845
0.08052553846153847
0.11411261538461538
0.16000799999999998
0.1942209230769231
0.19296923076923078
0.14477907692307693
0.05799507692307692
-0.022530461538461537
-0.07092923076923077
-0.054657230769230764
-0.004589538461538461
0.04380923076923077
0.07927384615384615
0.1045163076923077
0.1314276923076923
0.1358086153846154
0.10827138461538462
0.03901107692307692
-0.037342153846153844
-0.06988615384615385
-0.059664
-0.012308307692307691
0.04756430769230769
0.0934596923076923
0.12662953846153846
0.14582215384615385
0.15416676923076922
0.13852061538461538
0.07760492307692309
-0.006467076923076923
-0.08094276923076923
-0.111192
-0.07468430769230769
-0.02023569230769231
0.03567323076923076
0.08177723076923075
0.09596307692307693
0.11014892307692307
