0.019609846153846155
0.084072
0.11202646153846153
0.13622584615384614
0.1502030769230769
0.11953661538461538
0.04819015384615385
-0.04756430769230769
-0.10618523076923077
-0.09596307692307693
-0.04714707692307692
0.011891076923076923
0.05757784615384615
0.08824430769230769
0.11160923076923077
0.12120553846153845
0.10660246153846153
0.05757784615384615
-0.034630153846153845
-0.12308307692307692
-0.15896492307692306
-0.1435273846153846
-0.08386338461538462
-0.016897846153846156
0.04526953846153846
0.09658892307692307
0.116616
0.12099692307692309
0.09387692307692307
0.017523692307692306
-0.06738276923076922
-0.1207883076923077
-0.11953661538461538
-0.07572738461538461
-0.021904615384615383
0.03650769230769231
0.07843938461538462
0.10827138461538462
0.12621230769230768
0.10576799999999999
0.048816000000000005
-0.029832
-0.092208
-0.11202646153846153
-0.09930092307692308
-0.06195876923076923
-0.02044430769230769
0.005841230769230769
0.03713353846153846
0.0717636923076923
0.078648
0.04568676923076923
-0.010013538461538461
-0.07885661538461539
-0.124752
-0.12350030769230769
-0.09679753846153846
-0.04318338461538461
-0.011056615384615385
0.003963692307692307
0.03942830769230769
0.05945538461538461
0.05590892307692308
0.015228923076923076
-0.02899753846153846
-0.05444861538461539
-0.06446215384615385
-0.03108369230769231
0.010222153846153844
0.053405538461538456
0.09554584615384615
0.11703323076923078
0.14269292307692305
0.15896492307692306
0.1314276923076923
0.07656184615384615
0.021904615384615383
-0.0012516923076923076
0.023364923076923075
0.052153846153846155
0.06884307692307692
0.07906523076923076
0.09095630769230768
0.1070196923076923
0.1151556923076923
0.10159569230769232
0.051319384615384614
-0.015020307692307692
-0.04652123076923077
-0.035464615384615386
0.0012516923076923076
0.04526953846153846
0.06467076923076923
0.07697907692307693
0.09763200000000001
0.11682461538461539
0.12099692307692309
0.09074769230769231
0.022530461538461537
-0.03942830769230769
-0.0744756923076923
-0.07238953846153846
-0.037342153846153844
-0.03421292307692308
-0.027120000000000002
-0.0070929230769230765
0.02086153846153846
0.054657230769230764
0.045895384615384616
0.006049846153846154
-0.050067692307692306
-0.0853236923076923
-0.09053907692307692
-0.06842584615384616
-0.04714707692307692
-0.041514461538461535
-0.03024923076923077
-0.02858030769230769
-0.004798153846153846
0.003755076923076923
-0.04214030769230769
-0.10514215384615383
-0.15333230769230768
-0.1397723076923077
-0.10764553846153846
-0.07614461538461538
-0.040262769230769234
-0.021904615384615383
-0.004589538461538461
0.014811692307692307
0.03150092307692308
-0.0029206153846153843
-0.05736923076923077
-0.08198584615384615
-0.08866153846153846
-0.05236246153846154
0.0
0.030040615384615384
0.04526953846153846
0.051528
0.06800861538461538
0.09283384615384616
0.07927384615384615
0.033169846153846154
-0.02273907692307692
-0.05757784615384615
-0.058829538461538454
-0.040054153846153843
-0.010013538461538461
-0.003129230769230769
0.016063384615384615
0.06070707692307692
0.10201292307692307
0.11807630769230769
0.08198584615384615
0.03024923076923077
-0.015854769230769228
-0.040679999999999994
-0.025033846153846153
0.003963692307692307
0.010848
0.008970461538461538
0.05069353846153846
0.10827138461538462
0.14102399999999998
0.15187199999999998
0.11724184615384614
0.06362769230769232
0.05090215384615384
0.07155507692307693
0.08907876923076924
0.09158215384615384
0.073224
0.058829538461538454
0.06738276923076922
0.10117846153846152
0.12788123076923075
0.09325107692307691
0.03692492307692308
0.005215384615384615
0.004589538461538461
0.03066646153846154
0.059038153846153844
0.06028984615384615
0.05674338461538461
0.06258461538461538
0.07343261538461537
0.09179076923076923
0.07280676923076923
0.009804923076923077
-0.06759138461538462
-0.10222153846153846
-0.08594953846153845
-0.073224
-0.05590892307692308
-0.038176615384615385
-0.021696
0.02482523076923077
0.07510153846153846
0.09763200000000001
0.06884307692307692
0.009804923076923077
-0.03713353846153846
-0.06446215384615385
-0.05048492307692308
-0.03838523076923077
-0.048816000000000005
-0.061124307692307686
-0.06154153846153846
-0.03045784615384615
-0.010639384615384617
-0.019192615384615384
-0.041514461538461535
-0.05486584615384615
-0.03921969230769231
0.0008344615384615384
0.03921969230769231
0.03588184615384615
0.004798153846153846
-0.017315076923076923
-0.009804923076923077
0.015646153846153844
0.014603076923076923
0.0016689230769230767
-0.017940923076923077
-0.032544
-0.014394461538461538
0.015020307692307692
0.03609046153846154
0.03233538461538461
0.03483876923076923
0.050067692307692306
0.07051199999999999
0.0961716923076923
0.08115138461538463
0.03379569230769231
-0.015854769230769228
-0.025033846153846153
0.015228923076923076
0.054657230769230764
0.08511507692307693
0.092208
0.09387692307692307
0.09763200000000001
