-0.017523692307692306
-0.05736923076923077
-0.06258461538461538
-0.033169846153846154
0.008970461538461538
0.03421292307692308
0.04318338461538461
0.03775938461538462
0.03713353846153846
0.03567323076923076
-0.016272
-0.09679753846153846
-0.14999446153846155
-0.14936861538461538
-0.09658892307692307
-0.028163076923076923
0.04631261538461538
0.09471138461538461
0.12287446153846153
0.1462393846153846
0.1341396923076923
0.10806276923076923
0.03609046153846154
-0.06195876923076923
-0.12913292307692306
-0.15124615384615384
-0.11348676923076922
-0.07051199999999999
-0.030040615384615384
0.017732307692307693
0.06404492307692307
0.09763200000000001
0.10055261538461538
0.06279323076923077
-0.012516923076923077
-0.06675692307692307
-0.07051199999999999
-0.03379569230769231
0.02023569230769231
0.07364123076923076
0.1178676923076923
0.13080184615384613
0.14144123076923076
0.13622584615384614
0.08907876923076924
0.03504738461538461
-0.022530461538461537
-0.056951999999999996
-0.04693846153846153
0.01397723076923077
0.08761846153846153
0.13872923076923074
0.1775316923076923
0.19693292307692306
0.21487384615384614
0.21007569230769232
0.1704387692307692
0.11014892307692307
0.03233538461538461
-0.014185846153846153
-0.009179076923076922
0.0008344615384615384
0.00855323076923077
0.021487384615384613
0.043392
0.05924676923076923
0.05507446153846154
0.054240000000000003
0.010222153846153844
-0.052153846153846155
-0.08344615384615384
-0.07823076923076923
-0.0448523076923077
-0.030040615384615384
0.0025033846153846152
0.025033846153846153
0.03713353846153846
0.06967753846153846
0.05048492307692308
-0.010639384615384617
-0.09784061538461537
-0.15938215384615384
-0.1531236923076923
-0.11056615384615384
-0.0446436923076923
0.0016689230769230767
0.04944184615384615
0.09763200000000001
0.13247076923076923
0.15333230769230768
0.10910584615384614
0.03692492307692308
-0.028371692307692306
-0.06279323076923077
-0.058829538461538454
-0.04672984615384615
-0.033169846153846154
-0.03713353846153846
-0.02044430769230769
0.029206153846153847
0.0771876923076923
0.09179076923076923
0.052153846153846155
0.0018775384615384615
-0.056326153846153845
-0.08866153846153846
-0.08323753846153846
-0.06863446153846153
-0.03901107692307692
-0.014603076923076923
0.03713353846153846
0.08594953846153845
0.10618523076923077
0.08991323076923076
0.017940923076923077
-0.03963692307692308
-0.056951999999999996
-0.023782153846153845
0.021904615384615383
0.042348923076923076
0.0609156923076923
0.08240307692307691
0.12350030769230769
0.14164984615384615
0.12099692307692309
0.07739630769230768
0.0029206153846153843
-0.033169846153846154
-0.025659692307692307
-0.006258461538461538
0.00855323076923077
-0.0033378461538461535
0.00855323076923077
0.03775938461538462
0.06529661538461538
0.07906523076923076
0.04526953846153846
-0.006258461538461538
-0.06049846153846154
-0.0717636923076923
-0.04631261538461538
-0.03045784615384615
-0.020652923076923076
-0.021278769230769233
0.006467076923076923
0.05111076923076923
0.08636676923076922
0.10055261538461538
0.07468430769230769
0.030875076923076922
-0.002712
-0.0016689230769230767
0.011682461538461537
0.010639384615384617
0.015020307692307692
0.03337846153846154
0.05924676923076923
0.08156861538461539
0.08469784615384615
0.051528
-0.009387692307692307
-0.05924676923076923
-0.07259815384615384
-0.05611753846153846
-0.053614153846153846
-0.06863446153846153
-0.07301538461538462
-0.05090215384615384
-0.0050067692307692304
0.02315630769230769
0.012308307692307691
-0.01710646153846154
-0.040262769230769234
-0.031918153846153846
0.003963692307692307
0.01940123076923077
0.021904615384615383
0.02524246153846154
0.03901107692307692
0.08323753846153846
0.12808984615384614
0.15416676923076922
0.13309661538461537
0.07969107692307692
0.06133292307692308
0.07280676923076923
0.08365476923076923
0.09137353846153846
0.08115138461538463
0.07781353846153846
0.09909230769230769
0.13267938461538462
0.15625292307692307
0.12621230769230768
0.06675692307692307
0.013351384615384614
-0.01981846153846154
-0.022947692307692308
-0.01397723076923077
-0.017315076923076923
-0.027120000000000002
-0.010848
0.021904615384615383
0.053614153846153846
0.045895384615384616
-0.010013538461538461
-0.05924676923076923
-0.10201292307692307
-0.11536430769230768
-0.09679753846153846
-0.10180430769230768
-0.09909230769230769
-0.073224
-0.02357353846153846
0.04526953846153846
0.056951999999999996
0.021487384615384613
-0.026702769230769228
-0.07593599999999999
-0.08135999999999999
-0.07030338461538461
-0.05382276923076923
-0.047981538461538464
-0.05111076923076923
-0.019609846153846155
0.02899753846153846
0.07468430769230769
0.0717636923076923
0.02899753846153846
-0.03233538461538461
-0.07948246153846153
-0.07948246153846153
-0.06759138461538462
-0.04902461538461538
-0.054240000000000003
-0.059038153846153844
-0.029206153846153847
0.003963692307692307
0.021904615384615383
-0.008344615384615384
-0.04902461538461538
-0.06926030769230769
-0.07364123076923076
-0.05403138461538461
