-0.04985907692307692
-0.03755076923076923
-0.005424
0.03504738461538461
0.06800861538461538
0.07155507692307693
0.06446215384615385
0.023782153846153845
-0.005215384615384615
-0.019192615384615384
-0.026076923076923077
-0.008136
-0.014185846153846153
-0.009179076923076922
0.006675692307692307
0.04547815384615384
0.09825784615384614
0.09158215384615384
0.04172307692307692
-0.019192615384615384
-0.04819015384615385
-0.042557538461538466
-0.02586830769230769
-0.021696
-0.045060923076923075
-0.051528
-0.03024923076923077
0.009179076923076922
0.030040615384615384
0.0006258461538461538
-0.03567323076923076
-0.05090215384615384
-0.028788923076923077
0.004798153846153846
0.013768615384615384
0.014603076923076923
0.0022947692307692304
0.010639384615384617
0.051319384615384614
0.0826116923076923
0.08302892307692307
0.043600615384615383
0.009596307692307692
0.012099692307692308
0.04401784615384615
0.06550523076923077
0.03692492307692308
-0.0002086153846153846
-0.021278769230769233
-0.008136
0.03150092307692308
0.04631261538461538
0.03963692307692308
0.016272
0.014811692307692307
0.037967999999999995
0.04047138461538462
0.03984553846153846
0.004798153846153846
-0.04276615384615385
-0.05319692307692307
-0.038176615384615385
0.013351384615384614
0.03024923076923077
0.009804923076923077
-0.004589538461538461
-0.013351384615384614
0.003755076923076923
0.015228923076923076
-0.003129230769230769
-0.031709538461538456
-0.03442153846153846
-0.00855323076923077
0.031918153846153846
0.06759138461538462
0.07072061538461538
0.07280676923076923
0.08866153846153846
0.10868861538461538
0.12704676923076924
0.10994030769230768
0.06759138461538462
0.008761846153846153
-0.028371692307692306
-0.013560000000000001
0.002086153846153846
0.011473846153846154
0.018775384615384614
0.050067692307692306
0.0826116923076923
0.08907876923076924
0.09575446153846154
0.059038153846153844
0.012308307692307691
-0.010222153846153844
-0.0043809230769230765
0.024408000000000003
0.021696
0.026494153846153844
0.02211323076923077
0.013768615384615384
0.01940123076923077
-0.003129230769230769
-0.03337846153846154
-0.09074769230769231
-0.1287156923076923
-0.11557292307692307
-0.07614461538461538
-0.006258461538461538
0.03921969230769231
0.058829538461538454
0.06425353846153846
0.05507446153846154
0.03880246153846154
-0.021696
-0.09596307692307693
-0.15959076923076923
-0.1940123076923077
-0.17419384615384614
-0.12725538461538463
-0.06800861538461538
-0.03442153846153846
0.0004172307692307692
0.052153846153846155
0.06863446153846153
0.0446436923076923
-0.025659692307692307
-0.10409907692307692
-0.16021661538461537
-0.18379015384615385
-0.14582215384615385
-0.06946892307692307
-0.0006258461538461538
0.04568676923076923
0.08866153846153846
0.11828492307692307
0.11557292307692307
0.07697907692307693
0.0070929230769230765
-0.05277969230769231
-0.06675692307692307
-0.02232184615384615
0.046104
0.10868861538461538
0.16418030769230768
0.1869193846153846
0.18399876923076922
0.16418030769230768
0.11703323076923078
0.045060923076923075
-0.035464615384615386
-0.06571384615384615
-0.028371692307692306
0.029414769230769227
0.09450276923076922
0.13372246153846154
0.15479261538461536
0.1783661538461538
0.17231630769230769
0.1506203076923077
0.08219446153846154
-0.004798153846153846
-0.06800861538461538
-0.10785415384615385
-0.08386338461538462
-0.028163076923076923
0.051528
0.11056615384615384
0.15667015384615385
0.21028430769230766
0.20319138461538463
0.16292861538461537
0.07572738461538461
-0.017315076923076923
-0.06905169230769231
-0.08094276923076923
-0.01856676923076923
0.051319384615384614
0.11703323076923078
0.17481969230769231
0.19860184615384616
0.2073636923076923
0.16772676923076923
0.07531015384615385
-0.03692492307692308
-0.11745046153846153
-0.13789476923076924
-0.116616
-0.058412307692307694
-0.002086153846153846
0.037967999999999995
0.07489292307692308
0.10347323076923076
0.10660246153846153
0.05653476923076922
-0.020652923076923076
-0.08845292307692308
-0.12850707692307692
-0.1316363076923077
-0.09074769230769231
-0.03045784615384615
0.011265230769230769
0.042348923076923076
0.06258461538461538
0.0678
0.04693846153846153
-0.011682461538461537
-0.08636676923076922
-0.1368516923076923
-0.12704676923076924
-0.061124307692307686
0.011891076923076923
0.059664
0.09053907692307692
0.11557292307692307
0.13476553846153844
0.13455692307692307
0.09325107692307691
0.011265230769230769
-0.07593599999999999
-0.1289243076923077
-0.1218313846153846
-0.08198584615384615
-0.033169846153846154
0.027745846153846152
0.08636676923076922
0.14102399999999998
0.168144
0.154584
0.09179076923076923
-0.0002086153846153846
-0.05611753846153846
-0.06800861538461538
-0.04109723076923077
0.002086153846153846
0.029623384615384614
0.052153846153846155
0.07885661538461539
0.11828492307692307
0.13434830769230768
0.09763200000000001
0.03921969230769231
-0.02044430769230769
-0.040679999999999994
