0.18650215384615382
0.13935507692307691
0.05403138461538461
-0.021696
-0.05507446153846154
-0.023364923076923075
0.021070153846153846
0.07364123076923076
0.14269292307692305
0.18858830769230767
0.22634769230769228
0.22718215384615387
0.1913003076923077
0.12913292307692306
0.05048492307692308
-0.0043809230769230765
-0.024616615384615383
0.0002086153846153846
0.03713353846153846
0.07489292307692308
0.11348676923076922
0.13393107692307693
0.14540492307692307
0.11745046153846153
0.04965046153846154
-0.016897846153846156
-0.06425353846153846
-0.07551876923076924
-0.051528
-0.015228923076923076
0.009804923076923077
0.02899753846153846
0.05444861538461539
0.07238953846153846
0.07259815384615384
0.03942830769230769
-0.028163076923076923
-0.09512861538461538
-0.13789476923076924
-0.13247076923076923
-0.100344
-0.06425353846153846
-0.016063384615384615
0.028371692307692306
0.07823076923076923
0.11348676923076922
0.1028473846153846
0.029414769230769227
-0.0771876923076923
-0.15625292307692307
-0.18712800000000002
-0.15333230769230768
-0.1097316923076923
-0.07948246153846153
-0.03921969230769231
0.003755076923076923
0.040054153846153843
0.032544
-0.010013538461538461
-0.07197230769230768
-0.12788123076923075
-0.12600369230769232
-0.07781353846153846
-0.0012516923076923076
0.07009476923076922
0.10827138461538462
0.12350030769230769
0.13059323076923077
0.12850707692307692
0.08991323076923076
0.031709538461538456
-0.02899753846153846
-0.04860738461538461
-0.012516923076923077
0.033169846153846154
0.07656184615384615
0.10722830769230769
0.13893784615384613
0.17481969230769231
0.200688
0.2127876923076923
0.19442953846153843
0.1341396923076923
0.07072061538461538
0.03942830769230769
0.05069353846153846
0.06717415384615384
0.05236246153846154
0.034630153846153845
0.03609046153846154
0.06592246153846154
0.09304246153846155
0.09283384615384616
0.05277969230769231
-0.0050067692307692304
-0.042974769230769226
-0.03713353846153846
0.009596307692307692
0.03921969230769231
0.05736923076923077
0.07551876923076924
0.09721476923076922
0.10910584615384614
0.08094276923076923
0.026494153846153844
-0.03275261538461539
-0.07468430769230769
-0.09909230769230769
-0.09679753846153846
-0.07197230769230768
-0.06529661538461538
-0.06258461538461538
-0.03567323076923076
-0.005424
0.013351384615384614
-0.0006258461538461538
-0.055491692307692304
-0.10618523076923077
-0.1435273846153846
-0.15771323076923077
-0.16105107692307694
-0.1785747692307692
-0.18942276923076923
-0.18086953846153844
-0.14081538461538462
-0.0892873846153846
-0.051319384615384614
-0.05507446153846154
-0.08866153846153846
-0.1178676923076923
-0.11974523076923077
-0.10722830769230769
-0.10618523076923077
-0.10430769230769231
-0.1097316923076923
-0.08761846153846153
-0.051528
-0.033169846153846154
-0.04860738461538461
-0.08907876923076924
-0.11056615384615384
-0.10868861538461538
-0.06279323076923077
-0.018983999999999997
0.012308307692307691
0.040054153846153843
0.06946892307692307
0.12537784615384615
0.1597993846153846
0.15667015384615385
0.1136953846153846
0.049233230769230765
-0.002086153846153846
-0.02545107692307692
-0.024199384615384616
-0.024616615384615383
-0.025659692307692307
-0.002086153846153846
0.04318338461538461
0.09241661538461539
0.12412615384615384
0.11682461538461539
0.08490646153846154
0.04547815384615384
0.03400430769230769
0.04819015384615385
0.046104
0.03567323076923076
0.032544
0.054240000000000003
0.10722830769230769
0.16188553846153847
0.17023015384615386
0.12683815384615382
0.059872615384615385
-0.0016689230769230767
-0.012099692307692308
0.011891076923076923
0.026076923076923077
0.032544
0.042974769230769226
0.06967753846153846
0.11035753846153845
0.12099692307692309
0.08740984615384616
0.035464615384615386
-0.002086153846153846
-0.010848
-0.02482523076923077
-0.04547815384615384
-0.06967753846153846
-0.07948246153846153
-0.06028984615384615
-0.026494153846153844
0.013560000000000001
0.006258461538461538
-0.043392
-0.09408553846153846
-0.11745046153846153
-0.09700615384615385
-0.08386338461538462
-0.07405846153846153
-0.06216738461538462
-0.04652123076923077
-0.013560000000000001
0.013351384615384614
0.021487384615384613
-0.02232184615384615
-0.07927384615384615
-0.10994030769230768
-0.0988836923076923
-0.04860738461538461
-0.02086153846153846
0.0006258461538461538
0.018358153846153843
0.04214030769230769
0.06905169230769231
0.07384984615384615
0.07551876923076924
0.04214030769230769
-0.0002086153846153846
-0.0029206153846153843
0.017940923076923077
0.03400430769230769
0.01981846153846154
0.009387692307692307
0.03755076923076923
0.08115138461538463
0.11432123076923076
0.10827138461538462
0.07510153846153846
0.03588184615384615
0.008136
0.02273907692307692
0.05382276923076923
0.084072
0.09179076923076923
0.09658892307692307
0.1218313846153846
0.13184492307692308
0.12642092307692307
0.09784061538461537
0.04526953846153846
-0.0014603076923076922
