0.03108369230769231
0.04193169230769231
0.04714707692307692
0.056951999999999996
0.05319692307692307
0.024616615384615383
-0.03859384615384615
-0.12245723076923076
-0.16063384615384615
-0.13184492307692308
-0.07009476923076922
-0.0016689230769230767
0.047772923076923074
0.08574092307692306
0.12120553846153845
0.12975876923076923
0.10827138461538462
0.04693846153846153
-0.05674338461538461
-0.1368516923076923
-0.15103753846153847
-0.11244369230769231
-0.05757784615384615
-0.01814953846153846
0.011265230769230769
0.027745846153846152
0.04547815384615384
0.058412307692307694
0.04109723076923077
-0.0016689230769230767
-0.06967753846153846
-0.11807630769230769
-0.11891076923076922
-0.09179076923076923
-0.051528
-0.017315076923076923
0.018358153846153843
0.054657230769230764
0.07572738461538461
0.05090215384615384
-0.014185846153846153
-0.08490646153846154
-0.13706030769230768
-0.13726892307692307
-0.10493353846153847
-0.04944184615384615
0.002712
0.030040615384615384
0.06028984615384615
0.07948246153846153
0.08469784615384615
0.073224
0.03024923076923077
-0.004798153846153846
-0.013142769230769229
-0.007927384615384614
-0.0022947692307692304
0.003963692307692307
0.018358153846153843
0.03129230769230769
0.06592246153846154
0.0974233846153846
0.09596307692307693
0.054240000000000003
-0.020652923076923076
-0.04839876923076923
-0.031709538461538456
0.004172307692307692
0.04965046153846154
0.06863446153846153
0.08845292307692308
0.11870215384615385
0.1422756923076923
0.14582215384615385
0.10055261538461538
0.026494153846153844
-0.04088861538461538
-0.06967753846153846
-0.05486584615384615
-0.014185846153846153
0.020652923076923076
0.035464615384615386
0.06967753846153846
0.10827138461538462
0.14102399999999998
0.13393107692307693
0.06654830769230768
-0.003755076923076923
-0.06133292307692308
-0.06675692307692307
-0.04109723076923077
-0.03024923076923077
-0.009387692307692307
0.01397723076923077
0.059872615384615385
0.1070196923076923
0.10994030769230768
0.06571384615384615
-0.011265230769230769
-0.06654830769230768
-0.08073415384615384
-0.06341907692307691
-0.047772923076923074
-0.05027630769230769
-0.05799507692307692
-0.0609156923076923
-0.021696
0.014185846153846153
0.0029206153846153843
-0.03692492307692308
-0.08448923076923077
-0.0961716923076923
-0.08073415384615384
-0.04672984615384615
-0.002086153846153846
0.02023569230769231
0.04214030769230769
0.07238953846153846
0.09700615384615385
0.10159569230769232
0.050067692307692306
-0.014185846153846153
-0.06133292307692308
-0.07823076923076923
-0.04944184615384615
-0.03379569230769231
-0.021278769230769233
0.0004172307692307692
0.028788923076923077
0.07009476923076922
0.0855323076923077
0.05570030769230769
-0.01272553846153846
-0.078648
-0.10889723076923077
-0.10201292307692307
-0.0678
-0.035464615384615386
0.002712
0.051528
0.09471138461538461
0.13643446153846153
0.13810338461538463
0.09304246153846155
0.035464615384615386
-0.014394461538461538
-0.018775384615384614
-0.003755076923076923
0.008136
0.014811692307692307
0.012516923076923077
0.03066646153846154
0.06467076923076923
0.09262523076923077
0.07927384615384615
0.03755076923076923
0.0043809230769230765
-0.0002086153846153846
0.02044430769230769
0.035464615384615386
0.03337846153846154
0.02211323076923077
0.04109723076923077
0.08115138461538463
0.10013538461538461
0.08344615384615384
0.03775938461538462
-0.014603076923076923
-0.05194523076923077
-0.05444861538461539
-0.03442153846153846
-0.012099692307692308
0.011265230769230769
0.052153846153846155
0.09909230769230769
0.14790830769230767
0.16772676923076923
0.12934153846153845
0.07697907692307693
0.015646153846153844
-0.02211323076923077
-0.040054153846153843
-0.05924676923076923
-0.04944184615384615
-0.03650769230769231
0.0008344615384615384
0.05611753846153846
0.08887015384615385
0.08657538461538461
0.02482523076923077
-0.03275261538461539
-0.05862092307692307
-0.05674338461538461
-0.022530461538461537
-0.0012516923076923076
0.027745846153846152
0.055491692307692304
0.08115138461538463
0.09679753846153846
0.073224
0.021904615384615383
-0.04819015384615385
-0.06800861538461538
-0.056951999999999996
-0.027328615384615382
0.017523692307692306
0.008136
0.01814953846153846
0.06633969230769231
0.11223507692307692
0.15562707692307692
0.146448
0.11348676923076922
0.07092923076923077
0.03358707692307692
0.040262769230769234
0.04839876923076923
0.04714707692307692
0.03880246153846154
0.052153846153846155
0.08761846153846153
0.111192
0.11849353846153846
0.07030338461538461
0.016897846153846156
-0.006049846153846154
-0.010848
0.013768615384615384
0.007927384615384614
-0.0002086153846153846
0.012934153846153845
0.04318338461538461
0.1045163076923077
0.11411261538461538
0.08323753846153846
0.032544
-0.023990769230769232
-0.03337846153846154
-0.02357353846153846
0.004589538461538461
0.016063384615384615
0.02232184615384615
0.05090215384615384
0.07092923076923077
