0.051528
0.06279323076923077
0.03504738461538461
-0.0077187692307692304
-0.015020307692307692
-0.011265230769230769
0.015228923076923076
0.0050067692307692304
-0.030875076923076922
-0.042974769230769226
-0.03713353846153846
0.0014603076923076922
0.012099692307692308
0.010013538461538461
0.0006258461538461538
-0.012099692307692308
0.025033846153846153
0.06049846153846154
0.0826116923076923
0.06863446153846153
0.030875076923076922
0.024616615384615383
0.029414769230769227
0.05111076923076923
0.053614153846153846
0.03400430769230769
0.045895384615384616
0.0771876923076923
0.11473846153846154
0.12767261538461538
0.10931446153846153
0.07092923076923077
0.03275261538461539
0.03567323076923076
0.05444861538461539
0.08115138461538463
0.0897046153846154
0.08448923076923077
0.10910584615384614
0.13101046153846155
0.1543753846153846
0.15833907692307692
0.11557292307692307
0.07238953846153846
0.04130584615384615
0.03337846153846154
0.038176615384615385
0.048816000000000005
0.05674338461538461
0.06154153846153846
0.092208
0.11140061538461538
0.1218313846153846
0.09053907692307692
0.019609846153846155
-0.027745846153846152
-0.053614153846153846
-0.03859384615384615
-0.021487384615384613
-0.009596307692307692
0.0070929230769230765
0.025033846153846153
0.04839876923076923
0.04819015384615385
0.02023569230769231
-0.05090215384615384
-0.13059323076923077
-0.16188553846153847
-0.16021661538461537
-0.12391753846153845
-0.06654830769230768
-0.006049846153846154
0.046104
0.05194523076923077
0.04965046153846154
0.02545107692307692
-0.03713353846153846
-0.10889723076923077
-0.1696043076923077
-0.16730953846153845
-0.14290153846153844
-0.09846646153846153
-0.05382276923076923
-0.042974769230769226
-0.01981846153846154
-0.006049846153846154
0.002712
-0.029414769230769227
-0.10368184615384615
-0.14123261538461537
-0.1585476923076923
-0.13080184615384613
-0.08156861538461539
-0.04526953846153846
-0.0002086153846153846
0.03379569230769231
0.07426707692307692
0.07948246153846153
0.03713353846153846
-0.037967999999999995
-0.13184492307692308
-0.1792006153846154
-0.18170399999999998
-0.13080184615384613
-0.04756430769230769
0.019609846153846155
0.0988836923076923
0.15541846153846153
0.1760713846153846
0.143736
0.044435076923076924
-0.034630153846153845
-0.09596307692307693
-0.1028473846153846
-0.05382276923076923
0.0070929230769230765
0.08490646153846154
0.12850707692307692
0.1637630769230769
0.16251138461538459
0.12245723076923076
0.06592246153846154
-0.03671630769230769
-0.11557292307692307
-0.13998092307692306
-0.08949599999999999
0.0
0.07426707692307692
0.130176
0.15291507692307693
0.17002153846153847
0.14978584615384616
0.08490646153846154
0.015437538461538461
-0.06842584615384616
-0.12245723076923076
-0.124752
-0.0936683076923077
-0.03379569230769231
0.010848
0.055491692307692304
0.10076123076923077
0.12099692307692309
0.11807630769230769
0.06362769230769232
-0.010222153846153844
-0.06821723076923077
-0.09304246153846155
-0.05173661538461538
0.0014603076923076922
0.03755076923076923
0.0678
0.08094276923076923
0.09199938461538461
0.07969107692307692
0.012934153846153845
-0.09304246153846155
-0.1883796923076923
-0.222384
-0.1800350769230769
-0.0974233846153846
-0.020027076923076922
0.045895384615384616
0.0936683076923077
0.11160923076923077
0.10827138461538462
0.08177723076923075
0.018983999999999997
-0.06529661538461538
-0.12099692307692309
-0.11953661538461538
-0.07885661538461539
-0.023364923076923075
0.02023569230769231
0.05090215384615384
0.08240307692307691
0.11494707692307692
0.12955015384615384
0.10910584615384614
0.06467076923076923
0.025033846153846153
0.018983999999999997
0.03921969230769231
0.07364123076923076
0.10827138461538462
0.12704676923076924
0.1449876923076923
0.16042523076923076
0.15896492307692306
0.13455692307692307
0.07426707692307692
-0.0012516923076923076
-0.05507446153846154
-0.06300184615384616
-0.04568676923076923
-0.020652923076923076
0.01940123076923077
0.059872615384615385
0.10263876923076923
0.12600369230769232
0.12350030769230769
0.07072061538461538
-0.03421292307692308
-0.12037107692307693
-0.1531236923076923
-0.12120553846153845
-0.08010830769230769
-0.05507446153846154
-0.03129230769230769
-0.007927384615384614
0.027120000000000002
0.04088861538461538
0.026076923076923077
-0.010639384615384617
-0.06905169230769231
-0.1028473846153846
-0.086784
-0.04860738461538461
-0.01814953846153846
-0.011265230769230769
0.001043076923076923
0.03421292307692308
0.06154153846153846
0.06884307692307692
0.028163076923076923
-0.050067692307692306
-0.12934153846153845
-0.1718990769230769
-0.1635544615384615
-0.12454338461538461
-0.07635323076923077
-0.029414769230769227
0.033169846153846154
0.09179076923076923
0.11891076923076922
0.0974233846153846
0.02586830769230769
-0.06008123076923077
-0.11411261538461538
-0.10994030769230768
-0.08448923076923077
-0.05507446153846154
-0.015020307692307692
0.026285538461538457
