0.08115138461538463
0.004798153846153846
-0.06487938461538462
-0.0936683076923077
-0.04088861538461538
0.016063384615384615
0.07280676923076923
0.11578153846153846
0.13393107692307693
0.16167692307692308
0.15291507692307693
0.11098338461538461
0.014603076923076923
-0.09053907692307692
-0.14311015384615386
-0.154584
-0.086784
-0.003129230769230769
0.05653476923076922
0.08782707692307692
0.08887015384615385
0.08448923076923077
0.03713353846153846
-0.028788923076923077
-0.103056
-0.16209415384615386
-0.16209415384615386
-0.12516923076923075
-0.03692492307692308
0.037342153846153844
0.07134646153846153
0.09971815384615385
0.08490646153846154
0.0744756923076923
0.046104
-0.027328615384615382
-0.08782707692307692
-0.1205796923076923
-0.09387692307692307
-0.03921969230769231
0.015228923076923076
0.07155507692307693
0.11077476923076923
0.12683815384615382
0.11098338461538461
0.07259815384615384
0.004798153846153846
-0.06967753846153846
-0.10576799999999999
-0.09575446153846154
-0.044435076923076924
0.02044430769230769
0.0892873846153846
0.14144123076923076
0.157296
0.1543753846153846
0.1151556923076923
0.05528307692307692
-0.013351384615384614
-0.07405846153846153
-0.08052553846153847
-0.047772923076923074
0.013560000000000001
0.07885661538461539
0.13309661538461537
0.17273353846153844
0.1867107692307692
0.17648861538461538
0.11327815384615383
0.031918153846153846
-0.04547815384615384
-0.09512861538461538
-0.08907876923076924
-0.05945538461538461
-0.0012516923076923076
0.04172307692307692
0.06675692307692307
0.10514215384615383
0.10910584615384614
0.08115138461538463
0.026911384615384615
-0.044435076923076924
-0.08219446153846154
-0.10243015384615384
-0.10493353846153847
-0.0934596923076923
-0.0855323076923077
-0.07489292307692308
-0.05173661538461538
-0.0012516923076923076
0.02273907692307692
-0.004172307692307692
-0.065088
-0.12704676923076924
-0.14957723076923077
-0.14185846153846154
-0.12099692307692309
-0.08198584615384615
-0.035464615384615386
0.003755076923076923
0.04672984615384615
0.08448923076923077
0.08198584615384615
0.03233538461538461
-0.027745846153846152
-0.06467076923076923
-0.06550523076923077
-0.04672984615384615
-0.03233538461538461
-0.02753723076923077
-0.01814953846153846
0.014185846153846153
0.058412307692307694
0.08240307692307691
0.06300184615384616
0.01272553846153846
-0.03108369230769231
-0.03588184615384615
0.0025033846153846152
0.03963692307692308
0.05674338461538461
0.05757784615384615
0.05528307692307692
0.08636676923076922
0.10514215384615383
0.08386338461538462
0.038176615384615385
-0.01981846153846154
-0.05090215384615384
-0.03567323076923076
0.02211323076923077
0.08031692307692308
0.10555938461538462
0.11682461538461539
0.14436184615384615
0.1787833846153846
0.17628
0.1341396923076923
0.07197230769230768
0.014185846153846153
-0.005424
0.008136
0.02858030769230769
0.04088861538461538
0.04985907692307692
0.07572738461538461
0.11807630769230769
0.1435273846153846
0.13434830769230768
0.09763200000000001
0.04944184615384615
0.020652923076923076
0.022530461538461537
0.03504738461538461
0.042348923076923076
0.028371692307692306
0.02545107692307692
0.05298830769230769
0.09012184615384615
0.11265230769230769
0.0936683076923077
0.065088
0.03755076923076923
0.023782153846153845
0.050067692307692306
0.06821723076923077
0.07468430769230769
0.09053907692307692
0.09992676923076924
0.11244369230769231
0.10117846153846152
0.059664
0.014603076923076923
-0.022530461538461537
-0.011891076923076923
0.032544
0.05403138461538461
0.04214030769230769
0.017315076923076923
0.014394461538461538
0.03567323076923076
0.04130584615384615
0.02482523076923077
-0.021070153846153846
-0.07969107692307692
-0.10389046153846154
-0.09804923076923076
-0.06592246153846154
-0.047772923076923074
-0.061124307692307686
-0.05298830769230769
-0.019609846153846155
0.03838523076923077
0.07510153846153846
0.05236246153846154
-0.004798153846153846
-0.07134646153846153
-0.08386338461538462
-0.07343261538461537
-0.06571384615384615
-0.03984553846153846
-0.026285538461538457
0.012099692307692308
0.06967753846153846
0.1097316923076923
0.10889723076923077
0.04714707692307692
-0.009179076923076922
-0.02273907692307692
0.005215384615384615
0.035464615384615386
0.03713353846153846
0.03483876923076923
0.018983999999999997
-0.005424
-0.010848
-0.019609846153846155
-0.08115138461538463
-0.16459753846153846
-0.19609846153846153
-0.17315076923076922
-0.12391753846153845
-0.07364123076923076
-0.055491692307692304
-0.047772923076923074
-0.044435076923076924
-0.016480615384615385
0.018983999999999997
0.0012516923076923076
-0.020652923076923076
-0.04672984615384615
-0.06070707692307692
-0.052153846153846155
-0.040054153846153843
-0.04965046153846154
-0.09763200000000001
-0.13914646153846155
-0.14436184615384615
-0.11452984615384615
-0.09825784615384614
-0.09283384615384616
-0.10013538461538461
-0.0892873846153846
-0.024408000000000003
