0.059872615384615385
0.01940123076923077
0.0070929230769230765
-0.010848
-0.0006258461538461538
0.017940923076923077
0.0050067692307692304
0.0033378461538461535
0.005215384615384615
0.03921969230769231
0.04714707692307692
0.018983999999999997
-0.01397723076923077
-0.05319692307692307
-0.05319692307692307
-0.026494153846153844
0.028371692307692306
0.06675692307692307
0.07468430769230769
0.10493353846153847
0.11807630769230769
0.13372246153846154
0.12683815384615382
0.0771876923076923
0.028163076923076923
-0.02753723076923077
-0.02899753846153846
-0.010848
0.016480615384615385
0.06341907692307691
0.06571384615384615
0.08574092307692306
0.09846646153846153
0.08991323076923076
0.06070707692307692
-0.016272
-0.06738276923076922
-0.09679753846153846
-0.07739630769230768
-0.04401784615384615
-0.016897846153846156
0.013560000000000001
0.010013538461538461
0.041514461538461535
0.05924676923076923
0.04547815384615384
-0.0022947692307692304
-0.06863446153846153
-0.06821723076923077
-0.06821723076923077
-0.047981538461538464
-0.004798153846153846
0.021070153846153846
0.05611753846153846
0.07510153846153846
0.10159569230769232
0.0936683076923077
0.03108369230769231
-0.030040615384615384
-0.09304246153846155
-0.09867507692307692
-0.05716061538461538
-0.003963692307692307
0.05716061538461538
0.08428061538461538
0.12308307692307692
0.1314276923076923
0.11411261538461538
0.08490646153846154
0.0012516923076923076
-0.05674338461538461
-0.09304246153846155
-0.0717636923076923
-0.013560000000000001
0.025659692307692307
0.06863446153846153
0.07927384615384615
0.10931446153846153
0.13226215384615383
0.1097316923076923
0.05924676923076923
-0.017523692307692306
-0.051528
-0.045060923076923075
-0.008344615384615384
0.03838523076923077
0.07113784615384615
0.10931446153846153
0.1316363076923077
0.15249784615384615
0.15249784615384615
0.10785415384615385
0.035464615384615386
-0.03567323076923076
-0.05716061538461538
-0.05736923076923077
-0.023364923076923075
0.028371692307692306
0.05194523076923077
0.07760492307692309
0.08699261538461538
0.09241661538461539
0.05757784615384615
-0.027745846153846152
-0.09429415384615383
-0.1341396923076923
-0.10764553846153846
-0.056326153846153845
-0.01668923076923077
0.014603076923076923
0.012308307692307691
0.029832
0.04109723076923077
0.026911384615384615
-0.005215384615384615
-0.06529661538461538
-0.10159569230769232
-0.10722830769230769
-0.06717415384615384
-0.015437538461538461
0.026285538461538457
0.06863446153846153
0.07885661538461539
0.08615815384615384
0.06028984615384615
0.012099692307692308
-0.03504738461538461
-0.09429415384615383
-0.11807630769230769
-0.11286092307692308
-0.07301538461538462
-0.02545107692307692
0.006884307692307692
0.042974769230769226
0.06404492307692307
0.07197230769230768
0.053614153846153846
0.0035464615384615383
-0.038176615384615385
-0.07113784615384615
-0.06988615384615385
-0.017315076923076923
0.029623384615384614
0.065088
0.08031692307692308
0.09137353846153846
0.09429415384615383
0.06049846153846154
0.021487384615384613
-0.030040615384615384
-0.059664
-0.06863446153846153
-0.050067692307692306
-0.0022947692307692304
0.03108369230769231
0.07843938461538462
0.10868861538461538
0.1205796923076923
0.12204
0.09241661538461539
0.03984553846153846
-0.02795446153846154
-0.06926030769230769
-0.07927384615384615
-0.07051199999999999
-0.05382276923076923
-0.02545107692307692
0.015228923076923076
0.05444861538461539
0.09679753846153846
0.10138707692307691
0.05674338461538461
-0.016063384615384615
-0.07510153846153846
-0.08448923076923077
-0.06842584615384616
-0.037967999999999995
-0.008344615384615384
0.005424
0.024199384615384616
0.03692492307692308
0.03567323076923076
0.028788923076923077
-0.0070929230769230765
-0.03504738461538461
-0.032544
-0.008136
0.02044430769230769
0.031709538461538456
0.030875076923076922
0.03880246153846154
0.06321046153846153
0.06759138461538462
0.06154153846153846
0.03233538461538461
-0.012099692307692308
-0.037342153846153844
-0.042348923076923076
-0.015854769230769228
-0.008970461538461538
-0.028788923076923077
-0.03150092307692308
-0.017732307692307693
0.021278769230769233
0.046104
0.02357353846153846
-0.014394461538461538
-0.05069353846153846
-0.04839876923076923
-0.03358707692307692
-0.024616615384615383
-0.01814953846153846
-0.03650769230769231
-0.025033846153846153
0.002086153846153846
0.031709538461538456
0.04693846153846153
0.009596307692307692
-0.019192615384615384
-0.03942830769230769
-0.03880246153846154
-0.018983999999999997
-0.011056615384615385
0.009179076923076922
0.023990769230769232
0.06759138461538462
0.10681107692307691
0.10743692307692307
0.09450276923076922
0.03275261538461539
0.006675692307692307
0.020652923076923076
0.03692492307692308
0.06821723076923077
0.06070707692307692
0.03901107692307692
0.03671630769230769
0.042557538461538466
0.05090215384615384
0.044435076923076924
0.021070153846153846
-0.01668923076923077
-0.042348923076923076
-0.02858030769230769
