0.024408000000000003
-0.013351384615384614
-0.026911384615384615
-0.016480615384615385
-0.003129230769230769
-0.021696
-0.015854769230769228
0.008970461538461538
0.03984553846153846
0.07092923076923077
0.05945538461538461
0.021070153846153846
-0.05048492307692308
-0.08782707692307692
-0.05048492307692308
-0.012099692307692308
0.030040615384615384
0.04672984615384615
0.05027630769230769
0.06321046153846153
0.06425353846153846
0.04693846153846153
-0.017940923076923077
-0.08010830769230769
-0.12725538461538463
-0.15520984615384617
-0.14144123076923076
-0.1205796923076923
-0.09158215384615384
-0.05653476923076922
-0.010848
0.03650769230769231
0.05090215384615384
0.03880246153846154
-0.01043076923076923
-0.07885661538461539
-0.13393107692307693
-0.14477907692307693
-0.09533723076923077
-0.03629907692307692
0.023782153846153845
0.07656184615384615
0.1358086153846154
0.18316430769230768
0.15187199999999998
0.07948246153846153
-0.008344615384615384
-0.06988615384615385
-0.07468430769230769
-0.03275261538461539
0.03588184615384615
0.07843938461538462
0.10806276923076923
0.12350030769230769
0.13622584615384614
0.14853415384615384
0.10076123076923077
0.028788923076923077
-0.042557538461538466
-0.08198584615384615
-0.06738276923076922
-0.03984553846153846
0.015646153846153844
0.07092923076923077
0.11056615384615384
0.12704676923076924
0.11265230769230769
0.0853236923076923
0.0070929230769230765
-0.06863446153846153
-0.1045163076923077
-0.09199938461538461
-0.016897846153846156
0.04652123076923077
0.09491999999999999
0.12224861538461537
0.12683815384615382
0.12391753846153845
0.08949599999999999
0.024199384615384616
-0.05820369230769231
-0.12934153846153845
-0.16856123076923077
-0.1570873846153846
-0.09992676923076924
-0.01940123076923077
0.06341907692307691
0.12266584615384615
0.15604430769230768
0.14811692307692306
0.07843938461538462
-0.02232184615384615
-0.12600369230769232
-0.19797599999999999
-0.21111876923076925
-0.168144
-0.08782707692307692
-0.015228923076923076
0.04380923076923077
0.07656184615384615
0.08615815384615384
0.05924676923076923
-0.02858030769230769
-0.11265230769230769
-0.1570873846153846
-0.1506203076923077
-0.10055261538461538
-0.03108369230769231
0.03045784615384615
0.0717636923076923
0.10994030769230768
0.12350030769230769
0.10743692307692307
0.043600615384615383
-0.04672984615384615
-0.11703323076923078
-0.15374953846153847
-0.13664307692307692
-0.08574092307692306
-0.010848
0.06362769230769232
0.12412615384615384
0.16084246153846155
0.15228923076923076
0.10868861538461538
0.02023569230769231
-0.07697907692307693
-0.12433476923076923
-0.11432123076923076
-0.065088
0.0002086153846153846
0.059872615384615385
0.10952307692307692
0.14290153846153844
0.1422756923076923
0.11724184615384614
0.04819015384615385
-0.040054153846153843
-0.09763200000000001
-0.0974233846153846
-0.037967999999999995
0.017732307692307693
0.0828203076923077
0.130176
0.15291507692307693
0.1785747692307692
0.16772676923076923
0.124752
0.03337846153846154
-0.05507446153846154
-0.09971815384615385
-0.09825784615384614
-0.03984553846153846
0.026911384615384615
0.08594953846153845
0.124752
0.14290153846153844
0.13852061538461538
0.08657538461538461
0.002086153846153846
-0.0855323076923077
-0.14978584615384616
-0.16251138461538459
-0.13935507692307691
-0.0855323076923077
-0.02586830769230769
0.006675692307692307
0.04985907692307692
0.07781353846153846
0.07030338461538461
0.02211323076923077
-0.056326153846153845
-0.11452984615384615
-0.143736
-0.12099692307692309
-0.06988615384615385
-0.012934153846153845
0.03942830769230769
0.06341907692307691
0.07927384615384615
0.08636676923076922
0.056951999999999996
-0.005841230769230769
-0.0717636923076923
-0.10013538461538461
-0.06258461538461538
-0.0029206153846153843
0.048816000000000005
0.08344615384615384
0.0897046153846154
0.09012184615384615
0.0934596923076923
0.08094276923076923
0.02899753846153846
-0.025033846153846153
-0.0853236923076923
-0.12370892307692308
-0.09846646153846153
-0.06216738461538462
-0.021070153846153846
0.010639384615384617
0.04276615384615385
0.07885661538461539
0.08845292307692308
0.07051199999999999
0.02273907692307692
-0.030875076923076922
-0.054657230769230764
-0.025033846153846153
0.02545107692307692
0.06613107692307692
0.09784061538461537
0.10764553846153846
0.12016246153846154
0.11911938461538461
0.08177723076923075
0.027745846153846152
-0.026076923076923077
-0.0448523076923077
-0.033169846153846154
0.006049846153846154
0.04902461538461538
0.06905169230769231
0.09408553846153846
0.1136953846153846
0.12725538461538463
0.12934153846153845
0.08469784615384615
0.012308307692307691
-0.059872615384615385
-0.09471138461538461
-0.08094276923076923
-0.05048492307692308
-0.024408000000000003
-0.012934153846153845
0.013351384615384614
0.05236246153846154
0.08991323076923076
0.11035753846153845
0.08636676923076922
0.051528
0.027328615384615382
0.030040615384615384
0.06154153846153846
