-0.08386338461538462
-0.07238953846153846
-0.06300184615384616
-0.04902461538461538
-0.02899753846153846
-0.0022947692307692304
0.047772923076923074
0.10055261538461538
0.09158215384615384
0.040054153846153843
-0.014811692307692307
-0.04735569230769231
-0.03483876923076923
-0.01814953846153846
0.0014603076923076922
0.014811692307692307
0.017315076923076923
0.04965046153846154
0.07510153846153846
0.07092923076923077
0.03108369230769231
-0.0448523076923077
-0.09554584615384615
-0.09700615384615385
-0.056951999999999996
-0.012934153846153845
0.0002086153846153846
0.015228923076923076
0.053614153846153846
0.09304246153846155
0.10430769230769231
0.08094276923076923
0.01981846153846154
-0.05319692307692307
-0.07635323076923077
-0.05862092307692307
-0.03609046153846154
-0.02545107692307692
-0.03838523076923077
-0.040679999999999994
-0.020652923076923076
0.0070929230769230765
0.01397723076923077
-0.029414769230769227
-0.09158215384615384
-0.12704676923076924
-0.09950953846153845
-0.04902461538461538
-0.007301538461538462
0.020652923076923076
0.010639384615384617
0.013351384615384614
0.012099692307692308
-0.0043809230769230765
-0.023364923076923075
-0.06154153846153846
-0.07739630769230768
-0.07301538461538462
-0.03442153846153846
0.008344615384615384
0.005215384615384615
0.003129230769230769
0.005215384615384615
0.03379569230769231
0.06884307692307692
0.07510153846153846
0.06738276923076922
0.02023569230769231
0.012934153846153845
0.03358707692307692
0.03650769230769231
0.028371692307692306
-0.03880246153846154
-0.08010830769230769
-0.07572738461538461
-0.03984553846153846
0.005215384615384615
0.0008344615384615384
-0.009596307692307692
-0.021487384615384613
-0.00855323076923077
0.024408000000000003
0.03379569230769231
0.022530461538461537
-0.017523692307692306
-0.03880246153846154
-0.030040615384615384
-0.019192615384615384
-0.01710646153846154
-0.03275261538461539
-0.029623384615384614
-0.010222153846153844
0.014394461538461538
0.030040615384615384
0.015646153846153844
-0.011473846153846154
-0.042557538461538466
-0.03859384615384615
-0.0022947692307692304
0.03921969230769231
0.07510153846153846
0.07405846153846153
0.07051199999999999
0.08115138461538463
0.08949599999999999
0.07969107692307692
0.026285538461538457
-0.025659692307692307
-0.05319692307692307
-0.037967999999999995
0.015854769230769228
0.05444861538461539
0.07802215384615384
0.07468430769230769
0.08115138461538463
0.10368184615384615
0.08094276923076923
0.042974769230769226
-0.009804923076923077
-0.05319692307692307
-0.0448523076923077
-0.012934153846153845
0.015646153846153844
0.017523692307692306
0.01272553846153846
0.02232184615384615
0.055491692307692304
0.07823076923076923
0.06049846153846154
0.016480615384615385
-0.04756430769230769
-0.06842584615384616
-0.04109723076923077
0.0008344615384615384
0.04839876923076923
0.08198584615384615
0.11891076923076922
0.14144123076923076
0.13351384615384615
0.10389046153846154
0.03609046153846154
-0.05653476923076922
-0.1207883076923077
-0.13226215384615383
-0.09179076923076923
-0.03838523076923077
0.012308307692307691
0.05382276923076923
0.06821723076923077
0.07280676923076923
0.06884307692307692
0.02899753846153846
-0.04693846153846153
-0.10096984615384616
-0.11974523076923077
-0.09909230769230769
-0.05736923076923077
-0.030040615384615384
-0.0018775384615384615
0.02315630769230769
0.06028984615384615
0.07364123076923076
0.04380923076923077
-0.009179076923076922
-0.086784
-0.13747753846153846
-0.13643446153846153
-0.08428061538461538
-0.016063384615384615
0.03275261538461539
0.07301538461538462
0.103056
0.11703323076923078
0.08636676923076922
0.01668923076923077
-0.07092923076923077
-0.14290153846153844
-0.15333230769230768
-0.1314276923076923
-0.08302892307692307
-0.013142769230769229
0.035255999999999996
0.07510153846153846
0.09784061538461537
0.0974233846153846
0.07259815384615384
0.0050067692307692304
-0.07301538461538462
-0.1097316923076923
-0.08344615384615384
-0.025659692307692307
0.04047138461538462
0.08302892307692307
0.09450276923076922
0.10222153846153846
0.09846646153846153
0.07614461538461538
0.030040615384615384
-0.018983999999999997
-0.04214030769230769
-0.02232184615384615
0.033169846153846154
0.078648
0.119328
0.15813046153846153
0.18504184615384617
0.200688
0.1760713846153846
0.12516923076923075
0.052153846153846155
-0.017940923076923077
-0.047981538461538464
-0.042557538461538466
0.0006258461538461538
0.05862092307692307
0.10931446153846153
0.13914646153846155
0.16209415384615386
0.16584923076923075
0.12934153846153845
0.06800861538461538
-0.0077187692307692304
-0.049233230769230765
-0.02858030769230769
0.02211323076923077
0.07572738461538461
0.1207883076923077
0.13226215384615383
0.12204
0.10138707692307691
0.07030338461538461
0.04193169230769231
-0.011891076923076923
-0.04985907692307692
-0.042974769230769226
-0.0012516923076923076
0.06070707692307692
0.08907876923076924
0.09554584615384615
0.08699261538461538
0.08156861538461539
0.06300184615384616
0.00855323076923077
-0.05820369230769231
