-0.0070929230769230765
-0.04401784615384615
-0.03984553846153846
0.0018775384615384615
0.03483876923076923
0.059872615384615385
0.07092923076923077
0.08198584615384615
0.10868861538461538
0.12642092307692307
0.11494707692307692
0.056326153846153845
-0.003963692307692307
-0.03421292307692308
-0.011473846153846154
0.026702769230769228
0.031709538461538456
0.03421292307692308
0.03358707692307692
0.040262769230769234
0.05194523076923077
0.04693846153846153
0.006049846153846154
-0.06884307692307692
-0.11953661538461538
-0.1136953846153846
-0.08156861538461539
-0.05653476923076922
-0.051528
-0.03421292307692308
0.0035464615384615383
0.04839876923076923
0.08031692307692308
0.03567323076923076
-0.01981846153846154
-0.04693846153846153
-0.04422646153846154
-0.014185846153846153
-0.003129230769230769
0.011682461538461537
0.0016689230769230767
0.0006258461538461538
0.023364923076923075
0.04756430769230769
0.073224
0.04568676923076923
0.011473846153846154
-0.006258461538461538
0.0014603076923076922
0.03400430769230769
0.03859384615384615
0.03212676923076923
0.024408000000000003
0.05486584615384615
0.09930092307692308
0.10952307692307692
0.08699261538461538
0.0025033846153846152
-0.06154153846153846
-0.06863446153846153
-0.045060923076923075
-0.012934153846153845
-0.027745846153846152
-0.040679999999999994
-0.032544
-0.007927384615384614
0.03296123076923077
0.034630153846153845
0.025033846153846153
0.00855323076923077
0.010222153846153844
0.05319692307692307
0.08782707692307692
0.10722830769230769
0.07426707692307692
0.03045784615384615
0.02211323076923077
0.02858030769230769
0.03713353846153846
0.008344615384615384
-0.013351384615384614
-0.015854769230769228
0.0077187692307692304
0.06195876923076923
0.06425353846153846
0.03045784615384615
-0.01940123076923077
-0.04547815384615384
-0.029623384615384614
-0.016063384615384615
0.004798153846153846
-0.006258461538461538
-0.02211323076923077
-0.02023569230769231
-0.010848
0.017523692307692306
-0.0006258461538461538
-0.03504738461538461
-0.05486584615384615
-0.059664
-0.019609846153846155
0.0029206153846153843
0.018775384615384614
0.021696
0.013351384615384614
0.05528307692307692
0.07823076923076923
0.08115138461538463
0.05298830769230769
0.003129230769230769
-0.025659692307692307
-0.046104
-0.017315076923076923
0.0
-0.004798153846153846
0.008136
0.04276615384615385
0.09533723076923077
0.10368184615384615
0.08010830769230769
0.03212676923076923
-0.02357353846153846
-0.03755076923076923
-0.02023569230769231
0.013768615384615384
0.03024923076923077
0.03713353846153846
0.0717636923076923
0.09450276923076922
0.10743692307692307
0.08720123076923077
0.023364923076923075
-0.03421292307692308
-0.07656184615384615
-0.07113784615384615
-0.05820369230769231
-0.03108369230769231
0.016272
0.040679999999999994
0.0880356923076923
0.11745046153846153
0.10201292307692307
0.043392
-0.03379569230769231
-0.06821723076923077
-0.07885661538461539
-0.04756430769230769
-0.005632615384615384
0.017523692307692306
0.03775938461538462
0.052571076923076915
0.09387692307692307
0.10597661538461538
0.05757784615384615
-0.025659692307692307
-0.09909230769230769
-0.11536430769230768
-0.10555938461538462
-0.06946892307692307
-0.024408000000000003
0.011682461538461537
0.053614153846153846
0.0961716923076923
0.14123261538461537
0.12496061538461539
0.04526953846153846
-0.040262769230769234
-0.10618523076923077
-0.116616
-0.09053907692307692
-0.03859384615384615
0.023364923076923075
0.09158215384615384
0.154584
0.18963138461538462
0.19839323076923077
0.14060676923076923
0.05027630769230769
-0.048816000000000005
-0.11327815384615383
-0.09158215384615384
-0.04819015384615385
0.013560000000000001
0.06571384615384615
0.11140061538461538
0.16480615384615382
0.16876984615384616
0.12955015384615384
0.03483876923076923
-0.06571384615384615
-0.1287156923076923
-0.1476996923076923
-0.10409907692307692
-0.047981538461538464
0.0070929230769230765
0.056951999999999996
0.09471138461538461
0.12350030769230769
0.11724184615384614
0.07197230769230768
-0.011265230769230769
-0.09179076923076923
-0.1136953846153846
-0.09325107692307691
-0.031709538461538456
0.034630153846153845
0.08448923076923077
0.12016246153846154
0.12850707692307692
0.124752
0.06446215384615385
-0.02357353846153846
-0.10660246153846153
-0.1422756923076923
-0.11807630769230769
-0.09554584615384615
-0.03609046153846154
0.02086153846153846
0.06696553846153847
0.10201292307692307
0.09825784615384614
0.07030338461538461
-0.016272
-0.092208
-0.12850707692307692
-0.12808984615384614
-0.07948246153846153
-0.037342153846153844
0.018775384615384614
0.059664
0.08031692307692308
0.08073415384615384
0.02795446153846154
-0.02482523076923077
-0.08824430769230769
-0.1353913846153846
-0.14790830769230767
-0.10952307692307692
-0.025033846153846153
0.02795446153846154
0.08302892307692307
0.12808984615384614
0.1506203076923077
0.143736
