0.038176615384615385
0.06279323076923077
0.09721476923076922
0.10597661538461538
0.08302892307692307
0.042974769230769226
0.003129230769230769
0.0
0.010013538461538461
0.03400430769230769
0.027745846153846152
0.011056615384615385
0.02357353846153846
0.04401784615384615
0.07468430769230769
0.05924676923076923
0.015228923076923076
-0.03275261538461539
-0.07614461538461538
-0.07092923076923077
-0.05444861538461539
-0.046104
-0.037967999999999995
-0.034630153846153845
-0.003963692307692307
0.041514461538461535
0.07280676923076923
0.07092923076923077
0.017523692307692306
-0.03838523076923077
-0.06654830769230768
-0.07009476923076922
-0.06529661538461538
-0.040679999999999994
-0.0016689230769230767
0.03650769230769231
0.09387692307692307
0.12308307692307692
0.12266584615384615
0.073224
0.002086153846153846
-0.006049846153846154
-0.004172307692307692
0.0077187692307692304
0.03066646153846154
0.035255999999999996
0.04985907692307692
0.061124307692307686
0.07364123076923076
0.07051199999999999
0.03233538461538461
-0.013142769230769229
-0.05757784615384615
-0.04631261538461538
-0.007510153846153846
0.012099692307692308
0.003963692307692307
-0.008344615384615384
0.03337846153846154
0.07113784615384615
0.10389046153846154
0.09325107692307691
0.04088861538461538
0.025659692307692307
0.009596307692307692
0.019609846153846155
0.03108369230769231
0.03108369230769231
0.054657230769230764
0.08115138461538463
0.11807630769230769
0.12141415384615384
0.10618523076923077
0.05674338461538461
-0.018358153846153843
-0.04318338461538461
-0.04902461538461538
-0.016897846153846156
0.006884307692307692
0.013560000000000001
0.035464615384615386
0.04401784615384615
0.065088
0.07468430769230769
0.0448523076923077
-0.021278769230769233
-0.07405846153846153
-0.08720123076923077
-0.07656184615384615
-0.06341907692307691
-0.06988615384615385
-0.07384984615384615
-0.06279323076923077
-0.035255999999999996
-0.011682461538461537
-0.011473846153846154
-0.03379569230769231
-0.05444861538461539
-0.04693846153846153
-0.021696
0.002712
0.007301538461538462
-0.005424
-0.005215384615384615
0.017940923076923077
0.051528
0.07238953846153846
0.04819015384615385
-0.006258461538461538
-0.03775938461538462
-0.018983999999999997
0.009804923076923077
0.015228923076923076
0.011682461538461537
-0.0008344615384615384
-0.0035464615384615383
0.006258461538461538
0.006884307692307692
0.0004172307692307692
-0.02482523076923077
-0.03421292307692308
-0.0025033846153846152
0.02899753846153846
0.06028984615384615
0.03755076923076923
-0.030040615384615384
-0.06070707692307692
-0.07468430769230769
-0.04088861538461538
-0.018358153846153843
-0.03629907692307692
-0.034630153846153845
-0.024616615384615383
0.03129230769230769
0.06800861538461538
0.06884307692307692
0.05298830769230769
0.014394461538461538
0.015020307692307692
0.040262769230769234
0.084072
0.09700615384615385
0.06738276923076922
0.06279323076923077
0.06675692307692307
0.08240307692307691
0.08094276923076923
0.043392
-0.003129230769230769
-0.05820369230769231
-0.05674338461538461
-0.020652923076923076
0.0002086153846153846
0.010222153846153844
0.0006258461538461538
0.02482523076923077
0.06425353846153846
0.0853236923076923
0.06633969230769231
-0.008970461538461538
-0.06759138461538462
-0.10347323076923076
-0.10222153846153846
-0.06738276923076922
-0.05111076923076923
-0.034630153846153845
-0.01981846153846154
0.009387692307692307
0.030875076923076922
0.012099692307692308
-0.02357353846153846
-0.08302892307692307
-0.11953661538461538
-0.12224861538461537
-0.08720123076923077
-0.03337846153846154
-0.0029206153846153843
0.02482523076923077
0.03483876923076923
0.06070707692307692
0.053614153846153846
-0.017732307692307693
-0.09533723076923077
-0.16981292307692308
-0.18066092307692305
-0.15187199999999998
-0.09825784615384614
-0.03400430769230769
-0.0070929230769230765
0.02795446153846154
0.055491692307692304
0.065088
0.05298830769230769
-0.00855323076923077
-0.07113784615384615
-0.10555938461538462
-0.09575446153846154
-0.05924676923076923
-0.021487384615384613
0.03150092307692308
0.07155507692307693
0.1097316923076923
0.13330523076923076
0.12412615384615384
0.09763200000000001
0.030875076923076922
-0.02357353846153846
-0.040679999999999994
-0.010639384615384617
0.04652123076923077
0.08323753846153846
0.11140061538461538
0.12537784615384615
0.15750461538461538
0.16772676923076923
0.1316363076923077
0.06487938461538462
-0.021487384615384613
-0.065088
-0.07468430769230769
-0.029206153846153847
0.04088861538461538
0.08574092307692306
0.13101046153846155
0.14582215384615385
0.15604430769230768
0.14144123076923076
0.07218092307692307
0.01397723076923077
-0.03650769230769231
-0.04672984615384615
-0.0077187692307692304
0.04214030769230769
0.10910584615384614
0.15187199999999998
0.17481969230769231
0.18379015384615385
0.15896492307692306
0.09658892307692307
0.002086153846153846
-0.06425353846153846
-0.11536430769230768
-0.11745046153846153
-0.06300184615384616
