0.014185846153846153
-0.045060923076923075
-0.10743692307692307
-0.14290153846153844
-0.14164984615384615
-0.10389046153846154
-0.046104
-0.016480615384615385
-0.011682461538461537
0.001043076923076923
0.027328615384615382
0.05611753846153846
0.04172307692307692
-0.0012516923076923076
-0.044435076923076924
-0.06800861538461538
-0.06446215384615385
-0.06070707692307692
-0.051528
-0.03629907692307692
-0.013142769230769229
0.02023569230769231
0.05590892307692308
0.065088
0.021487384615384613
-0.03588184615384615
-0.06988615384615385
-0.07113784615384615
-0.042974769230769226
-0.029623384615384614
-0.03129230769230769
-0.021904615384615383
-0.008761846153846153
0.01710646153846154
0.029206153846153847
0.0
-0.054657230769230764
-0.10931446153846153
-0.1316363076923077
-0.12433476923076923
-0.1028473846153846
-0.08866153846153846
-0.06717415384615384
-0.03483876923076923
-0.005841230769230769
0.016063384615384615
0.002086153846153846
-0.03421292307692308
-0.07802215384615384
-0.10222153846153846
-0.08594953846153845
-0.03880246153846154
-0.0070929230769230765
-0.016272
-0.009596307692307692
0.027745846153846152
0.06362769230769232
0.06425353846153846
0.030875076923076922
-0.002086153846153846
-0.02795446153846154
-0.048816000000000005
-0.03650769230769231
-0.0022947692307692304
0.023990769230769232
0.045060923076923075
0.0826116923076923
0.13643446153846153
0.16584923076923075
0.14477907692307693
0.08699261538461538
0.03400430769230769
0.0002086153846153846
0.0077187692307692304
0.051319384615384614
0.07051199999999999
0.07113784615384615
0.0771876923076923
0.10806276923076923
0.14832553846153845
0.1502030769230769
0.124752
0.0798996923076923
0.05277969230769231
0.07426707692307692
0.10848000000000001
0.1289243076923077
0.116616
0.10368184615384615
0.10576799999999999
0.10994030769230768
0.10681107692307691
0.065088
0.008344615384615384
-0.03296123076923077
-0.045895384615384616
-0.017940923076923077
0.015646153846153844
0.028788923076923077
0.022530461538461537
0.019192615384615384
0.028163076923076923
0.03337846153846154
0.015228923076923076
-0.04902461538461538
-0.11703323076923078
-0.14144123076923076
-0.12120553846153845
-0.07572738461538461
-0.0446436923076923
-0.04526953846153846
-0.0446436923076923
-0.037342153846153844
-0.014811692307692307
0.02211323076923077
0.009179076923076922
-0.03442153846153846
-0.06800861538461538
-0.061750153846153844
-0.012934153846153845
0.022947692307692308
0.035255999999999996
0.03358707692307692
0.03755076923076923
0.04819015384615385
0.06487938461538462
0.07426707692307692
0.052153846153846155
0.016897846153846156
0.004172307692307692
0.026285538461538457
0.04944184615384615
0.05173661538461538
0.02232184615384615
0.0
0.0035464615384615383
0.02753723076923077
0.05778646153846154
0.04276615384615385
0.016897846153846156
-0.0029206153846153843
-0.002712
0.026494153846153844
0.04193169230769231
0.04526953846153846
0.02586830769230769
0.003755076923076923
-0.006049846153846154
-0.001043076923076923
0.018358153846153843
0.010848
-0.004798153846153846
0.0008344615384615384
0.04526953846153846
0.09533723076923077
0.10013538461538461
0.07051199999999999
0.04902461538461538
0.065088
0.08052553846153847
0.08344615384615384
0.08323753846153846
0.06300184615384616
0.05924676923076923
0.08302892307692307
0.09596307692307693
0.07823076923076923
0.015020307692307692
-0.04839876923076923
-0.07781353846153846
-0.073224
-0.034630153846153845
-0.011473846153846154
-0.006884307692307692
-0.006258461538461538
0.003129230769230769
0.013560000000000001
-0.006467076923076923
-0.04401784615384615
-0.09471138461538461
-0.12955015384615384
-0.12412615384615384
-0.08344615384615384
-0.028163076923076923
0.0006258461538461538
0.03504738461538461
0.07614461538461538
0.08949599999999999
0.08511507692307693
0.03859384615384615
-0.02023569230769231
-0.07113784615384615
-0.10472492307692308
-0.09512861538461538
-0.06571384615384615
-0.020027076923076922
0.016063384615384615
0.04401784615384615
0.07969107692307692
0.11494707692307692
0.11599015384615384
0.045060923076923075
-0.029414769230769227
-0.07489292307692308
-0.08490646153846154
-0.04693846153846153
0.003129230769230769
0.03629907692307692
0.04109723076923077
0.059038153846153844
0.09450276923076922
0.09241661538461539
0.04672984615384615
-0.0050067692307692304
-0.04714707692307692
-0.054240000000000003
-0.016897846153846156
0.04714707692307692
0.10910584615384614
0.1353913846153846
0.1558356923076923
0.18086953846153844
0.1777403076923077
0.14102399999999998
0.07843938461538462
0.0016689230769230767
-0.03650769230769231
-0.023364923076923075
0.018983999999999997
0.07739630769230768
0.11014892307692307
0.13768615384615385
0.14519630769230768
0.12704676923076924
0.10868861538461538
0.05090215384615384
-0.010848
-0.06633969230769231
-0.084072
-0.05236246153846154
-0.012099692307692308
0.05194523076923077
0.0855323076923077
0.10180430769230768
