0.09763200000000001
0.04756430769230769
0.00855323076923077
-0.012308307692307691
0.013351384615384614
0.03755076923076923
0.05090215384615384
0.06154153846153846
0.06696553846153847
0.0963803076923077
0.11494707692307692
0.10263876923076923
0.029206153846153847
-0.04944184615384615
-0.08615815384615384
-0.10222153846153846
-0.07572738461538461
-0.03504738461538461
0.01043076923076923
0.050067692307692306
0.09471138461538461
0.14853415384615384
0.16042523076923076
0.09721476923076922
-0.021696
-0.1097316923076923
-0.124752
-0.08219446153846154
-0.034630153846153845
-0.011056615384615385
-0.0043809230769230765
-0.0012516923076923076
0.026494153846153844
0.058412307692307694
0.05507446153846154
0.011473846153846154
-0.03650769230769231
-0.05507446153846154
-0.03859384615384615
-0.017940923076923077
-0.014394461538461538
-0.02795446153846154
-0.037967999999999995
-0.012934153846153845
0.021070153846153846
0.027120000000000002
-0.005215384615384615
-0.06738276923076922
-0.12662953846153846
-0.12850707692307692
-0.08991323076923076
-0.05653476923076922
-0.021487384615384613
-0.011473846153846154
0.0077187692307692304
0.054657230769230764
0.084072
0.08490646153846154
0.03671630769230769
-0.02524246153846154
-0.056326153846153845
-0.04526953846153846
-0.001043076923076923
0.03755076923076923
0.07113784615384615
0.10138707692307691
0.14018953846153845
0.18525046153846153
0.19442953846153843
0.16480615384615382
0.10117846153846152
0.05111076923076923
0.0448523076923077
0.06884307692307692
0.11181784615384616
0.12204
0.11765907692307691
0.13393107692307693
0.15667015384615385
0.168144
0.11640738461538462
0.02795446153846154
-0.043600615384615383
-0.07510153846153846
-0.051319384615384614
-0.028163076923076923
-0.01814953846153846
-0.004798153846153846
0.02795446153846154
0.08115138461538463
0.116616
0.11599015384615384
0.06070707692307692
-0.006884307692307692
-0.04860738461538461
-0.06404492307692307
-0.06654830769230768
-0.06738276923076922
-0.04985907692307692
-0.026494153846153844
0.006049846153846154
0.04839876923076923
0.07113784615384615
0.05111076923076923
-0.011056615384615385
-0.06613107692307692
-0.07009476923076922
-0.04839876923076923
-0.028788923076923077
-0.028163076923076923
-0.03108369230769231
-0.030040615384615384
-0.020027076923076922
0.0
-0.023782153846153845
-0.07134646153846153
-0.13789476923076924
-0.1693956923076923
-0.14582215384615385
-0.10743692307692307
-0.06154153846153846
-0.06675692307692307
-0.05277969230769231
-0.012934153846153845
0.018775384615384614
0.040679999999999994
0.004798153846153846
-0.034630153846153845
-0.07134646153846153
-0.08010830769230769
-0.034630153846153845
-0.008344615384615384
0.0043809230769230765
0.012934153846153845
0.03609046153846154
0.07969107692307692
0.09450276923076922
0.08198584615384615
0.026076923076923077
-0.009804923076923077
-0.010848
-0.003755076923076923
0.05048492307692308
0.07384984615384615
0.07510153846153846
0.06529661538461538
0.05382276923076923
0.08344615384615384
0.06070707692307692
0.003755076923076923
-0.05590892307692308
-0.08574092307692306
-0.06571384615384615
-0.0448523076923077
-0.0077187692307692304
0.014394461538461538
0.03755076923076923
0.08344615384615384
0.12496061538461539
0.15291507692307693
0.11348676923076922
0.03838523076923077
-0.014811692307692307
-0.049233230769230765
-0.04652123076923077
-0.034630153846153845
-0.02315630769230769
-0.013142769230769229
-0.003963692307692307
0.026285538461538457
0.047981538461538464
0.04965046153846154
0.019609846153846155
-0.007510153846153846
-0.018983999999999997
-0.0077187692307692304
0.02524246153846154
0.018983999999999997
0.0050067692307692304
-0.013768615384615384
-0.021904615384615383
0.004589538461538461
-0.0014603076923076922
-0.03942830769230769
-0.08866153846153846
-0.12224861538461537
-0.11223507692307692
-0.08448923076923077
-0.04902461538461538
-0.034630153846153845
-0.022530461538461537
0.003755076923076923
0.03859384615384615
0.06800861538461538
0.04714707692307692
0.010848
-0.04047138461538462
-0.07030338461538461
-0.0448523076923077
-0.012516923076923077
0.010013538461538461
0.010848
0.026911384615384615
0.05444861538461539
0.07426707692307692
0.09304246153846155
0.06571384615384615
0.02273907692307692
-0.004589538461538461
0.003129230769230769
0.04819015384615385
0.06279323076923077
0.06675692307692307
0.06946892307692307
0.08344615384615384
0.11745046153846153
0.12266584615384615
0.09804923076923076
0.045060923076923075
0.0016689230769230767
-0.0014603076923076922
0.017523692307692306
0.06341907692307691
0.07948246153846153
0.054657230769230764
0.047772923076923074
0.05528307692307692
0.08094276923076923
0.08135999999999999
0.06133292307692308
0.03984553846153846
0.02858030769230769
0.05945538461538461
0.10138707692307691
0.1314276923076923
0.10347323076923076
0.08177723076923075
0.100344
0.12016246153846154
0.1218313846153846
0.07197230769230768
0.023990769230769232
-0.02858030769230769
-0.05820369230769231
