-0.08469784615384615
-0.034630153846153845
-0.002712
0.011891076923076923
0.027745846153846152
0.04568676923076923
0.05277969230769231
0.04318338461538461
0.0014603076923076922
-0.05674338461538461
-0.08845292307692308
-0.07781353846153846
-0.05027630769230769
-0.006884307692307692
0.03379569230769231
0.06654830769230768
0.09095630769230768
0.09909230769230769
0.07739630769230768
-0.0014603076923076922
-0.0892873846153846
-0.138312
-0.1316363076923077
-0.07614461538461538
0.001043076923076923
0.07885661538461539
0.12808984615384614
0.16418030769230768
0.17565415384615385
0.14686523076923075
0.08344615384615384
0.005215384615384615
-0.05194523076923077
-0.06279323076923077
-0.015437538461538461
0.05820369230769231
0.13330523076923076
0.1693956923076923
0.1881710769230769
0.21216184615384615
0.20486030769230767
0.16710092307692306
0.09512861538461538
0.03483876923076923
0.0029206153846153843
-0.008136
0.031709538461538456
0.0855323076923077
0.12829846153846153
0.1639716923076923
0.1942209230769231
0.2154996923076923
0.18337292307692307
0.08115138461538463
-0.03609046153846154
-0.11494707692307692
-0.12955015384615384
-0.08907876923076924
-0.033169846153846154
0.03880246153846154
0.10263876923076923
0.14144123076923076
0.1639716923076923
0.12913292307692306
0.05236246153846154
-0.055491692307692304
-0.16897846153846155
-0.21111876923076925
-0.19881046153846152
-0.1424843076923077
-0.04985907692307692
0.022530461538461537
0.08219446153846154
0.12350030769230769
0.12704676923076924
0.09950953846153845
0.026702769230769228
-0.04631261538461538
-0.08720123076923077
-0.08824430769230769
-0.049233230769230765
-0.014394461538461538
0.018775384615384614
0.03609046153846154
0.05736923076923077
0.0936683076923077
0.09158215384615384
0.06404492307692307
0.005215384615384615
-0.04693846153846153
-0.062376
-0.05820369230769231
-0.016897846153846156
0.013351384615384614
0.042557538461538466
0.08720123076923077
0.11390399999999999
0.116616
0.06571384615384615
-0.019192615384615384
-0.10347323076923076
-0.157296
-0.14665661538461539
-0.08720123076923077
-0.006675692307692307
0.06654830769230768
0.13226215384615383
0.1923433846153846
0.2221753846153846
0.21070153846153844
0.14686523076923075
0.058412307692307694
-0.022530461538461537
-0.07405846153846153
-0.07280676923076923
-0.056951999999999996
-0.029832
0.008970461538461538
0.05590892307692308
0.11473846153846154
0.15333230769230768
0.14540492307692307
0.07927384615384615
0.003129230769230769
-0.043600615384615383
-0.051528
-0.03129230769230769
-0.006258461538461538
0.034630153846153845
0.07551876923076924
0.11411261538461538
0.1476996923076923
0.13643446153846153
0.084072
0.018983999999999997
-0.02586830769230769
-0.03442153846153846
-0.032544
-0.03296123076923077
-0.01814953846153846
0.015646153846153844
0.05298830769230769
0.0963803076923077
0.13267938461538462
0.12621230769230768
0.07781353846153846
0.017940923076923077
-0.021904615384615383
-0.025033846153846153
-0.0025033846153846152
0.025659692307692307
0.03838523076923077
0.05236246153846154
0.07301538461538462
0.08302892307692307
0.06654830769230768
0.0035464615384615383
-0.06321046153846153
-0.103056
-0.10326461538461539
-0.07364123076923076
-0.04172307692307692
-0.0018775384615384615
0.03629907692307692
0.08156861538461539
0.12120553846153845
0.12662953846153846
0.09450276923076922
0.02586830769230769
-0.026076923076923077
-0.05298830769230769
-0.05653476923076922
-0.03337846153846154
-0.009596307692307692
0.03024923076923077
0.07510153846153846
0.11160923076923077
0.13330523076923076
0.11724184615384614
0.078648
0.034630153846153845
0.0014603076923076922
-0.0006258461538461538
0.005841230769230769
0.007510153846153846
0.01397723076923077
0.044435076923076924
0.08574092307692306
0.11911938461538461
0.12642092307692307
0.08115138461538463
0.013351384615384614
-0.05590892307692308
-0.08469784615384615
-0.0771876923076923
-0.058412307692307694
-0.016480615384615385
0.009596307692307692
0.04631261538461538
0.08115138461538463
0.07739630769230768
0.052153846153846155
-0.02357353846153846
-0.08866153846153846
-0.11035753846153845
-0.103056
-0.06362769230769232
-0.03921969230769231
-0.018358153846153843
0.005841230769230769
0.03692492307692308
0.06154153846153846
0.04985907692307692
0.010848
-0.051319384615384614
-0.07697907692307693
-0.06905169230769231
-0.05319692307692307
-0.029206153846153847
-0.021696
0.017315076923076923
0.06675692307692307
0.10263876923076923
0.11473846153846154
0.065088
-0.017315076923076923
-0.09471138461538461
-0.12537784615384615
-0.11327815384615383
-0.0798996923076923
-0.04380923076923077
-0.01043076923076923
0.03567323076923076
0.06654830769230768
0.07009476923076922
0.03504738461538461
-0.04819015384615385
-0.11494707692307692
-0.1449876923076923
-0.14081538461538462
-0.10722830769230769
-0.07426707692307692
-0.03650769230769231
-0.005841230769230769
