0.04109723076923077
0.04547815384615384
0.03129230769230769
0.04401784615384615
0.07635323076923077
0.10347323076923076
0.13247076923076923
0.12975876923076923
0.08365476923076923
0.03483876923076923
0.007927384615384614
0.012934153846153845
0.025659692307692307
0.02795446153846154
0.027120000000000002
0.02023569230769231
0.04109723076923077
0.06487938461538462
0.04693846153846153
0.003129230769230769
-0.03692492307692308
-0.05298830769230769
-0.05924676923076923
-0.052153846153846155
-0.042348923076923076
-0.0446436923076923
-0.04860738461538461
-0.03296123076923077
0.0004172307692307692
0.006049846153846154
-0.022530461538461537
-0.04944184615384615
-0.059872615384615385
-0.05757784615384615
-0.040679999999999994
-0.02023569230769231
-0.009179076923076922
-0.01272553846153846
-0.005424
0.03755076923076923
0.07009476923076922
0.05820369230769231
0.021070153846153846
-0.02586830769230769
-0.04693846153846153
-0.040054153846153843
-0.03212676923076923
-0.026285538461538457
-0.025659692307692307
0.005841230769230769
0.06133292307692308
0.09658892307692307
0.09283384615384616
0.04819015384615385
-0.016063384615384615
-0.06300184615384616
-0.056951999999999996
-0.022947692307692308
-0.005215384615384615
-0.008970461538461538
-0.003963692307692307
0.025033846153846153
0.06821723076923077
0.09450276923076922
0.06446215384615385
0.011056615384615385
-0.02899753846153846
-0.03671630769230769
0.0018775384615384615
0.026494153846153844
0.016063384615384615
0.0008344615384615384
0.005424
0.049233230769230765
0.09575446153846154
0.10243015384615384
0.06675692307692307
0.01940123076923077
-0.014603076923076923
-0.02273907692307692
-0.014185846153846153
-0.023364923076923075
-0.04965046153846154
-0.05924676923076923
-0.033169846153846154
0.013768615384615384
0.03671630769230769
0.017940923076923077
-0.03024923076923077
-0.08636676923076922
-0.09533723076923077
-0.059872615384615385
-0.024408000000000003
-0.01814953846153846
-0.022947692307692308
-0.0018775384615384615
0.02232184615384615
0.05590892307692308
0.06362769230769232
0.02586830769230769
-0.018358153846153843
-0.05194523076923077
-0.04172307692307692
-0.02211323076923077
-0.009804923076923077
-0.018983999999999997
-0.0446436923076923
-0.026494153846153844
0.015854769230769228
0.06070707692307692
0.06341907692307691
0.029206153846153847
0.009179076923076922
-0.004589538461538461
0.0006258461538461538
0.006049846153846154
-0.010848
-0.04735569230769231
-0.06613107692307692
-0.042974769230769226
-0.010639384615384617
0.00855323076923077
-0.0006258461538461538
-0.015646153846153844
-0.0077187692307692304
0.014394461538461538
0.035464615384615386
0.02315630769230769
-0.013142769230769229
-0.021696
0.0029206153846153843
0.04860738461538461
0.08824430769230769
0.11348676923076922
0.11891076923076922
0.1136953846153846
0.13706030769230768
0.15082892307692305
0.14582215384615385
0.1218313846153846
0.07802215384615384
0.06446215384615385
0.06049846153846154
0.07051199999999999
0.09137353846153846
0.09596307692307693
0.10931446153846153
0.12975876923076923
0.15124615384615384
0.14561353846153846
0.10096984615384616
0.031709538461538456
-0.021070153846153846
-0.022947692307692308
0.017523692307692306
0.07969107692307692
0.11327815384615383
0.12558646153846154
0.13601723076923075
0.1397723076923077
0.12558646153846154
0.06884307692307692
-0.019609846153846155
-0.100344
-0.13038461538461538
-0.10597661538461538
-0.06446215384615385
-0.008970461538461538
0.04985907692307692
0.09450276923076922
0.13226215384615383
0.1424843076923077
0.12162276923076921
0.07280676923076923
0.013351384615384614
-0.021696
-0.021070153846153846
0.0035464615384615383
0.03212676923076923
0.04756430769230769
0.05570030769230769
0.06300184615384616
0.065088
0.04735569230769231
-0.003963692307692307
-0.08135999999999999
-0.15541846153846153
-0.16856123076923077
-0.1207883076923077
-0.05236246153846154
0.004798153846153846
0.03838523076923077
0.05507446153846154
0.05236246153846154
0.032544
-0.012308307692307691
-0.08615815384615384
-0.15541846153846153
-0.18232984615384615
-0.15938215384615384
-0.09408553846153846
-0.017732307692307693
0.031709538461538456
0.05194523076923077
0.07677046153846154
0.08991323076923076
0.06195876923076923
0.007510153846153846
-0.05674338461538461
-0.09012184615384615
-0.07051199999999999
-0.008136
0.06383630769230769
0.10806276923076923
0.119328
0.11202646153846153
0.10764553846153846
0.09179076923076923
0.03421292307692308
-0.04693846153846153
-0.10952307692307692
-0.13998092307692306
-0.12391753846153845
-0.07531015384615385
-0.017523692307692306
0.03984553846153846
0.06884307692307692
0.08615815384615384
0.08740984615384616
0.059872615384615385
-0.006049846153846154
-0.09137353846153846
-0.13601723076923075
-0.1397723076923077
-0.103056
-0.04130584615384615
0.019192615384615384
0.07051199999999999
0.10576799999999999
0.12433476923076923
0.10576799999999999
0.044435076923076924
-0.03880246153846154
