0.07510153846153846
0.11306953846153844
0.11703323076923078
0.08782707692307692
0.027745846153846152
-0.018983999999999997
-0.02273907692307692
0.012099692307692308
0.05945538461538461
0.08824430769230769
0.11223507692307692
0.14164984615384615
0.17648861538461538
0.1942209230769231
0.16730953846153845
0.11223507692307692
0.03984553846153846
-0.004798153846153846
-0.0035464615384615383
0.015020307692307692
0.046104
0.06487938461538462
0.09471138461538461
0.13768615384615385
0.17169046153846151
0.1829556923076923
0.15917353846153848
0.10472492307692308
0.03504738461538461
0.004798153846153846
0.0043809230769230765
0.016063384615384615
0.037967999999999995
0.07781353846153846
0.1368516923076923
0.1760713846153846
0.18066092307692305
0.13622584615384614
0.05820369230769231
-0.021278769230769233
-0.05319692307692307
-0.029623384615384614
-0.007510153846153846
0.011056615384615385
0.022947692307692308
0.03275261538461539
0.05862092307692307
0.06967753846153846
0.047772923076923074
-0.0012516923076923076
-0.051528
-0.07885661538461539
-0.09137353846153846
-0.08699261538461538
-0.07739630769230768
-0.07280676923076923
-0.050067692307692306
-0.003755076923076923
0.052153846153846155
0.065088
0.021696
-0.03650769230769231
-0.08469784615384615
-0.09158215384615384
-0.07906523076923076
-0.06800861538461538
-0.048816000000000005
-0.026911384615384615
0.02044430769230769
0.08594953846153845
0.12767261538461538
0.11724184615384614
0.07280676923076923
0.024199384615384616
-0.0012516923076923076
0.0014603076923076922
-0.008344615384615384
-0.021070153846153846
-0.024616615384615383
-0.006049846153846154
0.03504738461538461
0.07593599999999999
0.10535076923076922
0.0798996923076923
0.011473846153846154
-0.026494153846153844
-0.023782153846153845
-0.009804923076923077
-0.010013538461538461
-0.02086153846153846
-0.0014603076923076922
0.02899753846153846
0.061124307692307686
0.08073415384615384
0.06717415384615384
0.025659692307692307
-0.021487384615384613
-0.019192615384615384
0.01397723076923077
0.04714707692307692
0.04756430769230769
0.026494153846153844
0.026702769230769228
0.043600615384615383
0.07030338461538461
0.08073415384615384
0.05528307692307692
0.002086153846153846
-0.04214030769230769
-0.04193169230769231
-0.017940923076923077
-0.008344615384615384
-0.012516923076923077
-0.013560000000000001
0.0029206153846153843
0.03755076923076923
0.051528
0.023990769230769232
-0.03275261538461539
-0.07948246153846153
-0.0934596923076923
-0.08469784615384615
-0.08574092307692306
-0.10368184615384615
-0.10764553846153846
-0.09095630769230768
-0.054657230769230764
-0.021070153846153846
-0.005424
-0.03045784615384615
-0.07927384615384615
-0.10535076923076922
-0.10764553846153846
-0.07113784615384615
-0.04401784615384615
-0.037342153846153844
-0.017940923076923077
0.0050067692307692304
0.04965046153846154
0.06341907692307691
0.02357353846153846
-0.03045784615384615
-0.06154153846153846
-0.05444861538461539
-0.03880246153846154
-0.01710646153846154
-0.017940923076923077
-0.03108369230769231
-0.010848
0.03275261538461539
0.08115138461538463
0.08949599999999999
0.07155507692307693
0.06529661538461538
0.059038153846153844
0.06216738461538462
0.05528307692307692
0.030875076923076922
-0.012099692307692308
-0.043392
-0.011265230769230769
0.034630153846153845
0.06759138461538462
0.06425353846153846
0.03212676923076923
0.023990769230769232
0.03713353846153846
0.07468430769230769
0.09387692307692307
0.08240307692307691
0.06425353846153846
0.05382276923076923
0.06926030769230769
0.07739630769230768
0.07197230769230768
0.04631261538461538
0.022530461538461537
0.03150092307692308
0.03337846153846154
0.033169846153846154
0.015437538461538461
-0.026702769230769228
-0.06049846153846154
-0.06592246153846154
-0.009804923076923077
0.041514461538461535
0.042974769230769226
0.03400430769230769
0.028163076923076923
0.04526953846153846
0.05236246153846154
0.018358153846153843
-0.030040615384615384
-0.08574092307692306
-0.10848000000000001
-0.08740984615384616
-0.059872615384615385
-0.04693846153846153
-0.04109723076923077
-0.022530461538461537
0.005424
0.04672984615384615
0.05590892307692308
0.016480615384615385
-0.030040615384615384
-0.05382276923076923
-0.037967999999999995
-0.01043076923076923
0.022947692307692308
0.040054153846153843
0.028163076923076923
0.0077187692307692304
-0.005841230769230769
-0.008136
-0.03859384615384615
-0.09784061538461537
-0.13768615384615385
-0.12683815384615382
-0.09095630769230768
-0.031918153846153846
0.030875076923076922
0.065088
0.08073415384615384
0.07948246153846153
0.07739630769230768
0.05048492307692308
-0.008344615384615384
-0.078648
-0.12120553846153845
-0.11056615384615384
-0.06800861538461538
-0.01272553846153846
0.01856676923076923
0.042974769230769226
0.07510153846153846
0.09763200000000001
0.10263876923076923
0.07134646153846153
0.019192615384615384
-0.03379569230769231
-0.043392
-0.0016689230769230767
0.03838523076923077
0.06905169230769231
