0.10722830769230769
0.143736
0.1787833846153846
0.18212123076923076
0.15208061538461537
0.08866153846153846
0.015646153846153844
-0.026494153846153844
-0.021070153846153846
0.012934153846153845
0.04965046153846154
0.08115138461538463
0.1045163076923077
0.12642092307692307
0.12621230769230768
0.09179076923076923
0.026494153846153844
-0.06383630769230769
-0.1353913846153846
-0.14665661538461539
-0.09846646153846153
-0.03650769230769231
0.013560000000000001
0.043600615384615383
0.07092923076923077
0.09491999999999999
0.07656184615384615
0.01272553846153846
-0.07259815384615384
-0.13768615384615385
-0.15354092307692307
-0.1136953846153846
-0.04193169230769231
0.021487384615384613
0.06675692307692307
0.09512861538461538
0.10827138461538462
0.11202646153846153
0.0798996923076923
0.011265230769230769
-0.058412307692307694
-0.10493353846153847
-0.10096984615384616
-0.059664
-0.0016689230769230767
0.05319692307692307
0.09012184615384615
0.11724184615384614
0.12704676923076924
0.09700615384615385
0.014185846153846153
-0.08907876923076924
-0.17169046153846151
-0.2008966153846154
-0.17252492307692308
-0.10931446153846153
-0.03233538461538461
0.02899753846153846
0.07426707692307692
0.10076123076923077
0.08824430769230769
0.04965046153846154
-0.03066646153846154
-0.11557292307692307
-0.1489513846153846
-0.13622584615384614
-0.07635323076923077
-0.020652923076923076
0.035464615384615386
0.07009476923076922
0.08177723076923075
0.09679753846153846
0.05653476923076922
-0.013142769230769229
-0.10243015384615384
-0.1543753846153846
-0.14206707692307693
-0.09450276923076922
-0.034630153846153845
0.006467076923076923
0.056951999999999996
0.08511507692307693
0.10514215384615383
0.09846646153846153
0.043600615384615383
-0.025659692307692307
-0.09471138461538461
-0.111192
-0.09784061538461537
-0.054240000000000003
0.009596307692307692
0.06675692307692307
0.12120553846153845
0.1462393846153846
0.14603076923076924
0.10660246153846153
0.018358153846153843
-0.07301538461538462
-0.11745046153846153
-0.10618523076923077
-0.06195876923076923
-0.007301538461538462
0.06133292307692308
0.10806276923076923
0.13706030769230768
0.1656406153846154
0.16271999999999998
0.12412615384615384
0.03775938461538462
-0.040262769230769234
-0.07697907692307693
-0.07635323076923077
-0.03129230769230769
0.007301538461538462
0.03504738461538461
0.05111076923076923
0.06967753846153846
0.0961716923076923
0.08907876923076924
0.04735569230769231
-0.017315076923076923
-0.03713353846153846
-0.011473846153846154
0.02795446153846154
0.06341907692307691
0.0826116923076923
0.10180430769230768
0.111192
0.11807630769230769
0.07364123076923076
-0.005215384615384615
-0.08344615384615384
-0.1449876923076923
-0.12516923076923075
-0.06028984615384615
0.0018775384615384615
0.052571076923076915
0.08010830769230769
0.11244369230769231
0.14060676923076923
0.13080184615384613
0.0771876923076923
-0.010013538461538461
-0.078648
-0.10889723076923077
-0.10576799999999999
-0.07614461538461538
-0.03567323076923076
0.0077187692307692304
0.03692492307692308
0.065088
0.09721476923076922
0.10222153846153846
0.053614153846153846
-0.02545107692307692
-0.08323753846153846
-0.10263876923076923
-0.08699261538461538
-0.06154153846153846
-0.04568676923076923
-0.02482523076923077
0.013142769230769229
0.07551876923076924
0.11599015384615384
0.09116492307692307
0.02482523076923077
-0.0446436923076923
-0.08115138461538463
-0.08574092307692306
-0.04985907692307692
-0.016272
0.0016689230769230767
0.02899753846153846
0.04693846153846153
0.06967753846153846
0.04714707692307692
-0.0006258461538461538
-0.04902461538461538
-0.08949599999999999
-0.07489292307692308
-0.04526953846153846
-0.015854769230769228
0.003129230769230769
0.018358153846153843
0.03629907692307692
0.04735569230769231
0.04380923076923077
0.0018775384615384615
-0.04839876923076923
-0.07927384615384615
-0.07426707692307692
-0.043392
-0.010848
0.02795446153846154
0.05820369230769231
0.09700615384615385
0.14519630769230768
0.16772676923076923
0.16021661538461537
0.10368184615384615
0.02357353846153846
-0.028163076923076923
-0.043600615384615383
-0.02795446153846154
-0.006884307692307692
0.018358153846153843
0.06279323076923077
0.1218313846153846
0.1691870769230769
0.17252492307692308
0.13643446153846153
0.07843938461538462
0.027745846153846152
-0.003963692307692307
-0.017940923076923077
-0.01710646153846154
-0.025033846153846153
-0.018358153846153843
0.010013538461538461
0.04756430769230769
0.07364123076923076
0.04902461538461538
-0.008761846153846153
-0.059038153846153844
-0.06738276923076922
-0.03942830769230769
-0.008344615384615384
0.01043076923076923
0.015437538461538461
0.040262769230769234
0.07510153846153846
0.09095630769230768
0.08031692307692308
0.026285538461538457
-0.042557538461538466
-0.08323753846153846
-0.07489292307692308
-0.05194523076923077
-0.04109723076923077
-0.02795446153846154
-0.0050067692307692304
0.058829538461538454
0.12037107692307693
