-0.059664
-0.05778646153846154
-0.05444861538461539
-0.028788923076923077
0.004798153846153846
0.06362769230769232
0.09325107692307691
0.07468430769230769
0.04672984615384615
-0.0025033846153846152
-0.03692492307692308
-0.05507446153846154
-0.07697907692307693
-0.08177723076923075
-0.061750153846153844
-0.011473846153846154
0.04965046153846154
0.09074769230769231
0.07885661538461539
0.02315630769230769
-0.031709538461538456
-0.06279323076923077
-0.058412307692307694
-0.05048492307692308
-0.059664
-0.051319384615384614
-0.015854769230769228
0.04047138461538462
0.092208
0.10806276923076923
0.08782707692307692
0.04109723076923077
0.006049846153846154
0.0029206153846153843
0.008136
0.0004172307692307692
-0.02023569230769231
-0.016897846153846156
0.01981846153846154
0.07572738461538461
0.11494707692307692
0.10555938461538462
0.06696553846153847
0.012099692307692308
-0.015646153846153844
-0.019609846153846155
-0.042348923076923076
-0.06383630769230769
-0.05799507692307692
-0.02586830769230769
0.035464615384615386
0.09199938461538461
0.09408553846153846
0.05590892307692308
-0.024199384615384616
-0.08240307692307691
-0.09199938461538461
-0.10722830769230769
-0.10243015384615384
-0.08949599999999999
-0.061124307692307686
-0.002086153846153846
0.06467076923076923
0.11348676923076922
0.0936683076923077
0.03421292307692308
-0.020652923076923076
-0.046104
-0.048816000000000005
-0.05924676923076923
-0.06258461538461538
-0.05590892307692308
-0.029414769230769227
0.008970461538461538
0.041514461538461535
0.06070707692307692
0.03775938461538462
0.006049846153846154
-0.0008344615384615384
0.01043076923076923
0.040054153846153843
0.04109723076923077
0.02858030769230769
0.03671630769230769
0.05444861538461539
0.08782707692307692
0.08699261538461538
0.0448523076923077
0.0022947692307692304
-0.03233538461538461
-0.025033846153846153
0.003129230769230769
0.02357353846153846
0.03713353846153846
0.05298830769230769
0.09095630769230768
0.13101046153846155
0.16188553846153847
0.1506203076923077
0.10389046153846154
0.06821723076923077
0.06258461538461538
0.07697907692307693
0.05862092307692307
0.011891076923076923
-0.04693846153846153
-0.07238953846153846
-0.047772923076923074
-0.005215384615384615
0.03442153846153846
0.01940123076923077
-0.0029206153846153843
-0.008761846153846153
0.0002086153846153846
0.01814953846153846
0.006675692307692307
-0.0022947692307692304
-0.016480615384615385
-0.009804923076923077
0.015228923076923076
0.031709538461538456
0.023782153846153845
-0.0016689230769230767
-0.0004172307692307692
0.015854769230769228
0.05820369230769231
0.08720123076923077
0.06967753846153846
0.020652923076923076
-0.017940923076923077
-0.017732307692307693
-0.006884307692307692
0.0008344615384615384
0.012934153846153845
0.03713353846153846
0.06717415384615384
0.10722830769230769
0.12767261538461538
0.10889723076923077
0.04965046153846154
-0.011265230769230769
-0.03045784615384615
-0.017732307692307693
0.014185846153846153
0.03275261538461539
0.042348923076923076
0.055491692307692304
0.07343261538461537
0.08594953846153845
0.05820369230769231
0.0025033846153846152
-0.05069353846153846
-0.07343261538461537
-0.06154153846153846
-0.01814953846153846
0.03629907692307692
0.07384984615384615
0.11411261538461538
0.1558356923076923
0.1779489230769231
0.1693956923076923
0.10806276923076923
0.017732307692307693
-0.050067692307692306
-0.07197230769230768
-0.04401784615384615
-0.009179076923076922
0.01981846153846154
0.058829538461538454
0.09971815384615385
0.143736
0.1721076923076923
0.14916
0.07614461538461538
-0.017940923076923077
-0.08949599999999999
-0.10243015384615384
-0.07510153846153846
-0.02273907692307692
0.02232184615384615
0.058412307692307694
0.09950953846153845
0.10868861538461538
0.08866153846153846
0.006884307692307692
-0.09512861538461538
-0.15896492307692306
-0.17648861538461538
-0.11452984615384615
-0.04214030769230769
0.005215384615384615
0.031709538461538456
0.051528
0.0717636923076923
0.059664
0.019609846153846155
-0.054657230769230764
-0.13080184615384613
-0.16856123076923077
-0.17252492307692308
-0.13393107692307693
-0.08344615384615384
-0.05090215384615384
-0.012934153846153845
0.01668923076923077
0.03713353846153846
0.020027076923076922
-0.05382276923076923
-0.14457046153846154
-0.21362215384615382
-0.2207150769230769
-0.17899199999999998
-0.0961716923076923
-0.026076923076923077
0.016480615384615385
0.05820369230769231
0.06905169230769231
0.05924676923076923
-0.002712
-0.08073415384615384
-0.12412615384615384
-0.1462393846153846
-0.11578153846153846
-0.04631261538461538
0.04088861538461538
0.10389046153846154
0.1287156923076923
0.1476996923076923
0.14811692307692306
0.12099692307692309
0.049233230769230765
-0.03755076923076923
-0.09700615384615385
-0.1097316923076923
-0.07343261538461537
-0.025659692307692307
0.021904615384615383
0.06759138461538462
0.10222153846153846
0.11181784615384616
0.09700615384615385
0.06675692307692307
0.001043076923076923
-0.06633969230769231
