-0.050067692307692306
-0.05444861538461539
-0.050067692307692306
-0.04130584615384615
-0.005424
0.03337846153846154
0.03650769230769231
0.004589538461538461
-0.056326153846153845
-0.09199938461538461
-0.09679753846153846
-0.08720123076923077
-0.07593599999999999
-0.078648
-0.05611753846153846
-0.014185846153846153
0.03880246153846154
0.0855323076923077
0.07030338461538461
0.0035464615384615383
-0.07343261538461537
-0.09930092307692308
-0.08219446153846154
-0.05570030769230769
-0.03129230769230769
-0.03483876923076923
-0.021696
0.014811692307692307
0.045895384615384616
0.04714707692307692
-0.01710646153846154
-0.09784061538461537
-0.14978584615384616
-0.14603076923076924
-0.10159569230769232
-0.08073415384615384
-0.06258461538461538
-0.03629907692307692
0.01981846153846154
0.10055261538461538
0.14144123076923076
0.15145476923076923
0.11494707692307692
0.054240000000000003
0.012516923076923077
-0.003963692307692307
0.015854769230769228
0.02858030769230769
0.03379569230769231
0.05382276923076923
0.09262523076923077
0.13935507692307691
0.14123261538461537
0.0961716923076923
0.03921969230769231
0.015020307692307692
0.04214030769230769
0.08323753846153846
0.10660246153846153
0.09408553846153846
0.08469784615384615
0.09971815384615385
0.13059323076923077
0.15291507692307693
0.12224861538461537
0.059038153846153844
-0.0077187692307692304
-0.03442153846153846
-0.017940923076923077
-0.0016689230769230767
0.008344615384615384
0.016897846153846156
0.045060923076923075
0.08490646153846154
0.11181784615384616
0.12224861538461537
0.09429415384615383
0.05799507692307692
0.042557538461538466
0.045895384615384616
0.07030338461538461
0.07092923076923077
0.054657230769230764
0.030875076923076922
0.011265230769230769
0.024199384615384616
0.015228923076923076
-0.013560000000000001
-0.052153846153846155
-0.07134646153846153
-0.05298830769230769
-0.02524246153846154
0.023364923076923075
0.028788923076923077
0.03024923076923077
0.03942830769230769
0.02086153846153846
0.02586830769230769
0.0004172307692307692
-0.037342153846153844
-0.0744756923076923
-0.09784061538461537
-0.06279323076923077
-0.03671630769230769
-0.02357353846153846
-0.035464615384615386
-0.05069353846153846
-0.027120000000000002
-0.016063384615384615
0.004172307692307692
0.009179076923076922
0.004172307692307692
0.03400430769230769
0.05653476923076922
0.09012184615384615
0.09053907692307692
0.06446215384615385
0.049233230769230765
0.021070153846153846
0.031709538461538456
0.042348923076923076
0.04047138461538462
0.03296123076923077
0.02086153846153846
0.05820369230769231
0.07823076923076923
0.08010830769230769
0.055491692307692304
0.0043809230769230765
-0.017732307692307693
-0.045895384615384616
-0.026702769230769228
-0.0025033846153846152
-0.003963692307692307
0.02482523076923077
0.04652123076923077
0.09429415384615383
0.11640738461538462
0.10222153846153846
0.06905169230769231
0.004589538461538461
-0.01397723076923077
-0.02795446153846154
-0.015228923076923076
0.0014603076923076922
0.002712
0.033169846153846154
0.053614153846153846
0.10743692307692307
0.10931446153846153
0.04547815384615384
-0.02044430769230769
-0.09304246153846155
-0.10138707692307691
-0.08991323076923076
-0.04965046153846154
-0.0029206153846153843
0.0025033846153846152
0.04109723076923077
0.05757784615384615
0.04172307692307692
-0.01397723076923077
-0.10159569230769232
-0.14269292307692305
-0.16209415384615386
-0.14665661538461539
-0.11056615384615384
-0.07072061538461538
-0.03337846153846154
-0.015646153846153844
0.021278769230769233
0.04714707692307692
0.03838523076923077
-0.009804923076923077
-0.07197230769230768
-0.09825784615384614
-0.10827138461538462
-0.086784
-0.05236246153846154
-0.016063384615384615
0.030040615384615384
0.05277969230769231
0.07656184615384615
0.06946892307692307
0.026702769230769228
-0.03483876923076923
-0.10535076923076922
-0.12391753846153845
-0.09471138461538461
-0.02357353846153846
0.04756430769230769
0.09471138461538461
0.14436184615384615
0.16856123076923077
0.1691870769230769
0.11578153846153846
0.02899753846153846
-0.03233538461538461
-0.08115138461538463
-0.07489292307692308
-0.04401784615384615
-0.0004172307692307692
0.06133292307692308
0.10117846153846152
0.1462393846153846
0.1543753846153846
0.11599015384615384
0.04193169230769231
-0.03233538461538461
-0.05820369230769231
-0.07030338461538461
-0.04735569230769231
-0.008761846153846153
0.031709538461538456
0.084072
0.11724184615384614
0.1504116923076923
0.15124615384615384
0.09471138461538461
0.021904615384615383
-0.04631261538461538
-0.07259815384615384
-0.06550523076923077
-0.042557538461538466
-0.004589538461538461
0.029623384615384614
0.07906523076923076
0.11849353846153846
0.14102399999999998
0.11265230769230769
0.016897846153846156
-0.07802215384615384
-0.14561353846153846
-0.15103753846153847
-0.116616
-0.054240000000000003
0.012934153846153845
0.05757784615384615
0.11348676923076922
0.14603076923076924
0.13872923076923074
0.07948246153846153
-0.02086153846153846
-0.103056
