0.12224861538461537
0.13330523076923076
0.11411261538461538
0.04965046153846154
-0.024616615384615383
-0.06300184615384616
-0.07948246153846153
-0.05924676923076923
-0.012099692307692308
0.03650769230769231
0.07635323076923077
0.09992676923076924
0.11014892307692307
0.09158215384615384
0.02545107692307692
-0.058829538461538454
-0.11452984615384615
-0.124752
-0.08135999999999999
-0.021904615384615383
0.041514461538461535
0.10618523076923077
0.14457046153846154
0.16167692307692308
0.1489513846153846
0.11035753846153845
0.05674338461538461
-0.011265230769230769
-0.04652123076923077
-0.03337846153846154
0.0006258461538461538
0.04547815384615384
0.07656184615384615
0.10263876923076923
0.1314276923076923
0.15145476923076923
0.14457046153846154
0.09471138461538461
0.015228923076923076
-0.05736923076923077
-0.06759138461538462
-0.04109723076923077
-0.008970461538461538
0.024408000000000003
0.031918153846153846
0.041514461538461535
0.06279323076923077
0.06008123076923077
0.02211323076923077
-0.04839876923076923
-0.10868861538461538
-0.12996738461538462
-0.11244369230769231
-0.059664
0.005424
0.051528
0.07969107692307692
0.09763200000000001
0.08302892307692307
0.04172307692307692
-0.017940923076923077
-0.08448923076923077
-0.12016246153846154
-0.1028473846153846
-0.04860738461538461
0.006675692307692307
0.05570030769230769
0.10597661538461538
0.1397723076923077
0.1531236923076923
0.13455692307692307
0.059872615384615385
-0.035464615384615386
-0.11640738461538462
-0.14206707692307693
-0.11703323076923078
-0.07364123076923076
-0.022947692307692308
0.010848
0.047772923076923074
0.07197230769230768
0.08073415384615384
0.054657230769230764
-0.019192615384615384
-0.09679753846153846
-0.16751815384615384
-0.18149538461538461
-0.14102399999999998
-0.08720123076923077
-0.038176615384615385
0.0025033846153846152
0.04902461538461538
0.07468430769230769
0.05820369230769231
0.012516923076923077
-0.04839876923076923
-0.10535076923076922
-0.12120553846153845
-0.08511507692307693
-0.033169846153846154
0.014811692307692307
0.04985907692307692
0.07739630769230768
0.09909230769230769
0.09554584615384615
0.07489292307692308
0.01814953846153846
-0.04819015384615385
-0.07697907692307693
-0.07489292307692308
-0.037342153846153844
0.0070929230769230765
0.034630153846153845
0.06383630769230769
0.09429415384615383
0.12245723076923076
0.12308307692307692
0.06821723076923077
0.007301538461538462
-0.03337846153846154
-0.042348923076923076
-0.031918153846153846
-0.02315630769230769
0.013768615384615384
0.041514461538461535
0.07426707692307692
0.12516923076923075
0.14916
0.1314276923076923
0.06008123076923077
0.006049846153846154
-0.016897846153846156
-0.016480615384615385
0.01272553846153846
0.029206153846153847
0.051528
0.07572738461538461
0.11327815384615383
0.14039815384615384
0.1136953846153846
0.06905169230769231
0.0022947692307692304
-0.05319692307692307
-0.056326153846153845
-0.04401784615384615
-0.021487384615384613
-0.015646153846153844
-0.011891076923076923
0.026911384615384615
0.0717636923076923
0.0961716923076923
0.059872615384615385
-0.0035464615384615383
-0.06446215384615385
-0.10159569230769232
-0.08115138461538463
-0.059872615384615385
-0.05069353846153846
-0.051528
-0.035255999999999996
0.012934153846153845
0.052153846153846155
0.061750153846153844
0.026494153846153844
-0.02482523076923077
-0.05778646153846154
-0.04735569230769231
-0.01981846153846154
-0.017315076923076923
-0.03066646153846154
-0.03713353846153846
-0.013142769230769229
0.01981846153846154
0.033169846153846154
0.011473846153846154
-0.02211323076923077
-0.031709538461538456
-0.03296123076923077
-0.012099692307692308
0.0035464615384615383
-0.005841230769230769
-0.005424
0.009179076923076922
0.06028984615384615
0.09533723076923077
0.08615815384615384
0.04693846153846153
-0.015020307692307692
-0.03775938461538462
-0.032544
-0.012308307692307691
0.015854769230769228
0.008970461538461538
0.021278769230769233
0.06425353846153846
0.1136953846153846
0.13747753846153846
0.10618523076923077
0.061124307692307686
0.016063384615384615
0.010848
0.021487384615384613
0.010639384615384617
0.0043809230769230765
0.015646153846153844
0.054657230769230764
0.09283384615384616
0.0974233846153846
0.07280676923076923
0.016480615384615385
-0.040679999999999994
-0.06362769230769232
-0.04985907692307692
-0.023364923076923075
-0.029623384615384614
-0.029623384615384614
-0.006884307692307692
0.03483876923076923
0.07656184615384615
0.07384984615384615
0.03838523076923077
-0.012308307692307691
-0.045060923076923075
-0.05194523076923077
-0.03567323076923076
-0.033169846153846154
-0.05945538461538461
-0.05757784615384615
-0.02273907692307692
0.03379569230769231
0.073224
0.06633969230769231
0.02524246153846154
-0.017940923076923077
-0.02211323076923077
-0.022947692307692308
-0.025033846153846153
-0.03650769230769231
-0.06049846153846154
-0.04088861538461538
-0.0006258461538461538
0.0446436923076923
0.050067692307692306
-0.0018775384615384615
