-0.02545107692307692
0.015228923076923076
0.03150092307692308
0.02795446153846154
0.012308307692307691
-0.008344615384615384
-0.07072061538461538
-0.1543753846153846
-0.20715507692307691
-0.20131384615384615
-0.14457046153846154
-0.08198584615384615
-0.02858030769230769
0.00855323076923077
0.03963692307692308
0.06800861538461538
0.07426707692307692
0.038176615384615385
-0.028788923076923077
-0.0892873846153846
-0.12037107692307693
-0.10827138461538462
-0.05194523076923077
0.025033846153846153
0.08574092307692306
0.13038461538461538
0.15771323076923077
0.1597993846153846
0.13247076923076923
0.06195876923076923
-0.027328615384615382
-0.09450276923076922
-0.09700615384615385
-0.046104
0.025033846153846153
0.09533723076923077
0.1395636923076923
0.1704387692307692
0.16793538461538463
0.14060676923076923
0.1045163076923077
0.040262769230769234
-0.010848
-0.026911384615384615
-0.002712
0.04631261538461538
0.08699261538461538
0.12224861538461537
0.14811692307692306
0.16626646153846153
0.15896492307692306
0.11640738461538462
0.049233230769230765
-0.02899753846153846
-0.07885661538461539
-0.07510153846153846
-0.02858030769230769
0.03129230769230769
0.08469784615384615
0.1178676923076923
0.13998092307692306
0.1502030769230769
0.12224861538461537
0.04214030769230769
-0.06633969230769231
-0.15208061538461537
-0.19630707692307692
-0.17961784615384613
-0.11557292307692307
-0.040262769230769234
0.03379569230769231
0.08448923076923077
0.11578153846153846
0.116616
0.05820369230769231
-0.03567323076923076
-0.12662953846153846
-0.17002153846153847
-0.14832553846153845
-0.09012184615384615
-0.016063384615384615
0.04652123076923077
0.1097316923076923
0.1656406153846154
0.1712732307692308
0.12808984615384614
0.023782153846153845
-0.08949599999999999
-0.15520984615384617
-0.16042523076923076
-0.0988836923076923
-0.029414769230769227
0.032544
0.09471138461538461
0.14686523076923075
0.17982646153846152
0.17315076923076922
0.12955015384615384
0.031709538461538456
-0.08198584615384615
-0.14477907692307693
-0.1558356923076923
-0.11640738461538462
-0.05674338461538461
0.006467076923076923
0.0717636923076923
0.12204
0.15124615384615384
0.13121907692307694
0.058829538461538454
-0.03942830769230769
-0.12433476923076923
-0.13476553846153844
-0.09512861538461538
-0.04130584615384615
0.015020307692307692
0.05277969230769231
0.100344
0.138312
0.13998092307692306
0.09199938461538461
0.002086153846153846
-0.08115138461538463
-0.12725538461538463
-0.119328
-0.07948246153846153
-0.03129230769230769
0.009804923076923077
0.04401784615384615
0.0771876923076923
0.08219446153846154
0.04965046153846154
-0.022530461538461537
-0.11223507692307692
-0.15792184615384616
-0.15562707692307692
-0.11599015384615384
-0.05027630769230769
-0.0012516923076923076
0.031918153846153846
0.04526953846153846
0.045895384615384616
0.03337846153846154
-0.01940123076923077
-0.08031692307692308
-0.11724184615384614
-0.11432123076923076
-0.07948246153846153
-0.03045784615384615
0.021696
0.05069353846153846
0.078648
0.10201292307692307
0.0974233846153846
0.06321046153846153
-0.009387692307692307
-0.07384984615384615
-0.11098338461538461
-0.10660246153846153
-0.065088
-0.02899753846153846
0.006467076923076923
0.040262769230769234
0.09304246153846155
0.13643446153846153
0.12767261538461538
0.08866153846153846
0.023990769230769232
-0.020652923076923076
-0.02858030769230769
-0.02044430769230769
0.0077187692307692304
0.026285538461538457
0.04422646153846154
0.07238953846153846
0.10347323076923076
0.11327815384615383
0.07614461538461538
0.02211323076923077
-0.03567323076923076
-0.058829538461538454
-0.03108369230769231
0.00855323076923077
0.059664
0.09596307692307693
0.11724184615384614
0.1506203076923077
0.1710646153846154
0.1504116923076923
0.08428061538461538
0.026076923076923077
-0.018983999999999997
-0.04172307692307692
-0.02899753846153846
-0.02044430769230769
-0.004589538461538461
0.011265230769230769
0.04965046153846154
0.10263876923076923
0.10681107692307691
0.07635323076923077
0.023364923076923075
-0.026076923076923077
-0.042974769230769226
-0.03984553846153846
-0.016063384615384615
-0.0050067692307692304
-0.0029206153846153843
0.016480615384615385
0.04380923076923077
0.0717636923076923
0.048816000000000005
-0.011056615384615385
-0.07197230769230768
-0.11035753846153845
-0.0963803076923077
-0.05444861538461539
-0.01043076923076923
0.01940123076923077
0.05069353846153846
0.09971815384615385
0.13852061538461538
0.13455692307692307
0.07489292307692308
-0.003129230769230769
-0.05757784615384615
-0.07489292307692308
-0.05027630769230769
-0.012934153846153845
0.021904615384615383
0.06028984615384615
0.11035753846153845
0.15520984615384617
0.1706473846153846
0.1449876923076923
0.07614461538461538
-0.0022947692307692304
-0.06300184615384616
-0.07405846153846153
-0.05716061538461538
-0.03775938461538462
-0.004589538461538461
0.05048492307692308
0.11682461538461539
