-0.0744756923076923
-0.03108369230769231
-0.01710646153846154
-0.024199384615384616
-0.008136
0.030040615384615384
0.06195876923076923
0.04526953846153846
-0.0012516923076923076
-0.03442153846153846
-0.04631261538461538
-0.01710646153846154
0.014394461538461538
0.015020307692307692
0.006884307692307692
0.009804923076923077
0.054657230769230764
0.10514215384615383
0.13247076923076923
0.11599015384615384
0.04401784615384615
-0.02044430769230769
-0.044435076923076924
-0.01710646153846154
0.015228923076923076
0.03212676923076923
0.04860738461538461
0.07843938461538462
0.1289243076923077
0.15145476923076923
0.1358086153846154
0.0798996923076923
0.017523692307692306
-0.01981846153846154
-0.032544
-0.015437538461538461
0.006049846153846154
0.023364923076923075
0.04276615384615385
0.07280676923076923
0.10159569230769232
0.10827138461538462
0.08511507692307693
0.0446436923076923
0.011473846153846154
0.011265230769230769
0.03400430769230769
0.051319384615384614
0.049233230769230765
0.026285538461538457
0.022947692307692308
0.03838523076923077
0.05069353846153846
0.03713353846153846
0.0077187692307692304
-0.01856676923076923
-0.024408000000000003
0.005632615384615384
0.021070153846153846
0.021696
0.019609846153846155
0.027120000000000002
0.054240000000000003
0.07843938461538462
0.07280676923076923
0.02795446153846154
-0.02232184615384615
-0.05799507692307692
-0.06133292307692308
-0.05382276923076923
-0.05194523076923077
-0.055491692307692304
-0.05820369230769231
-0.04193169230769231
-0.020652923076923076
-0.006049846153846154
-0.015646153846153844
-0.03755076923076923
-0.05507446153846154
-0.05090215384615384
-0.02753723076923077
-0.015646153846153844
-0.013560000000000001
-0.03150092307692308
-0.043600615384615383
-0.028788923076923077
-0.009387692307692307
-0.007510153846153846
-0.032544
-0.046104
-0.04172307692307692
-0.028788923076923077
-0.007927384615384614
-0.004798153846153846
-0.006884307692307692
-0.0016689230769230767
0.021070153846153846
0.06028984615384615
0.061124307692307686
0.02795446153846154
-0.016480615384615385
-0.05778646153846154
-0.06133292307692308
-0.049233230769230765
-0.04318338461538461
-0.03838523076923077
-0.018358153846153843
0.025033846153846153
0.06863446153846153
0.09387692307692307
0.07781353846153846
0.03045784615384615
-0.02023569230769231
-0.05444861538461539
-0.04401784615384615
-0.026702769230769228
-0.024616615384615383
-0.024408000000000003
-0.005424
0.03942830769230769
0.07697907692307693
0.08720123076923077
0.05528307692307692
0.015228923076923076
-0.012099692307692308
-0.018775384615384614
0.0025033846153846152
0.002086153846153846
-0.015228923076923076
-0.0029206153846153843
0.021278769230769233
0.056951999999999996
0.08240307692307691
0.05298830769230769
-0.002086153846153846
-0.05778646153846154
-0.08323753846153846
-0.07635323076923077
-0.05716061538461538
-0.028788923076923077
0.0035464615384615383
0.05173661538461538
0.11327815384615383
0.15291507692307693
0.13267938461538462
0.06195876923076923
-0.033169846153846154
-0.0892873846153846
-0.09074769230769231
-0.06863446153846153
-0.03379569230769231
-0.016063384615384615
0.018983999999999997
0.0609156923076923
0.09262523076923077
0.11160923076923077
0.07155507692307693
-0.003755076923076923
-0.06341907692307691
-0.08469784615384615
-0.06905169230769231
-0.032544
-0.00855323076923077
0.011473846153846154
0.04526953846153846
0.07364123076923076
0.08782707692307692
0.06049846153846154
0.0025033846153846152
-0.045895384615384616
-0.06926030769230769
-0.06216738461538462
-0.029414769230769227
-0.006467076923076923
0.005632615384615384
0.029414769230769227
0.05048492307692308
0.07238953846153846
0.06717415384615384
0.029623384615384614
-0.009179076923076922
-0.024199384615384616
0.009804923076923077
0.053405538461538456
0.061124307692307686
0.03963692307692308
0.018358153846153843
0.018983999999999997
0.040679999999999994
0.058829538461538454
0.046104
-0.0008344615384615384
-0.0446436923076923
-0.04631261538461538
-0.021487384615384613
0.0025033846153846152
0.015646153846153844
0.006049846153846154
-0.006258461538461538
-0.007510153846153846
-0.0012516923076923076
-0.005215384615384615
-0.03671630769230769
-0.06258461538461538
-0.05736923076923077
-0.03400430769230769
0.0008344615384615384
0.027745846153846152
0.003963692307692307
-0.03650769230769231
-0.04568676923076923
-0.030875076923076922
-0.015646153846153844
-0.02357353846153846
-0.03108369230769231
-0.01710646153846154
0.0008344615384615384
0.02795446153846154
0.05277969230769231
0.03963692307692308
0.005841230769230769
-0.02044430769230769
-0.03024923076923077
-0.01272553846153846
0.009179076923076922
0.01668923076923077
0.03129230769230769
0.06154153846153846
0.11181784615384616
0.15520984615384617
0.15354092307692307
0.11995384615384615
0.073224
0.03609046153846154
0.03296123076923077
0.04088861538461538
0.045895384615384616
0.05799507692307692
0.07781353846153846
0.12287446153846153
0.16876984615384616
0.1829556923076923
0.16438892307692307
0.11098338461538461
