-0.07510153846153846
-0.06195876923076923
-0.06696553846153847
-0.04193169230769231
-0.03400430769230769
-0.031918153846153846
-0.06008123076923077
-0.1314276923076923
-0.165432
-0.1721076923076923
-0.1341396923076923
-0.07948246153846153
-0.045895384615384616
0.005215384615384615
0.03337846153846154
0.06154153846153846
0.06049846153846154
0.017732307692307693
-0.023364923076923075
-0.09554584615384615
-0.12767261538461538
-0.12767261538461538
-0.0826116923076923
-0.016063384615384615
-0.002712
0.03921969230769231
0.08761846153846153
0.12683815384615382
0.13810338461538463
0.09846646153846153
0.043392
-0.035464615384615386
-0.0717636923076923
-0.05757784615384615
-0.028788923076923077
0.01814953846153846
0.04172307692307692
0.07009476923076922
0.09533723076923077
0.0936683076923077
0.06300184615384616
-0.02086153846153846
-0.07635323076923077
-0.07781353846153846
-0.029623384615384614
0.03337846153846154
0.06863446153846153
0.09930092307692308
0.11098338461538461
0.1218313846153846
0.11703323076923078
0.0963803076923077
0.05444861538461539
-0.02023569230769231
-0.06070707692307692
-0.06633969230769231
-0.03337846153846154
0.030040615384615384
0.08302892307692307
0.12725538461538463
0.15938215384615384
0.1666836923076923
0.13935507692307691
0.07009476923076922
-0.024408000000000003
-0.10493353846153847
-0.1422756923076923
-0.11452984615384615
-0.055491692307692304
-0.0008344615384615384
0.04526953846153846
0.07468430769230769
0.08636676923076922
0.08052553846153847
0.05674338461538461
-0.005632615384615384
-0.08240307692307691
-0.1397723076923077
-0.15479261538461536
-0.12579507692307693
-0.0853236923076923
-0.03942830769230769
-0.0014603076923076922
0.03859384615384615
0.07656184615384615
0.08907876923076924
0.06049846153846154
-0.0006258461538461538
-0.052153846153846155
-0.07802215384615384
-0.05716061538461538
-0.011056615384615385
0.029623384615384614
0.06154153846153846
0.08156861538461539
0.10618523076923077
0.10368184615384615
0.05716061538461538
-0.020652923076923076
-0.09074769230769231
-0.11140061538461538
-0.0717636923076923
-0.0025033846153846152
0.044435076923076924
0.07218092307692307
0.07697907692307693
0.084072
0.09825784615384614
0.09325107692307691
0.05924676923076923
-0.0014603076923076922
-0.054240000000000003
-0.0771876923076923
-0.053614153846153846
-0.023782153846153845
0.010639384615384617
0.0446436923076923
0.04902461538461538
0.05924676923076923
0.058829538461538454
0.04902461538461538
0.013351384615384614
-0.03567323076923076
-0.03859384615384615
-0.01710646153846154
0.010848
0.05090215384615384
0.08386338461538462
0.09596307692307693
0.10910584615384614
0.10931446153846153
0.08761846153846153
0.045895384615384616
-0.005215384615384615
-0.03379569230769231
-0.038176615384615385
-0.024408000000000003
-0.008344615384615384
0.0025033846153846152
0.014185846153846153
0.03859384615384615
0.05507446153846154
0.040054153846153843
0.009387692307692307
-0.02795446153846154
-0.059664
-0.061124307692307686
-0.02586830769230769
-0.0008344615384615384
0.014185846153846153
0.02858030769230769
0.03859384615384615
0.058412307692307694
0.05611753846153846
0.03212676923076923
-0.009804923076923077
-0.040679999999999994
-0.03045784615384615
-0.010222153846153844
0.015228923076923076
0.027328615384615382
0.04109723076923077
0.07113784615384615
0.10743692307692307
0.16292861538461537
0.18379015384615385
0.14331876923076922
0.07677046153846154
0.01981846153846154
-0.003755076923076923
-0.006884307692307692
0.007510153846153846
0.02315630769230769
0.04944184615384615
0.09471138461538461
0.12767261538461538
0.14457046153846154
0.10222153846153846
0.033169846153846154
-0.026285538461538457
-0.06550523076923077
-0.041514461538461535
-0.01668923076923077
-0.004589538461538461
0.0018775384615384615
0.026076923076923077
0.07426707692307692
0.10660246153846153
0.13101046153846155
0.10389046153846154
0.05716061538461538
0.028163076923076923
0.0043809230769230765
0.006884307692307692
-0.011891076923076923
-0.043392
-0.040262769230769234
-0.003755076923076923
0.06341907692307691
0.11223507692307692
0.12162276923076921
0.10055261538461538
0.06341907692307691
0.050067692307692306
0.05069353846153846
0.045895384615384616
0.027120000000000002
-0.0012516923076923076
0.006049846153846154
0.03024923076923077
0.05444861538461539
0.06529661538461538
0.01940123076923077
-0.029414769230769227
-0.051319384615384614
-0.037967999999999995
-0.015646153846153844
-0.010639384615384617
0.006884307692307692
0.026702769230769228
0.07051199999999999
0.11286092307692308
0.14164984615384615
0.1353913846153846
0.07781353846153846
0.03609046153846154
-0.0022947692307692304
-0.017523692307692306
-0.021070153846153846
-0.04130584615384615
-0.03942830769230769
-0.025033846153846153
0.015437538461538461
0.061750153846153844
0.07197230769230768
0.04839876923076923
0.010848
-0.005632615384615384
-0.012099692307692308
-0.02273907692307692
-0.03650769230769231
-0.044435076923076924
-0.023364923076923075
0.025659692307692307
