0.035464615384615386
0.03984553846153846
-0.004589538461538461
-0.05570030769230769
-0.10117846153846152
-0.07843938461538462
-0.017315076923076923
0.0448523076923077
0.06571384615384615
0.05069353846153846
0.05611753846153846
0.04714707692307692
0.06133292307692308
0.05507446153846154
0.012099692307692308
-0.028163076923076923
-0.04088861538461538
0.0004172307692307692
0.040054153846153843
0.06654830769230768
0.059664
0.055491692307692304
0.07843938461538462
0.10514215384615383
0.15082892307692305
0.13852061538461538
0.08302892307692307
0.050067692307692306
0.03692492307692308
0.04693846153846153
0.046104
0.02545107692307692
-0.0022947692307692304
-0.009596307692307692
0.03108369230769231
0.07489292307692308
0.07092923076923077
0.03024923076923077
-0.009179076923076922
-0.024199384615384616
-0.006675692307692307
0.035464615384615386
0.06633969230769231
0.06070707692307692
0.05111076923076923
0.047772923076923074
0.052153846153846155
0.06487938461538462
0.05382276923076923
0.03859384615384615
0.031918153846153846
0.04756430769230769
0.09012184615384615
0.11098338461538461
0.09408553846153846
0.06759138461538462
0.05590892307692308
0.06529661538461538
0.09304246153846155
0.10347323076923076
0.09074769230769231
0.08740984615384616
0.08907876923076924
0.11077476923076923
0.12850707692307692
0.10681107692307691
0.06341907692307691
0.015020307692307692
-0.0043809230769230765
0.0018775384615384615
0.015646153846153844
0.018775384615384614
0.009179076923076922
0.029623384615384614
0.05736923076923077
0.0771876923076923
0.09012184615384615
0.06279323076923077
0.03045784615384615
0.006467076923076923
0.005215384615384615
0.021487384615384613
0.01981846153846154
0.019609846153846155
0.025659692307692307
0.06154153846153846
0.100344
0.10868861538461538
0.08782707692307692
0.03129230769230769
-0.015228923076923076
-0.02211323076923077
0.0002086153846153846
0.021904615384615383
0.03984553846153846
0.053614153846153846
0.07218092307692307
0.10326461538461539
0.09909230769230769
0.05236246153846154
-0.016897846153846156
-0.08490646153846154
-0.11411261538461538
-0.09679753846153846
-0.07551876923076924
-0.07218092307692307
-0.07051199999999999
-0.0609156923076923
-0.026702769230769228
0.006258461538461538
0.021278769230769233
0.003129230769230769
-0.05403138461538461
-0.10514215384615383
-0.11599015384615384
-0.0855323076923077
-0.06154153846153846
-0.04088861538461538
-0.026911384615384615
-0.01710646153846154
0.005632615384615384
-0.0035464615384615383
-0.045895384615384616
-0.11306953846153844
-0.1531236923076923
-0.1353913846153846
-0.09053907692307692
-0.02753723076923077
0.00855323076923077
0.03296123076923077
0.06258461538461538
0.08115138461538463
0.09784061538461537
0.059872615384615385
-0.010013538461538461
-0.07551876923076924
-0.11223507692307692
-0.10138707692307691
-0.07405846153846153
-0.011265230769230769
0.025033846153846153
0.04860738461538461
0.08720123076923077
0.11557292307692307
0.13226215384615383
0.07781353846153846
0.013560000000000001
-0.040262769230769234
-0.06592246153846154
-0.026076923076923077
0.01856676923076923
0.05924676923076923
0.092208
0.12162276923076921
0.14164984615384615
0.12955015384615384
0.09179076923076923
0.03212676923076923
-0.04109723076923077
-0.07364123076923076
-0.04526953846153846
0.008136
0.06592246153846154
0.10180430769230768
0.13747753846153846
0.17440246153846153
0.19067446153846154
0.1718990769230769
0.100344
0.0029206153846153843
-0.09033046153846153
-0.12391753846153845
-0.10722830769230769
-0.065088
0.0022947692307692304
0.054657230769230764
0.09596307692307693
0.12433476923076923
0.0988836923076923
0.02044430769230769
-0.07343261538461537
-0.14999446153846155
-0.1792006153846154
-0.16438892307692307
-0.11494707692307692
-0.052153846153846155
-0.0006258461538461538
0.044435076923076924
0.08115138461538463
0.09199938461538461
0.03942830769230769
-0.06321046153846153
-0.15959076923076923
-0.2127876923076923
-0.18879692307692306
-0.116616
-0.044435076923076924
0.021070153846153846
0.06821723076923077
0.09700615384615385
0.10263876923076923
0.07259815384615384
0.002086153846153846
-0.0853236923076923
-0.14123261538461537
-0.14060676923076923
-0.09241661538461539
-0.03108369230769231
0.012934153846153845
0.040054153846153843
0.06633969230769231
0.09491999999999999
0.11640738461538462
0.08135999999999999
0.005424
-0.06279323076923077
-0.10889723076923077
-0.09408553846153846
-0.03880246153846154
0.013768615384615384
0.05528307692307692
0.09387692307692307
0.12704676923076924
0.14206707692307693
0.10514215384615383
0.020652923076923076
-0.06800861538461538
-0.13121907692307694
-0.12996738461538462
-0.07218092307692307
0.002086153846153846
0.04401784615384615
0.06341907692307691
0.09283384615384616
0.10848000000000001
0.09471138461538461
0.06049846153846154
0.010848
-0.04965046153846154
-0.07823076923076923
-0.0609156923076923
-0.027745846153846152
-0.004589538461538461
0.0025033846153846152
