-0.07656184615384615
-0.06821723076923077
-0.03421292307692308
0.00855323076923077
0.05757784615384615
0.09283384615384616
0.06487938461538462
-0.005841230769230769
-0.08344615384615384
-0.11578153846153846
-0.10368184615384615
-0.08344615384615384
-0.045895384615384616
0.006884307692307692
0.07072061538461538
0.12600369230769232
0.15917353846153848
0.15646153846153846
0.09784061538461537
0.021904615384615383
-0.031918153846153846
-0.04172307692307692
-0.022947692307692308
-0.0035464615384615383
0.016480615384615385
0.03045784615384615
0.07405846153846153
0.13080184615384613
0.15124615384615384
0.11265230769230769
0.025033846153846153
-0.03233538461538461
-0.05653476923076922
-0.04985907692307692
-0.01668923076923077
0.006675692307692307
0.03650769230769231
0.07343261538461537
0.1287156923076923
0.168144
0.14686523076923075
0.08010830769230769
-0.0022947692307692304
-0.051528
-0.056326153846153845
-0.03108369230769231
-0.0002086153846153846
0.012308307692307691
0.03650769230769231
0.09116492307692307
0.15249784615384615
0.17669723076923077
0.14206707692307693
0.06571384615384615
-0.009387692307692307
-0.03275261538461539
-0.013560000000000001
0.021696
0.05382276923076923
0.07238953846153846
0.09679753846153846
0.12683815384615382
0.13101046153846155
0.08991323076923076
0.004798153846153846
-0.08115138461538463
-0.13455692307692307
-0.1476996923076923
-0.11953661538461538
-0.08490646153846154
-0.04318338461538461
0.006049846153846154
0.05653476923076922
0.10681107692307691
0.10660246153846153
0.04839876923076923
-0.033169846153846154
-0.1045163076923077
-0.1316363076923077
-0.11619876923076923
-0.09512861538461538
-0.07843938461538462
-0.05236246153846154
-0.02524246153846154
0.013351384615384614
0.026494153846153844
-0.007301538461538462
-0.06487938461538462
-0.14603076923076924
-0.17648861538461538
-0.15145476923076923
-0.10368184615384615
-0.05048492307692308
-0.021278769230769233
0.02482523076923077
0.06425353846153846
0.07969107692307692
0.059038153846153844
-0.013768615384615384
-0.08636676923076922
-0.12934153846153845
-0.116616
-0.07510153846153846
-0.03400430769230769
0.006675692307692307
0.047772923076923074
0.11870215384615385
0.17252492307692308
0.1760713846153846
0.13476553846153844
0.04944184615384615
-0.02086153846153846
-0.054657230769230764
-0.040262769230769234
0.010848
0.037342153846153844
0.06028984615384615
0.09784061538461537
0.13726892307692307
0.16292861538461537
0.14811692307692306
0.09596307692307693
0.02524246153846154
-0.024408000000000003
-0.031709538461538456
-0.019192615384615384
-0.012099692307692308
-0.004589538461538461
0.021070153846153846
0.058829538461538454
0.09429415384615383
0.10222153846153846
0.06446215384615385
-0.008344615384615384
-0.06300184615384616
-0.06675692307692307
-0.05194523076923077
-0.03921969230769231
-0.028788923076923077
-0.024199384615384616
-0.004172307692307692
0.02899753846153846
0.04985907692307692
0.03775938461538462
-0.005841230769230769
-0.03629907692307692
-0.034630153846153845
-0.003963692307692307
0.032544
0.03984553846153846
0.03024923076923077
0.031709538461538456
0.05444861538461539
0.07238953846153846
0.05590892307692308
0.011056615384615385
-0.051319384615384614
-0.09053907692307692
-0.08866153846153846
-0.05924676923076923
-0.015228923076923076
-0.0008344615384615384
0.020652923076923076
0.06362769230769232
0.100344
0.12683815384615382
0.09158215384615384
0.01710646153846154
-0.06759138461538462
-0.13476553846153844
-0.15228923076923076
-0.1506203076923077
-0.13768615384615385
-0.12308307692307692
-0.09283384615384616
-0.03379569230769231
0.024199384615384616
0.05090215384615384
0.03024923076923077
-0.020027076923076922
-0.059872615384615385
-0.06759138461538462
-0.05319692307692307
-0.042348923076923076
-0.04130584615384615
-0.030040615384615384
-0.0035464615384615383
0.023364923076923075
0.030040615384615384
0.0008344615384615384
-0.03629907692307692
-0.051319384615384614
-0.049233230769230765
-0.014394461538461538
0.026494153846153844
0.031918153846153846
0.03358707692307692
0.04526953846153846
0.07468430769230769
0.10597661538461538
0.103056
0.078648
0.03713353846153846
-0.0006258461538461538
-0.015228923076923076
-0.018775384615384614
-0.024199384615384616
-0.03045784615384615
-0.024199384615384616
-0.011473846153846154
0.02273907692307692
0.05277969230769231
0.03296123076923077
-0.0012516923076923076
-0.035464615384615386
-0.05090215384615384
-0.03567323076923076
-0.004172307692307692
0.01710646153846154
0.007510153846153846
0.0025033846153846152
0.0077187692307692304
0.013560000000000001
-0.0008344615384615384
-0.030875076923076922
-0.0446436923076923
-0.04985907692307692
-0.03129230769230769
0.0002086153846153846
0.008136
-0.0016689230769230767
-0.004172307692307692
0.009179076923076922
0.018358153846153843
0.026702769230769228
0.030875076923076922
0.03108369230769231
0.03442153846153846
0.03150092307692308
0.023990769230769232
-0.005841230769230769
-0.03045784615384615
-0.02753723076923077
-0.0014603076923076922
