-0.032544
-0.056951999999999996
-0.03421292307692308
0.0002086153846153846
0.02023569230769231
0.018358153846153843
0.020027076923076922
0.05069353846153846
0.0828203076923077
0.08219446153846154
0.02795446153846154
-0.03504738461538461
-0.07969107692307692
-0.10514215384615383
-0.09283384615384616
-0.07885661538461539
-0.0853236923076923
-0.08511507692307693
-0.05757784615384615
0.0022947692307692304
0.035464615384615386
0.016897846153846156
-0.023364923076923075
-0.07343261538461537
-0.08720123076923077
-0.06070707692307692
-0.026494153846153844
-0.012308307692307691
-0.01043076923076923
0.0077187692307692304
0.023364923076923075
0.047981538461538464
0.04819015384615385
0.0006258461538461538
-0.06529661538461538
-0.1207883076923077
-0.11286092307692308
-0.08824430769230769
-0.07134646153846153
-0.04652123076923077
-0.026702769230769228
0.024408000000000003
0.08887015384615385
0.13455692307692307
0.12579507692307693
0.0448523076923077
-0.04944184615384615
-0.11286092307692308
-0.11098338461538461
-0.08740984615384616
-0.09554584615384615
-0.09450276923076922
-0.06633969230769231
-0.006258461538461538
0.055491692307692304
0.08073415384615384
0.06300184615384616
0.008970461538461538
-0.03233538461538461
-0.05111076923076923
-0.03379569230769231
0.0008344615384615384
0.009804923076923077
0.029414769230769227
0.04965046153846154
0.0855323076923077
0.11077476923076923
0.08344615384615384
0.03942830769230769
-0.018775384615384614
-0.03921969230769231
-0.03150092307692308
-0.02795446153846154
-0.021904615384615383
-0.021070153846153846
0.003963692307692307
0.052571076923076915
0.09575446153846154
0.09554584615384615
0.050067692307692306
0.0
-0.03358707692307692
-0.026702769230769228
0.010013538461538461
0.031918153846153846
0.03984553846153846
0.03942830769230769
0.052153846153846155
0.08574092307692306
0.10368184615384615
0.09450276923076922
0.04526953846153846
-0.004589538461538461
-0.01814953846153846
0.013351384615384614
0.07092923076923077
0.10430769230769231
0.13747753846153846
0.1666836923076923
0.19818461538461538
0.2154996923076923
0.17398523076923075
0.11244369230769231
0.056951999999999996
0.024408000000000003
0.018775384615384614
0.028788923076923077
0.042348923076923076
0.04318338461538461
0.06279323076923077
0.10743692307692307
0.14811692307692306
0.16230276923076925
0.13184492307692308
0.08907876923076924
0.055491692307692304
0.052571076923076915
0.07572738461538461
0.0771876923076923
0.06049846153846154
0.02795446153846154
0.007510153846153846
0.009596307692307692
-0.003963692307692307
-0.01668923076923077
-0.03483876923076923
-0.04318338461538461
-0.029414769230769227
-0.016063384615384615
0.003963692307692307
-0.0043809230769230765
-0.03108369230769231
-0.03629907692307692
-0.02586830769230769
-0.0022947692307692304
0.011891076923076923
0.0016689230769230767
-0.023782153846153845
-0.04672984615384615
-0.054657230769230764
-0.03859384615384615
-0.021696
-0.03358707692307692
-0.03233538461538461
-0.014603076923076923
0.014394461538461538
0.03337846153846154
0.010013538461538461
-0.014603076923076923
-0.04047138461538462
-0.037967999999999995
-0.015228923076923076
-0.010013538461538461
-0.01814953846153846
-0.06154153846153846
-0.08511507692307693
-0.08636676923076922
-0.07051199999999999
-0.035255999999999996
-0.015854769230769228
0.02211323076923077
0.05403138461538461
0.07885661538461539
0.0936683076923077
0.06154153846153846
-0.0029206153846153843
-0.06926030769230769
-0.08428061538461538
-0.06070707692307692
-0.023364923076923075
0.02586830769230769
0.06446215384615385
0.09429415384615383
0.10910584615384614
0.10827138461538462
0.08240307692307691
0.013560000000000001
-0.05048492307692308
-0.09012184615384615
-0.08949599999999999
-0.04819015384615385
-0.011473846153846154
0.027328615384615382
0.05236246153846154
0.08115138461538463
0.10931446153846153
0.09387692307692307
0.05757784615384615
-0.007301538461538462
-0.04526953846153846
-0.022947692307692308
0.016063384615384615
0.06800861538461538
0.09658892307692307
0.12725538461538463
0.16251138461538459
0.18483323076923078
0.19755876923076923
0.16292861538461537
0.11265230769230769
0.05319692307692307
0.017523692307692306
0.027120000000000002
0.05069353846153846
0.08740984615384616
0.11348676923076922
0.12287446153846153
0.1353913846153846
0.13747753846153846
0.11202646153846153
0.04172307692307692
-0.0446436923076923
-0.08094276923076923
-0.06863446153846153
-0.011056615384615385
0.05820369230769231
0.11014892307692307
0.14060676923076923
0.1435273846153846
0.14331876923076922
0.12204
0.04672984615384615
-0.05444861538461539
-0.13226215384615383
-0.16063384615384615
-0.14018953846153845
-0.10764553846153846
-0.06967753846153846
-0.027120000000000002
0.01272553846153846
0.06195876923076923
0.09304246153846155
0.08469784615384615
0.02482523076923077
-0.059872615384615385
-0.11348676923076922
-0.12224861538461537
-0.0936683076923077
-0.06258461538461538
-0.05069353846153846
-0.03984553846153846
-0.010013538461538461
0.019609846153846155
0.009596307692307692
