-0.0008344615384615384
0.005632615384615384
-0.007510153846153846
0.006049846153846154
0.029623384615384614
0.061750153846153844
0.06383630769230769
0.03024923076923077
-0.023782153846153845
-0.06195876923076923
-0.03880246153846154
0.005841230769230769
0.03629907692307692
0.034630153846153845
0.03129230769230769
0.04965046153846154
0.05924676923076923
0.06759138461538462
0.03337846153846154
-0.0448523076923077
-0.09784061538461537
-0.11056615384615384
-0.05820369230769231
0.0002086153846153846
0.026494153846153844
0.042348923076923076
0.05069353846153846
0.10409907692307692
0.12496061538461539
0.10159569230769232
0.06717415384615384
0.009596307692307692
-0.013768615384615384
-0.017315076923076923
0.015854769230769228
0.056951999999999996
0.05319692307692307
0.026494153846153844
0.008344615384615384
0.02795446153846154
0.031918153846153846
-0.006258461538461538
-0.059872615384615385
-0.09825784615384614
-0.09512861538461538
-0.07030338461538461
-0.02044430769230769
0.014603076923076923
0.0077187692307692304
0.021070153846153846
0.04819015384615385
0.061124307692307686
0.034630153846153845
-0.03233538461538461
-0.0828203076923077
-0.1028473846153846
-0.07677046153846154
-0.03379569230769231
-0.014603076923076923
-0.0029206153846153843
0.007301538461538462
0.040054153846153843
0.06696553846153847
0.06967753846153846
0.04130584615384615
-0.024199384615384616
-0.06258461538461538
-0.07009476923076922
-0.05653476923076922
-0.04693846153846153
-0.062376
-0.07238953846153846
-0.07551876923076924
-0.041514461538461535
-0.0043809230769230765
-0.016897846153846156
-0.04714707692307692
-0.08845292307692308
-0.09679753846153846
-0.07927384615384615
-0.06800861538461538
-0.06592246153846154
-0.08240307692307691
-0.07510153846153846
-0.062376
-0.0446436923076923
-0.03859384615384615
-0.06028984615384615
-0.08031692307692308
-0.084072
-0.04214030769230769
-0.012099692307692308
-0.004589538461538461
0.004589538461538461
-0.0016689230769230767
0.02044430769230769
0.06195876923076923
0.09053907692307692
0.09283384615384616
0.050067692307692306
0.017315076923076923
0.017523692307692306
0.038176615384615385
0.05757784615384615
0.03755076923076923
0.009804923076923077
0.0025033846153846152
0.021696
0.05674338461538461
0.06884307692307692
0.06258461538461538
0.05945538461538461
0.06738276923076922
0.09095630769230768
0.11995384615384615
0.11974523076923077
0.08720123076923077
0.06487938461538462
0.06279323076923077
0.09095630769230768
0.116616
0.11452984615384615
0.08720123076923077
0.03713353846153846
0.03108369230769231
0.04631261538461538
0.056326153846153845
0.03504738461538461
-0.008761846153846153
0.004798153846153846
0.040679999999999994
0.07739630769230768
0.09679753846153846
0.08782707692307692
0.06321046153846153
0.031918153846153846
0.016897846153846156
0.004172307692307692
-0.03421292307692308
-0.0936683076923077
-0.12496061538461539
-0.12016246153846154
-0.08490646153846154
-0.043392
-0.024408000000000003
-0.029832
-0.03859384615384615
-0.03358707692307692
-0.03024923076923077
-0.04047138461538462
-0.08094276923076923
-0.11891076923076922
-0.13330523076923076
-0.10263876923076923
-0.0446436923076923
-0.0006258461538461538
0.015020307692307692
0.006049846153846154
0.02086153846153846
0.03859384615384615
0.03567323076923076
0.009596307692307692
-0.03692492307692308
-0.07635323076923077
-0.08177723076923075
-0.04693846153846153
-0.0012516923076923076
0.027120000000000002
0.023364923076923075
0.022947692307692308
0.04839876923076923
0.05069353846153846
0.012099692307692308
-0.04547815384615384
-0.09930092307692308
-0.11891076923076922
-0.0988836923076923
-0.051528
-0.005424
0.007301538461538462
0.01814953846153846
0.04109723076923077
0.06529661538461538
0.07197230769230768
0.03233538461538461
-0.010639384615384617
-0.04819015384615385
-0.05757784615384615
-0.010848
0.0446436923076923
0.08615815384615384
0.111192
0.1287156923076923
0.15082892307692305
0.15520984615384617
0.11911938461538461
0.05507446153846154
-0.0022947692307692304
-0.037967999999999995
-0.03233538461538461
0.0025033846153846152
0.04193169230769231
0.09116492307692307
0.1314276923076923
0.16292861538461537
0.17273353846153844
0.14686523076923075
0.08073415384615384
-0.011473846153846154
-0.07551876923076924
-0.08574092307692306
-0.06300184615384616
-0.03024923076923077
-0.006258461538461538
0.002086153846153846
0.024408000000000003
0.048816000000000005
0.058412307692307694
0.03233538461538461
-0.02899753846153846
-0.07426707692307692
-0.08177723076923075
-0.03984553846153846
0.0006258461538461538
0.030040615384615384
0.05069353846153846
0.059038153846153844
0.08198584615384615
0.08115138461538463
0.04902461538461538
-0.021904615384615383
-0.0974233846153846
-0.13267938461538462
-0.11494707692307692
-0.05277969230769231
0.01272553846153846
0.06675692307692307
0.09304246153846155
0.116616
0.12099692307692309
0.08511507692307693
0.02795446153846154
-0.04109723076923077
-0.07510153846153846
