0.13455692307692307
0.10722830769230769
0.07969107692307692
0.04172307692307692
0.03775938461538462
0.05277969230769231
0.07259815384615384
0.06571384615384615
0.035464615384615386
0.029832
0.04693846153846153
0.07948246153846153
0.07426707692307692
0.040262769230769234
-0.006049846153846154
-0.056951999999999996
-0.042974769230769226
-0.007510153846153846
0.03150092307692308
0.06216738461538462
0.07802215384615384
0.11974523076923077
0.13998092307692306
0.13476553846153844
0.08010830769230769
-0.006049846153846154
-0.059664
-0.092208
-0.07134646153846153
-0.050067692307692306
-0.04714707692307692
-0.035255999999999996
-0.015854769230769228
0.031709538461538456
0.043600615384615383
0.03233538461538461
-0.028788923076923077
-0.11557292307692307
-0.14665661538461539
-0.16105107692307694
-0.12621230769230768
-0.07677046153846154
-0.04693846153846153
-0.015646153846153844
0.016480615384615385
0.06028984615384615
0.05298830769230769
-0.011682461538461537
-0.08386338461538462
-0.13455692307692307
-0.12579507692307693
-0.08344615384615384
-0.005632615384615384
0.06404492307692307
0.09158215384615384
0.12642092307692307
0.13330523076923076
0.13247076923076923
0.09971815384615385
0.020027076923076922
-0.04714707692307692
-0.08448923076923077
-0.05653476923076922
-0.009804923076923077
0.04172307692307692
0.0961716923076923
0.12391753846153845
0.15520984615384617
0.15813046153846153
0.13622584615384614
0.09158215384615384
0.010848
-0.042974769230769226
-0.06633969230769231
-0.035464615384615386
0.03129230769230769
0.09554584615384615
0.15416676923076922
0.18379015384615385
0.21153599999999997
0.1908830769230769
0.12308307692307692
0.03629907692307692
-0.051528
-0.07969107692307692
-0.06258461538461538
0.0025033846153846152
0.08094276923076923
0.13789476923076924
0.1779489230769231
0.1869193846153846
0.18212123076923076
0.12287446153846153
0.025033846153846153
-0.058829538461538454
-0.12308307692307692
-0.124752
-0.08344615384615384
-0.026494153846153844
0.027328615384615382
0.06425353846153846
0.08907876923076924
0.08365476923076923
0.05799507692307692
-0.003129230769230769
-0.09012184615384615
-0.14477907692307693
-0.16251138461538459
-0.14123261538461537
-0.09471138461538461
-0.051528
-0.005632615384615384
0.023990769230769232
0.04756430769230769
0.05507446153846154
0.002086153846153846
-0.07113784615384615
-0.1356
-0.17315076923076922
-0.16188553846153847
-0.13059323076923077
-0.08302892307692307
-0.030040615384615384
0.022947692307692308
0.07614461538461538
0.0974233846153846
0.07739630769230768
0.014603076923076923
-0.06988615384615385
-0.12767261538461538
-0.13998092307692306
-0.10952307692307692
-0.06821723076923077
-0.03379569230769231
-0.008136
0.01668923076923077
0.03671630769230769
0.022530461538461537
-0.016897846153846156
-0.0853236923076923
-0.14749107692307692
-0.15333230769230768
-0.1028473846153846
-0.04172307692307692
-0.0002086153846153846
0.031709538461538456
0.05382276923076923
0.07572738461538461
0.08386338461538462
0.07280676923076923
0.029414769230769227
-0.03671630769230769
-0.07197230769230768
-0.07468430769230769
-0.04130584615384615
0.0025033846153846152
0.04401784615384615
0.07781353846153846
0.09763200000000001
0.12913292307692306
0.13852061538461538
0.10639384615384614
0.040679999999999994
-0.018358153846153843
-0.04693846153846153
-0.04902461538461538
-0.018983999999999997
0.017940923076923077
0.047981538461538464
0.07572738461538461
0.10681107692307691
0.12662953846153846
0.11056615384615384
0.05736923076923077
0.0035464615384615383
-0.02545107692307692
-0.02211323076923077
0.005215384615384615
0.03337846153846154
0.06216738461538462
0.08177723076923075
0.10681107692307691
0.12099692307692309
0.10994030769230768
0.06383630769230769
-0.027745846153846152
-0.07802215384615384
-0.08365476923076923
-0.06341907692307691
-0.03921969230769231
-0.03129230769230769
0.006258461538461538
0.04631261538461538
0.07677046153846154
0.09763200000000001
0.07468430769230769
0.01940123076923077
-0.045060923076923075
-0.08177723076923075
-0.07697907692307693
-0.065088
-0.04819015384615385
-0.041514461538461535
-0.01710646153846154
0.02524246153846154
0.046104
0.04401784615384615
0.009804923076923077
-0.02482523076923077
-0.05757784615384615
-0.06341907692307691
-0.03942830769230769
-0.022947692307692308
-0.002712
0.01710646153846154
0.06300184615384616
0.103056
0.10639384615384614
0.084072
0.02795446153846154
-0.0016689230769230767
0.0012516923076923076
0.016063384615384615
0.026494153846153844
0.011473846153846154
0.0077187692307692304
0.025033846153846153
0.06404492307692307
0.11035753846153845
0.10848000000000001
0.07197230769230768
0.026076923076923077
-0.010222153846153844
-0.005215384615384615
-0.014185846153846153
-0.03692492307692308
-0.05590892307692308
-0.06070707692307692
-0.02753723076923077
0.016897846153846156
0.055491692307692304
0.0448523076923077
0.004589538461538461
-0.03880246153846154
