-0.03880246153846154
-0.02524246153846154
0.012308307692307691
0.032544
0.01856676923076923
0.015437538461538461
0.011265230769230769
0.030875076923076922
0.04672984615384615
0.02044430769230769
-0.0008344615384615384
-0.02273907692307692
-0.0016689230769230767
0.03483876923076923
0.059872615384615385
0.08887015384615385
0.07510153846153846
0.07969107692307692
0.11348676923076922
0.1612596923076923
0.19526400000000002
0.16251138461538459
0.12287446153846153
0.09137353846153846
0.07218092307692307
0.0855323076923077
0.07364123076923076
0.05027630769230769
0.03713353846153846
0.044435076923076924
0.08907876923076924
0.11724184615384614
0.12308307692307692
0.084072
0.03713353846153846
0.030875076923076922
0.0448523076923077
0.06425353846153846
0.04631261538461538
0.027120000000000002
0.016480615384615385
0.00855323076923077
0.022947692307692308
0.02586830769230769
0.005424
-0.026702769230769228
-0.018983999999999997
0.028788923076923077
0.05194523076923077
0.03984553846153846
-0.005424
-0.027745846153846152
0.005215384615384615
0.04965046153846154
0.10263876923076923
0.11452984615384615
0.06633969230769231
0.024199384615384616
0.012934153846153845
0.03275261538461539
0.032544
0.010639384615384617
-0.014603076923076923
-0.038176615384615385
-0.003129230769230769
0.04276615384615385
0.05298830769230769
0.025659692307692307
-0.02044430769230769
-0.03212676923076923
-0.024408000000000003
-0.0077187692307692304
0.010639384615384617
0.006675692307692307
-0.01668923076923077
-0.015854769230769228
0.014394461538461538
0.017940923076923077
0.0004172307692307692
-0.034630153846153845
-0.05924676923076923
-0.04693846153846153
-0.028788923076923077
0.00855323076923077
0.010848
-0.008970461538461538
0.008344615384615384
0.029623384615384614
0.06362769230769232
0.05236246153846154
0.0012516923076923076
-0.03650769230769231
-0.053614153846153846
-0.027745846153846152
-0.014185846153846153
-0.025659692307692307
-0.05570030769230769
-0.07572738461538461
-0.05027630769230769
-0.016897846153846156
0.009804923076923077
-0.011056615384615385
-0.053614153846153846
-0.07656184615384615
-0.09763200000000001
-0.0880356923076923
-0.0880356923076923
-0.11014892307692307
-0.12391753846153845
-0.11286092307692308
-0.05111076923076923
0.0016689230769230767
0.021278769230769233
0.016480615384615385
-0.0043809230769230765
-0.0006258461538461538
0.017315076923076923
0.04109723076923077
0.03379569230769231
-0.008136
-0.022530461538461537
-0.008136
0.018983999999999997
0.02795446153846154
0.0016689230769230767
-0.03108369230769231
-0.04985907692307692
-0.03421292307692308
-0.0012516923076923076
0.009179076923076922
-0.009596307692307692
-0.026702769230769228
-0.006049846153846154
0.03337846153846154
0.07739630769230768
0.08344615384615384
0.05090215384615384
0.028788923076923077
0.011265230769230769
0.020652923076923076
0.030875076923076922
0.012099692307692308
-0.027120000000000002
-0.05319692307692307
-0.030040615384615384
0.0014603076923076922
0.04568676923076923
0.07802215384615384
0.10055261538461538
0.14123261538461537
0.15354092307692307
0.16730953846153845
0.14978584615384616
0.09491999999999999
0.05757784615384615
0.050067692307692306
0.07551876923076924
0.09846646153846153
0.111192
0.10222153846153846
0.10263876923076923
0.11494707692307692
0.1097316923076923
0.09491999999999999
0.03713353846153846
-0.02586830769230769
-0.045895384615384616
-0.03755076923076923
0.006675692307692307
0.06258461538461538
0.10639384615384614
0.14081538461538462
0.1504116923076923
0.15667015384615385
0.13330523076923076
0.06926030769230769
-0.015020307692307692
-0.09179076923076923
-0.10931446153846153
-0.09930092307692308
-0.054657230769230764
-0.0016689230769230767
0.027745846153846152
0.06946892307692307
0.10493353846153847
0.12955015384615384
0.103056
0.030040615384615384
-0.042348923076923076
-0.09179076923076923
-0.07906523076923076
-0.03692492307692308
0.011891076923076923
0.04693846153846153
0.059664
0.06800861538461538
0.05444861538461539
0.01981846153846154
-0.053405538461538456
-0.15771323076923077
-0.23385784615384617
-0.24616615384615384
-0.19797599999999999
-0.1287156923076923
-0.05486584615384615
0.008344615384615384
0.05277969230769231
0.0880356923076923
0.07572738461538461
0.00855323076923077
-0.09658892307692307
-0.18399876923076922
-0.20319138461538463
-0.18253846153846154
-0.1316363076923077
-0.05319692307692307
0.016063384615384615
0.059872615384615385
0.0892873846153846
0.09304246153846155
0.06028984615384615
-0.02273907692307692
-0.1151556923076923
-0.14603076923076924
-0.12329169230769231
-0.06300184615384616
0.022530461538461537
0.09053907692307692
0.12725538461538463
0.14311015384615386
0.13706030769230768
0.0974233846153846
0.01668923076923077
-0.07781353846153846
-0.15270646153846154
-0.1710646153846154
-0.13267938461538462
-0.08115138461538463
-0.021696
0.027120000000000002
0.086784
0.14436184615384615
0.15103753846153847
0.11578153846153846
