0.013142769230769229
0.02899753846153846
0.037967999999999995
0.04902461538461538
0.05778646153846154
0.053614153846153846
0.022947692307692308
-0.019609846153846155
-0.04109723076923077
-0.016480615384615385
0.029414769230769227
0.05945538461538461
0.07030338461538461
0.06863446153846153
0.07948246153846153
0.0934596923076923
0.09074769230769231
0.07009476923076922
0.023990769230769232
-0.032544
-0.05590892307692308
-0.03212676923076923
0.011265230769230769
0.03629907692307692
0.03650769230769231
0.049233230769230765
0.0744756923076923
0.08219446153846154
0.059664
0.006884307692307692
-0.04735569230769231
-0.07489292307692308
-0.061124307692307686
-0.01397723076923077
0.04172307692307692
0.07635323076923077
0.09700615384615385
0.12391753846153845
0.13247076923076923
0.11056615384615384
0.04318338461538461
-0.033169846153846154
-0.09408553846153846
-0.11745046153846153
-0.06487938461538462
-0.003129230769230769
0.05590892307692308
0.09512861538461538
0.1070196923076923
0.1314276923076923
0.11244369230769231
0.04965046153846154
-0.041514461538461535
-0.12558646153846154
-0.1543753846153846
-0.14540492307692307
-0.10138707692307691
-0.04944184615384615
-0.007301538461538462
0.01043076923076923
0.02858030769230769
0.05444861538461539
0.040262769230769234
-0.006258461538461538
-0.07134646153846153
-0.10639384615384614
-0.0853236923076923
-0.04214030769230769
0.0035464615384615383
0.03713353846153846
0.053405538461538456
0.07739630769230768
0.10827138461538462
0.12162276923076921
0.08344615384615384
0.0
-0.06946892307692307
-0.09804923076923076
-0.06070707692307692
-0.005841230769230769
0.04088861538461538
0.07030338461538461
0.06738276923076922
0.08344615384615384
0.07697907692307693
0.04088861538461538
-0.02211323076923077
-0.11265230769230769
-0.17544553846153846
-0.17628
-0.09053907692307692
-0.003129230769230769
0.04693846153846153
0.07885661538461539
0.08636676923076922
0.09387692307692307
0.07301538461538462
0.02858030769230769
-0.04130584615384615
-0.10868861538461538
-0.11077476923076923
-0.06446215384615385
0.0012516923076923076
0.05444861538461539
0.10159569230769232
0.13998092307692306
0.16021661538461537
0.16209415384615386
0.13622584615384614
0.09033046153846153
0.027120000000000002
-0.027120000000000002
-0.03024923076923077
0.012308307692307691
0.05799507692307692
0.09095630769230768
0.10347323076923076
0.11181784615384616
0.11578153846153846
0.1045163076923077
0.07384984615384615
-0.0025033846153846152
-0.07572738461538461
-0.10347323076923076
-0.08094276923076923
-0.03296123076923077
0.008136
0.06404492307692307
0.103056
0.11494707692307692
0.11807630769230769
0.08636676923076922
0.015646153846153844
-0.06571384615384615
-0.10076123076923077
-0.07489292307692308
-0.020027076923076922
0.04547815384615384
0.09825784615384614
0.1356
0.16647507692307692
0.1783661538461538
0.1558356923076923
0.09179076923076923
0.004798153846153846
-0.06049846153846154
-0.07656184615384615
-0.04693846153846153
-0.014394461538461538
0.006467076923076923
0.03212676923076923
0.054657230769230764
0.08198584615384615
0.08052553846153847
0.050067692307692306
0.005215384615384615
-0.06154153846153846
-0.10055261538461538
-0.10055261538461538
-0.0717636923076923
-0.03901107692307692
-0.018983999999999997
0.02482523076923077
0.07280676923076923
0.09512861538461538
0.0826116923076923
0.02357353846153846
-0.03755076923076923
-0.084072
-0.10764553846153846
-0.08699261538461538
-0.05674338461538461
-0.02232184615384615
0.015228923076923076
0.05403138461538461
0.08720123076923077
0.09053907692307692
0.06008123076923077
-0.0025033846153846152
-0.05653476923076922
-0.06738276923076922
-0.04047138461538462
-0.018775384615384614
-0.014811692307692307
-0.0070929230769230765
0.008136
0.022530461538461537
0.008136
-0.02795446153846154
-0.0934596923076923
-0.16334584615384617
-0.18525046153846153
-0.16730953846153845
-0.13226215384615383
-0.10576799999999999
-0.07927384615384615
-0.04401784615384615
-0.0029206153846153843
0.03275261538461539
0.047772923076923074
0.029414769230769227
-0.03442153846153846
-0.08094276923076923
-0.09575446153846154
-0.08594953846153845
-0.04860738461538461
-0.02753723076923077
0.0022947692307692304
0.03650769230769231
0.05653476923076922
0.07781353846153846
0.07489292307692308
0.03984553846153846
-0.006258461538461538
-0.02023569230769231
0.008136
0.03671630769230769
0.06028984615384615
0.07280676923076923
0.08761846153846153
0.10555938461538462
0.10096984615384616
0.08448923076923077
0.028163076923076923
-0.03045784615384615
-0.05590892307692308
-0.04214030769230769
0.004798153846153846
0.020027076923076922
0.03880246153846154
0.07155507692307693
0.11473846153846154
0.15208061538461537
0.15687876923076924
0.12412615384615384
0.04985907692307692
0.002086153846153846
-0.015437538461538461
-0.003963692307692307
0.01814953846153846
0.03880246153846154
0.06821723076923077
0.08720123076923077
0.10535076923076922
