0.15103753846153847
0.18066092307692305
0.1927606153846154
0.15750461538461538
0.09450276923076922
0.021696
-0.0448523076923077
-0.07614461538461538
-0.07364123076923076
-0.038176615384615385
0.011056615384615385
0.041514461538461535
0.07510153846153846
0.0988836923076923
0.10201292307692307
0.07781353846153846
0.01668923076923077
-0.029623384615384614
-0.06008123076923077
-0.05590892307692308
-0.010013538461538461
0.022947692307692308
0.035464615384615386
0.03504738461538461
0.03921969230769231
0.04318338461538461
0.021278769230769233
-0.026911384615384615
-0.08469784615384615
-0.12162276923076921
-0.10201292307692307
-0.05382276923076923
-0.011473846153846154
0.03150092307692308
0.06467076923076923
0.09137353846153846
0.12412615384615384
0.146448
0.12162276923076921
0.04130584615384615
-0.0446436923076923
-0.08094276923076923
-0.07468430769230769
-0.04693846153846153
0.0002086153846153846
0.053405538461538456
0.0934596923076923
0.12558646153846154
0.13872923076923074
0.10430769230769231
0.041514461538461535
-0.021070153846153846
-0.054657230769230764
-0.04672984615384615
-0.02211323076923077
0.0029206153846153843
0.016897846153846156
0.017523692307692306
0.042974769230769226
0.07614461538461538
0.08469784615384615
0.06279323076923077
0.015228923076923076
-0.01397723076923077
-0.02357353846153846
-0.002086153846153846
0.03629907692307692
0.058412307692307694
0.0771876923076923
0.10222153846153846
0.14749107692307692
0.15354092307692307
0.11181784615384616
0.06258461538461538
0.012934153846153845
0.005841230769230769
0.02482523076923077
0.06008123076923077
0.08135999999999999
0.056951999999999996
0.05298830769230769
0.06529661538461538
0.07551876923076924
0.06884307692307692
0.022530461538461537
-0.032544
-0.07072061538461538
-0.05820369230769231
-0.018983999999999997
0.003963692307692307
0.004798153846153846
-0.0022947692307692304
0.010013538461538461
0.027328615384615382
0.03629907692307692
0.030040615384615384
-0.004172307692307692
-0.028163076923076923
-0.004798153846153846
0.04568676923076923
0.07259815384615384
0.05507446153846154
0.023782153846153845
-0.005215384615384615
-0.012308307692307691
0.005424
0.006258461538461538
-0.028788923076923077
-0.07030338461538461
-0.0771876923076923
-0.05319692307692307
-0.014394461538461538
0.0012516923076923076
-0.008344615384615384
0.0043809230769230765
0.03421292307692308
0.07781353846153846
0.08574092307692306
0.03337846153846154
-0.018358153846153843
-0.07259815384615384
-0.10138707692307691
-0.07092923076923077
-0.03859384615384615
-0.026494153846153844
-0.029623384615384614
-0.013560000000000001
0.03379569230769231
0.05090215384615384
0.04839876923076923
0.016897846153846156
-0.027120000000000002
-0.027120000000000002
-0.0043809230769230765
0.028163076923076923
0.026285538461538457
0.018358153846153843
0.03024923076923077
0.04652123076923077
0.10013538461538461
0.14164984615384615
0.13393107692307693
0.07259815384615384
0.016063384615384615
0.006884307692307692
-0.0022947692307692304
-0.004589538461538461
-0.021278769230769233
-0.03379569230769231
-0.014394461538461538
0.017315076923076923
0.06821723076923077
0.07739630769230768
0.03108369230769231
-0.02273907692307692
-0.05236246153846154
-0.03337846153846154
-0.02273907692307692
-0.02357353846153846
-0.010013538461538461
0.0016689230769230767
0.0446436923076923
0.0855323076923077
0.10222153846153846
0.07113784615384615
-0.006675692307692307
-0.03671630769230769
-0.050067692307692306
-0.02482523076923077
0.021487384615384613
0.030875076923076922
0.0446436923076923
0.04526953846153846
0.06675692307692307
0.06946892307692307
0.03024923076923077
-0.012308307692307691
-0.05403138461538461
-0.05528307692307692
-0.03713353846153846
-0.010639384615384617
0.008136
0.005215384615384615
0.018358153846153843
0.049233230769230765
0.07364123076923076
0.07364123076923076
0.05319692307692307
0.014394461538461538
-0.03066646153846154
-0.023364923076923075
0.01043076923076923
0.021278769230769233
0.014394461538461538
0.0012516923076923076
0.015020307692307692
0.05048492307692308
0.09262523076923077
0.10076123076923077
0.06070707692307692
0.03212676923076923
0.03838523076923077
0.07030338461538461
0.09116492307692307
0.07656184615384615
0.04631261538461538
0.01814953846153846
0.009387692307692307
0.006049846153846154
-0.013142769230769229
-0.037342153846153844
-0.044435076923076924
-0.018983999999999997
0.023364923076923075
0.07572738461538461
0.09679753846153846
0.06905169230769231
0.032544
0.015020307692307692
0.017940923076923077
0.009179076923076922
-0.016063384615384615
-0.05945538461538461
-0.0936683076923077
-0.08240307692307691
-0.05820369230769231
-0.03859384615384615
-0.042557538461538466
-0.06905169230769231
-0.07155507692307693
-0.04860738461538461
-0.006675692307692307
0.018775384615384614
0.013768615384615384
0.005215384615384615
-0.003129230769230769
0.004798153846153846
0.011265230769230769
-0.010013538461538461
-0.05069353846153846
-0.07739630769230768
-0.07134646153846153
-0.04944184615384615
-0.03629907692307692
