-0.08845292307692308
-0.1558356923076923
-0.1785747692307692
-0.15249784615384615
-0.1136953846153846
-0.086784
-0.04965046153846154
-0.015437538461538461
0.015437538461538461
0.02858030769230769
0.006884307692307692
-0.04819015384615385
-0.11724184615384614
-0.15959076923076923
-0.15208061538461537
-0.0961716923076923
-0.05048492307692308
-0.028163076923076923
-0.010013538461538461
0.024616615384615383
0.0678
0.07614461538461538
0.04526953846153846
-0.005215384615384615
-0.043600615384615383
-0.06467076923076923
-0.04819015384615385
-0.008136
0.02586830769230769
0.04652123076923077
0.06800861538461538
0.11327815384615383
0.1316363076923077
0.11056615384615384
0.07238953846153846
0.030875076923076922
0.010013538461538461
0.023364923076923075
0.06341907692307691
0.0855323076923077
0.07843938461538462
0.07781353846153846
0.10618523076923077
0.12558646153846154
0.11202646153846153
0.07343261538461537
0.028163076923076923
0.01272553846153846
0.028788923076923077
0.07259815384615384
0.09179076923076923
0.09596307692307693
0.11745046153846153
0.12788123076923075
0.13226215384615383
0.1151556923076923
0.07510153846153846
0.021904615384615383
-0.016063384615384615
-0.027745846153846152
-0.016897846153846156
0.009596307692307692
0.012934153846153845
0.008970461538461538
0.016480615384615385
0.044435076923076924
0.07113784615384615
0.051528
0.0035464615384615383
-0.05486584615384615
-0.08907876923076924
-0.06738276923076922
-0.037967999999999995
-0.031918153846153846
-0.042974769230769226
-0.04380923076923077
-0.011891076923076923
0.031918153846153846
0.07113784615384615
0.07092923076923077
0.029206153846153847
-0.010222153846153844
-0.009596307692307692
0.017732307692307693
0.028788923076923077
0.02586830769230769
0.013768615384615384
0.018775384615384614
0.054240000000000003
0.10806276923076923
0.1449876923076923
0.12850707692307692
0.08720123076923077
0.06404492307692307
0.06300184615384616
0.06300184615384616
0.032544
-0.014603076923076923
-0.03504738461538461
-0.03212676923076923
-0.003963692307692307
0.028163076923076923
0.020652923076923076
-0.008344615384615384
-0.017523692307692306
-0.004589538461538461
0.013142769230769229
0.02023569230769231
0.014394461538461538
0.01668923076923077
0.01981846153846154
0.021278769230769233
0.040262769230769234
0.05528307692307692
0.055491692307692304
0.037342153846153844
0.012308307692307691
0.015646153846153844
0.01272553846153846
-0.013351384615384614
-0.03233538461538461
-0.028788923076923077
-0.0018775384615384615
0.03567323076923076
0.06195876923076923
0.07739630769230768
0.07697907692307693
0.07489292307692308
0.08699261538461538
0.07593599999999999
0.05111076923076923
0.007301538461538462
-0.03337846153846154
-0.03275261538461539
-0.005632615384615384
0.03233538461538461
0.052153846153846155
0.06070707692307692
0.06154153846153846
0.06195876923076923
0.05444861538461539
0.007510153846153846
-0.05236246153846154
-0.10347323076923076
-0.12308307692307692
-0.08428061538461538
-0.022947692307692308
0.021696
0.03296123076923077
0.03984553846153846
0.06738276923076922
0.07572738461538461
0.06258461538461538
0.015020307692307692
-0.04965046153846154
-0.08156861538461539
-0.09784061538461537
-0.08031692307692308
-0.042557538461538466
-0.02232184615384615
0.0006258461538461538
0.024199384615384616
0.05736923076923077
0.09012184615384615
0.06362769230769232
0.005215384615384615
-0.06049846153846154
-0.10535076923076922
-0.10076123076923077
-0.07405846153846153
-0.029832
-0.008344615384615384
0.009804923076923077
0.04631261538461538
0.06487938461538462
0.05277969230769231
0.0043809230769230765
-0.043392
-0.059872615384615385
-0.042557538461538466
0.0006258461538461538
0.04631261538461538
0.0880356923076923
0.11452984615384615
0.13893784615384613
0.18149538461538461
0.19192615384615386
0.1462393846153846
0.05778646153846154
-0.029832
-0.06258461538461538
-0.05194523076923077
-0.015437538461538461
0.02545107692307692
0.06195876923076923
0.09471138461538461
0.12433476923076923
0.1422756923076923
0.11891076923076922
0.06529661538461538
-0.010013538461538461
-0.07593599999999999
-0.08887015384615385
-0.06279323076923077
-0.020652923076923076
0.02858030769230769
0.078648
0.11619876923076923
0.13643446153846153
0.12704676923076924
0.07572738461538461
-0.02273907692307692
-0.11452984615384615
-0.14811692307692306
-0.12642092307692307
-0.06425353846153846
-0.006884307692307692
0.04902461538461538
0.0936683076923077
0.12099692307692309
0.1353913846153846
0.09784061538461537
0.033169846153846154
-0.04860738461538461
-0.12099692307692309
-0.12433476923076923
-0.09804923076923076
-0.06675692307692307
-0.03838523076923077
-0.012099692307692308
0.015020307692307692
0.02586830769230769
0.03442153846153846
0.010848
-0.03692492307692308
-0.07030338461538461
-0.07489292307692308
-0.04672984615384615
-0.006884307692307692
0.015646153846153844
0.03045784615384615
0.05716061538461538
0.06216738461538462
0.04756430769230769
