0.007927384615384614
-0.03942830769230769
-0.05444861538461539
-0.037967999999999995
-0.03859384615384615
-0.03942830769230769
-0.03233538461538461
0.014603076923076923
0.07489292307692308
0.08010830769230769
0.03671630769230769
-0.045895384615384616
-0.10785415384615385
-0.11765907692307691
-0.10013538461538461
-0.07948246153846153
-0.08031692307692308
-0.06675692307692307
-0.044435076923076924
-0.027120000000000002
-0.005215384615384615
-0.02858030769230769
-0.07489292307692308
-0.10848000000000001
-0.10764553846153846
-0.07489292307692308
-0.040054153846153843
-0.022947692307692308
-0.025659692307692307
-0.002086153846153846
0.03942830769230769
0.07927384615384615
0.07823076923076923
0.030040615384615384
-0.028371692307692306
-0.07343261538461537
-0.07259815384615384
-0.03421292307692308
0.011891076923076923
0.03024923076923077
0.026494153846153844
0.04568676923076923
0.073224
0.08511507692307693
0.07030338461538461
0.024199384615384616
0.0035464615384615383
-0.015646153846153844
-0.020652923076923076
-0.002712
-0.02023569230769231
-0.03024923076923077
-0.027745846153846152
0.006675692307692307
0.06759138461538462
0.092208
0.09074769230769231
0.0744756923076923
0.06738276923076922
0.07405846153846153
0.09179076923076923
0.10180430769230768
0.08344615384615384
0.078648
0.09429415384615383
0.12433476923076923
0.12245723076923076
0.07593599999999999
0.03859384615384615
0.013768615384615384
0.02044430769230769
0.035464615384615386
0.049233230769230765
0.06321046153846153
0.037967999999999995
0.012308307692307691
0.015854769230769228
0.03421292307692308
0.034630153846153845
0.008970461538461538
-0.009179076923076922
-0.00855323076923077
-0.0029206153846153843
-0.0012516923076923076
-0.023990769230769232
-0.08574092307692306
-0.13706030769230768
-0.13998092307692306
-0.09867507692307692
-0.05277969230769231
-0.024199384615384616
-0.010639384615384617
-0.012308307692307691
-0.002086153846153846
0.012516923076923077
0.0008344615384615384
-0.04109723076923077
-0.08386338461538462
-0.08907876923076924
-0.06300184615384616
-0.02586830769230769
0.014185846153846153
0.029832
0.018775384615384614
0.018983999999999997
0.03713353846153846
0.044435076923076924
0.006467076923076923
-0.04819015384615385
-0.06383630769230769
-0.044435076923076924
-0.005841230769230769
0.024408000000000003
0.05069353846153846
0.06592246153846154
0.06863446153846153
0.08240307692307691
0.09199938461538461
0.08115138461538463
0.03504738461538461
-0.015020307692307692
-0.04422646153846154
-0.040262769230769234
0.0043809230769230765
0.04819015384615385
0.0853236923076923
0.10785415384615385
0.10472492307692308
0.09721476923076922
0.06884307692307692
0.006049846153846154
-0.06008123076923077
-0.09116492307692307
-0.06008123076923077
0.008970461538461538
0.07030338461538461
0.11494707692307692
0.13372246153846154
0.13706030769230768
0.12308307692307692
0.08219446153846154
0.019192615384615384
-0.07927384615384615
-0.15145476923076923
-0.173568
-0.14144123076923076
-0.061750153846153844
-0.0006258461538461538
0.05382276923076923
0.09074769230769231
0.10681107692307691
0.09846646153846153
0.05444861538461539
-0.020652923076923076
-0.10868861538461538
-0.14394461538461537
-0.13434830769230768
-0.09491999999999999
-0.037342153846153844
0.0043809230769230765
0.03921969230769231
0.07197230769230768
0.08386338461538462
0.07948246153846153
0.03775938461538462
-0.026702769230769228
-0.06633969230769231
-0.07969107692307692
-0.049233230769230765
-0.0050067692307692304
0.03337846153846154
0.049233230769230765
0.05069353846153846
0.06738276923076922
0.05736923076923077
0.012516923076923077
-0.07384984615384615
-0.16459753846153846
-0.1942209230769231
-0.16647507692307692
-0.08991323076923076
0.0022947692307692304
0.06070707692307692
0.0897046153846154
0.12099692307692309
0.12433476923076923
0.07697907692307693
-0.0043809230769230765
-0.1028473846153846
-0.16251138461538459
-0.16063384615384615
-0.10764553846153846
-0.02795446153846154
0.040679999999999994
0.09304246153846155
0.13455692307692307
0.17002153846153847
0.1792006153846154
0.13101046153846155
0.04088861538461538
-0.03692492307692308
-0.06571384615384615
-0.03629907692307692
0.02482523076923077
0.07843938461538462
0.11223507692307692
0.12788123076923075
0.14457046153846154
0.14853415384615384
0.10347323076923076
0.02795446153846154
-0.04276615384615385
-0.09158215384615384
-0.10430769230769231
-0.06633969230769231
-0.0012516923076923076
0.05319692307692307
0.08323753846153846
0.11703323076923078
0.1395636923076923
0.09429415384615383
0.02232184615384615
-0.06028984615384615
-0.11327815384615383
-0.116616
-0.09179076923076923
-0.022530461538461537
0.01668923076923077
0.04985907692307692
0.09199938461538461
0.10910584615384614
0.11056615384615384
0.0609156923076923
-0.0004172307692307692
-0.059038153846153844
-0.07510153846153846
-0.04088861538461538
0.001043076923076923
0.04422646153846154
0.062376
0.08907876923076924
0.09471138461538461
0.086784
0.07197230769230768
