0.12120553846153845
0.086784
-0.004589538461538461
-0.073224
-0.10138707692307691
-0.06842584615384616
-0.01668923076923077
0.037342153846153844
0.11077476923076923
0.15291507692307693
0.1846246153846154
0.18754523076923074
0.14978584615384616
0.07238953846153846
-0.022947692307692308
-0.08782707692307692
-0.127464
-0.1136953846153846
-0.05382276923076923
0.011265230769230769
0.08052553846153847
0.16292861538461537
0.22676492307692306
0.23072861538461537
0.17294215384615383
0.06633969230769231
-0.04401784615384615
-0.1070196923076923
-0.10055261538461538
-0.045895384615384616
0.013351384615384614
0.07405846153846153
0.11703323076923078
0.12934153846153845
0.12037107692307693
0.073224
-0.0043809230769230765
-0.07551876923076924
-0.10722830769230769
-0.07364123076923076
0.0029206153846153843
0.07092923076923077
0.12600369230769232
0.15145476923076923
0.14018953846153845
0.12287446153846153
0.07969107692307692
-0.0033378461538461535
-0.10138707692307691
-0.16605784615384614
-0.1710646153846154
-0.12329169230769231
-0.06467076923076923
-0.017523692307692306
0.02273907692307692
0.05111076923076923
0.08991323076923076
0.08073415384615384
0.016480615384615385
-0.05799507692307692
-0.13476553846153844
-0.1712732307692308
-0.1597993846153846
-0.09429415384615383
-0.01981846153846154
0.028371692307692306
0.07301538461538462
0.09763200000000001
0.10076123076923077
0.06905169230769231
-0.0016689230769230767
-0.08031692307692308
-0.1341396923076923
-0.12913292307692306
-0.08636676923076922
-0.03108369230769231
0.01710646153846154
0.05653476923076922
0.09116492307692307
0.09825784615384614
0.0826116923076923
0.03379569230769231
-0.037967999999999995
-0.08615815384615384
-0.08636676923076922
-0.03066646153846154
0.042974769230769226
0.10138707692307691
0.12683815384615382
0.12808984615384614
0.13455692307692307
0.12350030769230769
0.09533723076923077
0.046104
-0.0070929230769230765
-0.029623384615384614
-0.025659692307692307
0.005841230769230769
0.0448523076923077
0.06717415384615384
0.07092923076923077
0.08428061538461538
0.09825784615384614
0.07426707692307692
0.02023569230769231
-0.04526953846153846
-0.0963803076923077
-0.11140061538461538
-0.10076123076923077
-0.05862092307692307
0.0006258461538461538
0.03692492307692308
0.054657230769230764
0.08094276923076923
0.09179076923076923
0.05590892307692308
-0.01668923076923077
-0.10722830769230769
-0.17252492307692308
-0.1846246153846154
-0.15875630769230767
-0.10910584615384614
-0.07072061538461538
-0.042557538461538466
0.01272553846153846
0.06300184615384616
0.09158215384615384
0.07489292307692308
0.018775384615384614
-0.021487384615384613
-0.04902461538461538
-0.05173661538461538
-0.04944184615384615
-0.04693846153846153
-0.03400430769230769
-0.01397723076923077
0.023364923076923075
0.03588184615384615
0.020652923076923076
-0.01668923076923077
-0.05277969230769231
-0.05820369230769231
-0.054240000000000003
-0.03901107692307692
-0.01856676923076923
-0.001043076923076923
0.023364923076923075
0.065088
0.10409907692307692
0.10409907692307692
0.062376
0.004589538461538461
-0.035464615384615386
-0.04422646153846154
-0.03942830769230769
-0.025033846153846153
0.0002086153846153846
0.022530461538461537
0.07802215384615384
0.13038461538461538
0.1476996923076923
0.13852061538461538
0.08135999999999999
0.023782153846153845
-0.003963692307692307
0.010848
0.026911384615384615
0.04214030769230769
0.06592246153846154
0.07677046153846154
0.11536430769230768
0.14269292307692305
0.13247076923076923
0.07364123076923076
-0.011891076923076923
-0.04214030769230769
-0.04214030769230769
-0.029206153846153847
-0.0022947692307692304
0.004798153846153846
0.014603076923076923
0.049233230769230765
0.10722830769230769
0.1353913846153846
0.09596307692307693
0.04109723076923077
-0.0008344615384615384
0.0008344615384615384
0.02044430769230769
0.02273907692307692
0.021696
0.005632615384615384
0.015646153846153844
0.06133292307692308
0.10347323076923076
0.10514215384615383
0.061750153846153844
0.002086153846153846
-0.038176615384615385
-0.025033846153846153
-0.0033378461538461535
0.0043809230769230765
0.0022947692307692304
-0.0033378461538461535
0.015228923076923076
0.029414769230769227
0.01940123076923077
-0.020027076923076922
-0.08615815384615384
-0.1422756923076923
-0.154584
-0.12308307692307692
-0.09700615384615385
-0.09033046153846153
-0.07259815384615384
-0.034630153846153845
0.006258461538461538
0.033169846153846154
0.021278769230769233
-0.02524246153846154
-0.07572738461538461
-0.11640738461538462
-0.11265230769230769
-0.0826116923076923
-0.07593599999999999
-0.07593599999999999
-0.051319384615384614
0.004589538461538461
0.06300184615384616
0.08240307692307691
0.06529661538461538
0.03859384615384615
0.016897846153846156
0.010848
0.03129230769230769
0.05736923076923077
0.05945538461538461
0.04860738461538461
0.048816000000000005
0.07656184615384615
0.08782707692307692
0.052153846153846155
0.012308307692307691
-0.02273907692307692
