0.009596307692307692
0.02524246153846154
0.03901107692307692
0.05444861538461539
0.061750153846153844
0.03588184615384615
-0.030040615384615384
-0.0853236923076923
-0.10243015384615384
-0.09158215384615384
-0.04985907692307692
-0.015228923076923076
0.013560000000000001
0.041514461538461535
0.08010830769230769
0.1136953846153846
0.0988836923076923
0.03859384615384615
-0.058412307692307694
-0.11223507692307692
-0.10827138461538462
-0.06467076923076923
0.001043076923076923
0.03212676923076923
0.05277969230769231
0.07426707692307692
0.09283384615384616
0.0892873846153846
0.04819015384615385
-0.010639384615384617
-0.06738276923076922
-0.08615815384615384
-0.07113784615384615
-0.03838523076923077
-0.006884307692307692
0.005424
0.037967999999999995
0.06967753846153846
0.08115138461538463
0.07301538461538462
0.029832
-0.014811692307692307
-0.06759138461538462
-0.08240307692307691
-0.05674338461538461
-0.03275261538461539
0.006258461538461538
0.035464615384615386
0.08156861538461539
0.12370892307692308
0.12037107692307693
0.07238953846153846
-0.029206153846153847
-0.1136953846153846
-0.14394461538461537
-0.11140061538461538
-0.030040615384615384
0.05236246153846154
0.1287156923076923
0.16251138461538459
0.16188553846153847
0.12850707692307692
0.04401784615384615
-0.04401784615384615
-0.12016246153846154
-0.15291507692307693
-0.1316363076923077
-0.07009476923076922
0.02086153846153846
0.08761846153846153
0.13455692307692307
0.16772676923076923
0.1710646153846154
0.13601723076923075
0.056951999999999996
-0.023990769230769232
-0.07843938461538462
-0.08574092307692306
-0.058412307692307694
-0.011891076923076923
0.038176615384615385
0.07259815384615384
0.10493353846153847
0.11536430769230768
0.10806276923076923
0.06654830769230768
0.002712
-0.04547815384615384
-0.07489292307692308
-0.04860738461538461
-0.0008344615384615384
0.04672984615384615
0.09596307692307693
0.14311015384615386
0.19192615384615386
0.19317784615384614
0.14540492307692307
0.04631261538461538
-0.06154153846153846
-0.11244369230769231
-0.10263876923076923
-0.03567323076923076
0.051319384615384614
0.13080184615384613
0.18399876923076922
0.20506892307692307
0.20193969230769232
0.15541846153846153
0.06946892307692307
-0.017940923076923077
-0.08115138461538463
-0.09158215384615384
-0.05924676923076923
-0.009804923076923077
0.04985907692307692
0.08073415384615384
0.0974233846153846
0.09804923076923076
0.08657538461538461
0.06383630769230769
0.012934153846153845
-0.011682461538461537
-0.01814953846153846
0.006049846153846154
0.04735569230769231
0.06195876923076923
0.07551876923076924
0.07468430769230769
0.08323753846153846
0.0892873846153846
0.05403138461538461
0.0014603076923076922
-0.06425353846153846
-0.10159569230769232
-0.09158215384615384
-0.037967999999999995
0.03713353846153846
0.06675692307692307
0.07489292307692308
0.0826116923076923
0.07927384615384615
0.07572738461538461
0.02044430769230769
-0.06321046153846153
-0.11557292307692307
-0.14081538461538462
-0.11494707692307692
-0.07739630769230768
-0.04276615384615385
-0.008970461538461538
0.015228923076923076
0.04318338461538461
0.03629907692307692
0.004798153846153846
-0.05528307692307692
-0.10910584615384614
-0.11181784615384616
-0.07656184615384615
-0.015020307692307692
0.021696
0.03504738461538461
0.04714707692307692
0.06738276923076922
0.09158215384615384
0.08636676923076922
0.052571076923076915
0.014603076923076923
-0.008970461538461538
-0.0050067692307692304
0.02545107692307692
0.05653476923076922
0.07384984615384615
0.07510153846153846
0.08782707692307692
0.12329169230769231
0.1314276923076923
0.103056
0.056951999999999996
0.013351384615384614
-0.011265230769230769
-0.014394461538461538
0.003755076923076923
0.026285538461538457
0.034630153846153845
0.03045784615384615
0.05298830769230769
0.08115138461538463
0.06571384615384615
0.021487384615384613
-0.03859384615384615
-0.07593599999999999
-0.06592246153846154
-0.024408000000000003
0.018358153846153843
0.045060923076923075
0.05236246153846154
0.05277969230769231
0.06425353846153846
0.04902461538461538
0.008344615384615384
-0.04526953846153846
-0.09387692307692307
-0.09491999999999999
-0.06195876923076923
-0.01856676923076923
0.011265230769230769
0.017315076923076923
0.02357353846153846
0.04819015384615385
0.06842584615384616
0.047981538461538464
-0.006675692307692307
-0.06633969230769231
-0.10076123076923077
-0.08010830769230769
-0.03504738461538461
-0.0043809230769230765
0.010013538461538461
0.010013538461538461
0.026494153846153844
0.06133292307692308
0.08010830769230769
0.05090215384615384
-0.005424
-0.04902461538461538
-0.04568676923076923
0.0
0.04109723076923077
0.07030338461538461
0.07948246153846153
0.08699261538461538
0.09971815384615385
0.09763200000000001
0.06300184615384616
-0.0014603076923076922
-0.05507446153846154
-0.059872615384615385
-0.008344615384615384
0.05236246153846154
0.09763200000000001
0.10931446153846153
0.08720123076923077
0.06654830769230768
0.04819015384615385
