-0.005215384615384615
0.035464615384615386
0.07426707692307692
0.10597661538461538
0.10347323076923076
0.041514461538461535
-0.048816000000000005
-0.12245723076923076
-0.16292861538461537
-0.15667015384615385
-0.11828492307692307
-0.06154153846153846
-0.0033378461538461535
0.046104
0.09930092307692308
0.12162276923076921
0.1097316923076923
0.04547815384615384
-0.03942830769230769
-0.0974233846153846
-0.10180430769230768
-0.055491692307692304
-0.016063384615384615
0.028163076923076923
0.058829538461538454
0.08866153846153846
0.11432123076923076
0.10493353846153847
0.07218092307692307
-0.0012516923076923076
-0.07384984615384615
-0.10764553846153846
-0.09554584615384615
-0.045060923076923075
-0.016480615384615385
-0.004589538461538461
0.012934153846153845
0.03650769230769231
0.06654830769230768
0.051528
0.011891076923076923
-0.03588184615384615
-0.08448923076923077
-0.09074769230769231
-0.07781353846153846
-0.04631261538461538
-0.029414769230769227
-0.024199384615384616
0.017940923076923077
0.059872615384615385
0.07614461538461538
0.04819015384615385
-0.0006258461538461538
-0.02858030769230769
-0.037967999999999995
-0.02044430769230769
0.007510153846153846
0.021070153846153846
0.016480615384615385
0.018358153846153843
0.03775938461538462
0.04214030769230769
0.03567323076923076
0.014394461538461538
-0.016272
-0.02211323076923077
0.0002086153846153846
0.03108369230769231
0.051319384615384614
0.05945538461538461
0.06633969230769231
0.07134646153846153
0.08448923076923077
0.09179076923076923
0.06070707692307692
0.02044430769230769
-0.024199384615384616
-0.03045784615384615
-0.0043809230769230765
0.02044430769230769
0.05444861538461539
0.061124307692307686
0.0855323076923077
0.12245723076923076
0.13893784615384613
0.12600369230769232
0.06195876923076923
0.0022947692307692304
-0.026911384615384615
-0.03358707692307692
-0.02211323076923077
-0.012308307692307691
-0.004589538461538461
0.0006258461538461538
0.027120000000000002
0.07030338461538461
0.07259815384615384
0.03755076923076923
-0.013351384615384614
-0.04422646153846154
-0.042348923076923076
-0.03233538461538461
-0.01981846153846154
-0.029623384615384614
-0.02545107692307692
0.02044430769230769
0.07280676923076923
0.11578153846153846
0.11181784615384616
0.08365476923076923
0.06049846153846154
0.03483876923076923
0.03483876923076923
0.030040615384615384
0.018358153846153843
0.015437538461538461
0.031918153846153846
0.07969107692307692
0.11327815384615383
0.11473846153846154
0.08740984615384616
0.04380923076923077
0.01043076923076923
0.005632615384615384
0.01940123076923077
0.03400430769230769
0.03024923076923077
0.02482523076923077
0.05319692307692307
0.08323753846153846
0.08824430769230769
0.04902461538461538
-0.017315076923076923
-0.06133292307692308
-0.07197230769230768
-0.05194523076923077
-0.04380923076923077
-0.05194523076923077
-0.04819015384615385
-0.02482523076923077
0.011891076923076923
0.05736923076923077
0.07948246153846153
0.042974769230769226
-0.0033378461538461535
-0.03629907692307692
-0.034630153846153845
-0.02482523076923077
-0.03984553846153846
-0.047981538461538464
-0.04109723076923077
0.0008344615384615384
0.05590892307692308
0.08907876923076924
0.08302892307692307
0.04318338461538461
0.0029206153846153843
-0.010013538461538461
0.004172307692307692
0.005424
-0.0043809230769230765
0.006049846153846154
0.028788923076923077
0.07468430769230769
0.10138707692307691
0.07823076923076923
0.03984553846153846
-0.02586830769230769
-0.06049846153846154
-0.04318338461538461
-0.01043076923076923
0.011056615384615385
-0.0029206153846153843
0.014394461538461538
0.0678
0.11473846153846154
0.12224861538461537
0.06258461538461538
0.003129230769230769
-0.040054153846153843
-0.06529661538461538
-0.04172307692307692
-0.015020307692307692
0.003129230769230769
0.018358153846153843
0.054240000000000003
0.10952307692307692
0.13101046153846155
0.10910584615384614
0.040262769230769234
-0.026494153846153844
-0.06487938461538462
-0.07489292307692308
-0.042348923076923076
-0.01981846153846154
0.0035464615384615383
0.027328615384615382
0.054240000000000003
0.09158215384615384
0.06863446153846153
0.01043076923076923
-0.06279323076923077
-0.11035753846153845
-0.09950953846153845
-0.07885661538461539
-0.05277969230769231
-0.05674338461538461
-0.054240000000000003
-0.012934153846153845
0.04088861538461538
0.07760492307692309
0.05507446153846154
0.016480615384615385
-0.018983999999999997
-0.03692492307692308
-0.02545107692307692
-0.008970461538461538
0.0004172307692307692
-0.006675692307692307
0.012308307692307691
0.03921969230769231
0.046104
0.04902461538461538
0.014603076923076923
-0.018983999999999997
-0.02524246153846154
-0.004589538461538461
0.03045784615384615
0.03337846153846154
0.042557538461538466
0.047772923076923074
0.06008123076923077
0.09763200000000001
0.10180430769230768
0.08720123076923077
0.03358707692307692
-0.013560000000000001
-0.005215384615384615
-0.005841230769230769
0.0012516923076923076
-0.001043076923076923
0.01397723076923077
0.04756430769230769
0.07155507692307693
