0.024408000000000003
0.058829538461538454
0.06404492307692307
0.06675692307692307
0.04172307692307692
-0.02273907692307692
-0.06321046153846153
-0.07656184615384615
-0.032544
0.004798153846153846
0.014394461538461538
0.03150092307692308
0.03692492307692308
0.05486584615384615
0.05173661538461538
0.026911384615384615
-0.019192615384615384
-0.07781353846153846
-0.08490646153846154
-0.06487938461538462
-0.031918153846153846
-0.019609846153846155
-0.015228923076923076
0.018358153846153843
0.04693846153846153
0.07238953846153846
0.05862092307692307
0.0077187692307692304
-0.051319384615384614
-0.11223507692307692
-0.11640738461538462
-0.07572738461538461
-0.026494153846153844
0.017315076923076923
0.05069353846153846
0.100344
0.13038461538461538
0.12934153846153845
0.08198584615384615
0.0002086153846153846
-0.06258461538461538
-0.10138707692307691
-0.07426707692307692
-0.02232184615384615
0.02232184615384615
0.04652123076923077
0.044435076923076924
0.06154153846153846
0.06675692307692307
0.056326153846153845
0.0016689230769230767
-0.07301538461538462
-0.103056
-0.09262523076923077
-0.044435076923076924
-0.0006258461538461538
0.04985907692307692
0.1045163076923077
0.13643446153846153
0.16251138461538459
0.1506203076923077
0.0936683076923077
0.006675692307692307
-0.08094276923076923
-0.11181784615384616
-0.08866153846153846
-0.02482523076923077
0.04860738461538461
0.11244369230769231
0.18066092307692305
0.21716861538461538
0.22551323076923077
0.1802436923076923
0.08824430769230769
0.0043809230769230765
-0.08219446153846154
-0.08302892307692307
-0.03066646153846154
0.02545107692307692
0.09450276923076922
0.13226215384615383
0.16730953846153845
0.15479261538461536
0.11703323076923078
0.04985907692307692
-0.042348923076923076
-0.09053907692307692
-0.11703323076923078
-0.07551876923076924
-0.0025033846153846152
0.05090215384615384
0.0853236923076923
0.10138707692307691
0.10514215384615383
0.06800861538461538
0.01940123076923077
-0.04985907692307692
-0.11536430769230768
-0.13476553846153844
-0.1205796923076923
-0.05674338461538461
0.012308307692307691
0.05507446153846154
0.09658892307692307
0.11995384615384615
0.13309661538461537
0.11181784615384616
0.026702769230769228
-0.05674338461538461
-0.10827138461538462
-0.11077476923076923
-0.07468430769230769
-0.027745846153846152
0.028788923076923077
0.07092923076923077
0.1136953846153846
0.13872923076923074
0.12516923076923075
0.07301538461538462
-0.015437538461538461
-0.08574092307692306
-0.11181784615384616
-0.08115138461538463
-0.03629907692307692
0.004798153846153846
0.040262769230769234
0.0446436923076923
0.04965046153846154
0.035255999999999996
0.006258461538461538
-0.048816000000000005
-0.12204
-0.1422756923076923
-0.12621230769230768
-0.08094276923076923
-0.03942830769230769
-0.01397723076923077
0.02211323076923077
0.05403138461538461
0.08866153846153846
0.0934596923076923
0.04944184615384615
-0.02357353846153846
-0.10055261538461538
-0.1356
-0.124752
-0.09533723076923077
-0.07468430769230769
-0.06425353846153846
-0.03129230769230769
0.015437538461538461
0.038176615384615385
0.03483876923076923
-0.005424
-0.058829538461538454
-0.09304246153846155
-0.0988836923076923
-0.07259815384615384
-0.04214030769230769
-0.030875076923076922
-0.019609846153846155
0.01814953846153846
0.04318338461538461
0.03671630769230769
-0.006884307692307692
-0.06404492307692307
-0.09679753846153846
-0.09992676923076924
-0.06738276923076922
-0.024408000000000003
0.018983999999999997
0.049233230769230765
0.07739630769230768
0.1097316923076923
0.12120553846153845
0.10848000000000001
0.058829538461538454
0.011891076923076923
0.003129230769230769
-0.0002086153846153846
0.005632615384615384
0.006884307692307692
0.011265230769230769
0.031709538461538456
0.0446436923076923
0.06967753846153846
0.06467076923076923
0.035464615384615386
0.005215384615384615
-0.02211323076923077
-0.012308307692307691
-0.004172307692307692
0.007927384615384614
0.02795446153846154
0.04276615384615385
0.07635323076923077
0.09658892307692307
0.08574092307692306
0.04631261538461538
-0.016897846153846156
-0.05382276923076923
-0.04672984615384615
-0.0014603076923076922
0.04672984615384615
0.06633969230769231
0.08824430769230769
0.12016246153846154
0.15875630769230767
0.17085599999999998
0.13914646153846155
0.08740984615384616
0.02044430769230769
-0.0050067692307692304
0.01043076923076923
0.019192615384615384
0.027328615384615382
0.024408000000000003
0.020652923076923076
0.02524246153846154
0.026494153846153844
0.0016689230769230767
-0.06133292307692308
-0.11098338461538461
-0.12808984615384614
-0.08761846153846153
-0.03483876923076923
-0.02044430769230769
-0.007510153846153846
-0.015020307692307692
-0.0022947692307692304
0.021487384615384613
0.02357353846153846
0.006049846153846154
-0.053405538461538456
-0.09554584615384615
-0.09679753846153846
-0.059038153846153844
-0.003129230769230769
0.03024923076923077
0.058829538461538454
0.07405846153846153
0.08991323076923076
0.1207883076923077
0.10201292307692307
