-0.037967999999999995
-0.028788923076923077
0.0006258461538461538
0.03567323076923076
0.05111076923076923
0.05382276923076923
0.06654830769230768
0.09950953846153845
0.12996738461538462
0.1287156923076923
0.07885661538461539
0.005841230769230769
-0.015228923076923076
0.003755076923076923
0.042974769230769226
0.06425353846153846
0.06300184615384616
0.06675692307692307
0.07072061538461538
0.08991323076923076
0.08302892307692307
0.049233230769230765
0.015020307692307692
-0.012099692307692308
-0.005632615384615384
0.027745846153846152
0.08177723076923075
0.13121907692307694
0.14582215384615385
0.16063384615384615
0.16772676923076923
0.16501476923076921
0.13664307692307692
0.05194523076923077
-0.019192615384615384
-0.06216738461538462
-0.047772923076923074
0.006049846153846154
0.043392
0.07823076923076923
0.08469784615384615
0.10347323076923076
0.12829846153846153
0.10597661538461538
0.05048492307692308
-0.04944184615384615
-0.11911938461538461
-0.12725538461538463
-0.12558646153846154
-0.07969107692307692
-0.026911384615384615
0.017940923076923077
0.06759138461538462
0.09512861538461538
0.11473846153846154
0.07739630769230768
-0.0008344615384615384
-0.07030338461538461
-0.1070196923076923
-0.0988836923076923
-0.08386338461538462
-0.05069353846153846
-0.010639384615384617
0.024199384615384616
0.0744756923076923
0.11223507692307692
0.11745046153846153
0.065088
-0.008136
-0.05924676923076923
-0.07510153846153846
-0.03233538461538461
-0.0077187692307692304
0.01043076923076923
0.03901107692307692
0.04756430769230769
0.05590892307692308
0.02524246153846154
-0.03838523076923077
-0.11140061538461538
-0.1718990769230769
-0.18545907692307692
-0.15228923076923076
-0.08156861538461539
-0.013142769230769229
0.040679999999999994
0.09158215384615384
0.12287446153846153
0.12662953846153846
0.07238953846153846
-0.024199384615384616
-0.10618523076923077
-0.14457046153846154
-0.11974523076923077
-0.059872615384615385
0.005841230769230769
0.05590892307692308
0.0828203076923077
0.10514215384615383
0.11035753846153845
0.1045163076923077
0.06863446153846153
-0.0006258461538461538
-0.037967999999999995
-0.04318338461538461
-0.01981846153846154
0.026494153846153844
0.059872615384615385
0.08511507692307693
0.12037107692307693
0.16730953846153845
0.18525046153846153
0.14707384615384617
0.06279323076923077
-0.02899753846153846
-0.07572738461538461
-0.07656184615384615
-0.046104
0.0016689230769230767
0.04756430769230769
0.09241661538461539
0.12683815384615382
0.13706030769230768
0.11724184615384614
0.04860738461538461
-0.03567323076923076
-0.07468430769230769
-0.056951999999999996
-0.004798153846153846
0.04860738461538461
0.09429415384615383
0.11619876923076923
0.11619876923076923
0.11348676923076922
0.09491999999999999
0.05799507692307692
-0.012934153846153845
-0.08052553846153847
-0.103056
-0.09137353846153846
-0.05090215384615384
-0.010848
0.02482523076923077
0.06279323076923077
0.10117846153846152
0.11828492307692307
0.0974233846153846
0.04109723076923077
-0.02586830769230769
-0.06362769230769232
-0.07969107692307692
-0.07739630769230768
-0.06216738461538462
-0.05570030769230769
-0.04985907692307692
-0.015020307692307692
0.03650769230769231
0.06926030769230769
0.05799507692307692
0.019609846153846155
-0.013351384615384614
-0.05027630769230769
-0.06425353846153846
-0.05173661538461538
-0.037967999999999995
-0.014603076923076923
0.030875076923076922
0.078648
0.10263876923076923
0.08636676923076922
0.01981846153846154
-0.04047138461538462
-0.07280676923076923
-0.084072
-0.06988615384615385
-0.058412307692307694
-0.04652123076923077
-0.01710646153846154
0.01981846153846154
0.05090215384615384
0.06571384615384615
0.04756430769230769
0.010013538461538461
-0.02273907692307692
-0.03024923076923077
-0.01272553846153846
-0.0004172307692307692
0.006049846153846154
0.012099692307692308
0.03609046153846154
0.08469784615384615
0.10764553846153846
0.08177723076923075
0.021070153846153846
-0.04693846153846153
-0.0771876923076923
-0.0744756923076923
-0.06195876923076923
-0.044435076923076924
-0.022947692307692308
0.020652923076923076
0.07969107692307692
0.12683815384615382
0.12120553846153845
0.06592246153846154
-0.0008344615384615384
-0.061124307692307686
-0.09325107692307691
-0.1097316923076923
-0.11891076923076922
-0.12850707692307692
-0.12037107692307693
-0.07030338461538461
-0.005841230769230769
0.040679999999999994
0.03838523076923077
0.005841230769230769
-0.03567323076923076
-0.06028984615384615
-0.03775938461538462
-0.013768615384615384
-0.015854769230769228
-0.021278769230769233
-0.009804923076923077
0.029832
0.05570030769230769
0.041514461538461535
-0.004798153846153846
-0.06195876923076923
-0.07781353846153846
-0.05298830769230769
-0.009596307692307692
0.013142769230769229
0.018775384615384614
0.04693846153846153
0.08365476923076923
0.12934153846153845
0.1356
0.09012184615384615
0.02858030769230769
-0.03400430769230769
-0.054240000000000003
-0.06613107692307692
