0.03233538461538461
-0.017315076923076923
-0.06529661538461538
-0.06988615384615385
-0.06571384615384615
-0.0446436923076923
-0.028371692307692306
-0.009804923076923077
0.022947692307692308
0.054657230769230764
0.07072061538461538
0.03609046153846154
-0.038176615384615385
-0.0974233846153846
-0.09304246153846155
-0.05090215384615384
-0.0077187692307692304
0.030040615384615384
0.03421292307692308
0.03233538461538461
0.03713353846153846
0.027120000000000002
-0.0043809230769230765
-0.07155507692307693
-0.13267938461538462
-0.15625292307692307
-0.1449876923076923
-0.09784061538461537
-0.03859384615384615
0.006675692307692307
0.03212676923076923
0.056951999999999996
0.08115138461538463
0.07343261538461537
0.007510153846153846
-0.08302892307692307
-0.15187199999999998
-0.17502830769230768
-0.1341396923076923
-0.06821723076923077
-0.009804923076923077
0.04380923076923077
0.09971815384615385
0.14811692307692306
0.15667015384615385
0.11494707692307692
0.03400430769230769
-0.050067692307692306
-0.09825784615384614
-0.09158215384615384
-0.04839876923076923
0.005841230769230769
0.04819015384615385
0.06967753846153846
0.09533723076923077
0.11870215384615385
0.11891076923076922
0.07489292307692308
0.0022947692307692304
-0.043392
-0.03713353846153846
-0.006884307692307692
0.025033846153846153
0.05799507692307692
0.07572738461538461
0.09116492307692307
0.09471138461538461
0.08907876923076924
0.06049846153846154
-0.0016689230769230767
-0.04547815384615384
-0.051528
-0.011473846153846154
0.03880246153846154
0.07489292307692308
0.0936683076923077
0.09450276923076922
0.10055261538461538
0.09262523076923077
0.06717415384615384
0.014603076923076923
-0.053614153846153846
-0.09700615384615385
-0.09471138461538461
-0.041514461538461535
0.017315076923076923
0.051528
0.0717636923076923
0.09158215384615384
0.100344
0.08240307692307691
0.03108369230769231
-0.046104
-0.10827138461538462
-0.12454338461538461
-0.08448923076923077
-0.021696
0.03379569230769231
0.07426707692307692
0.103056
0.12245723076923076
0.12099692307692309
0.07781353846153846
-0.0025033846153846152
-0.06300184615384616
-0.09179076923076923
-0.062376
-0.0033378461538461535
0.04839876923076923
0.09408553846153846
0.11244369230769231
0.13101046153846155
0.12433476923076923
0.08782707692307692
0.03483876923076923
-0.027328615384615382
-0.047981538461538464
-0.03296123076923077
0.0022947692307692304
0.031918153846153846
0.045895384615384616
0.05778646153846154
0.07259815384615384
0.08887015384615385
0.08031692307692308
0.05048492307692308
-0.011473846153846154
-0.06696553846153847
-0.07134646153846153
-0.03567323076923076
0.029832
0.084072
0.12934153846153845
0.16313723076923078
0.16292861538461537
0.13455692307692307
0.07405846153846153
-0.021070153846153846
-0.11953661538461538
-0.15374953846153847
-0.111192
-0.04693846153846153
0.019192615384615384
0.07364123076923076
0.12162276923076921
0.16251138461538459
0.16584923076923075
0.14394461538461537
0.06967753846153846
-0.037342153846153844
-0.11056615384615384
-0.14665661538461539
-0.13247076923076923
-0.09721476923076922
-0.059664
-0.026494153846153844
0.012099692307692308
0.06967753846153846
0.08824430769230769
0.06592246153846154
-0.016272
-0.11265230769230769
-0.14540492307692307
-0.13914646153846155
-0.07551876923076924
-0.015020307692307692
0.0029206153846153843
0.02273907692307692
0.035255999999999996
0.04839876923076923
0.02524246153846154
-0.020652923076923076
-0.06613107692307692
-0.10889723076923077
-0.10597661538461538
-0.08615815384615384
-0.05570030769230769
-0.03379569230769231
-0.005215384615384615
0.05069353846153846
0.09429415384615383
0.12725538461538463
0.11411261538461538
0.037967999999999995
-0.04318338461538461
-0.08448923076923077
-0.07113784615384615
-0.04214030769230769
-0.014394461538461538
0.017940923076923077
0.04714707692307692
0.09325107692307691
0.12308307692307692
0.11703323076923078
0.0678
-0.006467076923076923
-0.04693846153846153
-0.061750153846153844
-0.03963692307692308
-0.014603076923076923
0.0029206153846153843
0.04631261538461538
0.07927384615384615
0.11035753846153845
0.1151556923076923
0.07614461538461538
0.006467076923076923
-0.07593599999999999
-0.1178676923076923
-0.13998092307692306
-0.1356
-0.10555938461538462
-0.0717636923076923
-0.015854769230769228
0.03942830769230769
0.0936683076923077
0.119328
0.08866153846153846
0.040679999999999994
-0.013560000000000001
-0.03859384615384615
-0.04693846153846153
-0.054240000000000003
-0.05674338461538461
-0.05757784615384615
-0.0070929230769230765
0.03838523076923077
0.058829538461538454
0.043392
-0.011473846153846154
-0.03942830769230769
-0.04985907692307692
-0.03859384615384615
-0.029414769230769227
-0.024408000000000003
-0.002086153846153846
0.02315630769230769
0.06863446153846153
0.09867507692307692
0.08469784615384615
0.03629907692307692
-0.021904615384615383
-0.05507446153846154
-0.06800861538461538
