-0.001043076923076923
-0.07510153846153846
-0.13038461538461538
-0.15124615384615384
-0.119328
-0.06258461538461538
-0.006258461538461538
0.03713353846153846
0.0828203076923077
0.12204
0.12016246153846154
0.103056
0.04693846153846153
-0.03609046153846154
-0.08469784615384615
-0.08511507692307693
-0.04276615384615385
-0.013560000000000001
-0.0002086153846153846
0.022530461538461537
0.04839876923076923
0.06383630769230769
0.06341907692307691
0.03692492307692308
-0.04318338461538461
-0.10868861538461538
-0.12224861538461537
-0.10764553846153846
-0.06571384615384615
-0.02086153846153846
0.01981846153846154
0.04985907692307692
0.06946892307692307
0.07843938461538462
0.05403138461538461
0.015854769230769228
-0.04172307692307692
-0.09179076923076923
-0.08448923076923077
-0.04860738461538461
0.01668923076923077
0.06905169230769231
0.10076123076923077
0.1476996923076923
0.17377661538461536
0.18170399999999998
0.13643446153846153
0.06133292307692308
-0.003963692307692307
-0.047772923076923074
-0.025033846153846153
0.009179076923076922
0.04714707692307692
0.06571384615384615
0.07948246153846153
0.12391753846153845
0.1356
0.1289243076923077
0.07259815384615384
-0.006258461538461538
-0.05528307692307692
-0.06717415384615384
-0.031709538461538456
-0.011891076923076923
0.012099692307692308
0.04380923076923077
0.06967753846153846
0.09971815384615385
0.09012184615384615
0.059038153846153844
-0.0008344615384615384
-0.06967753846153846
-0.0855323076923077
-0.07885661538461539
-0.053405538461538456
-0.03483876923076923
-0.020027076923076922
0.02482523076923077
0.06821723076923077
0.10722830769230769
0.11724184615384614
0.09450276923076922
0.054240000000000003
0.015228923076923076
0.005424
-0.005841230769230769
-0.008344615384615384
-0.00855323076923077
-0.006049846153846154
0.020652923076923076
0.040262769230769234
0.05799507692307692
0.029832
-0.01940123076923077
-0.04693846153846153
-0.05736923076923077
-0.029623384615384614
-0.014811692307692307
-0.0008344615384615384
0.018358153846153843
0.04735569230769231
0.0855323076923077
0.07969107692307692
0.05048492307692308
-0.015854769230769228
-0.07802215384615384
-0.09033046153846153
-0.07969107692307692
-0.04672984615384615
-0.041514461538461535
-0.02795446153846154
0.02023569230769231
0.07113784615384615
0.12975876923076923
0.12725538461538463
0.09491999999999999
0.04860738461538461
-0.010848
-0.017940923076923077
-0.024408000000000003
-0.03337846153846154
-0.03504738461538461
-0.026702769230769228
0.016480615384615385
0.05757784615384615
0.07781353846153846
0.048816000000000005
-0.010639384615384617
-0.053405538461538456
-0.08198584615384615
-0.07760492307692309
-0.07510153846153846
-0.07781353846153846
-0.05048492307692308
-0.008344615384615384
0.05277969230769231
0.10389046153846154
0.1218313846153846
0.08824430769230769
0.025659692307692307
-0.0022947692307692304
-0.0006258461538461538
0.014394461538461538
0.011682461538461537
0.002086153846153846
0.015646153846153844
0.04193169230769231
0.07969107692307692
0.08866153846153846
0.05590892307692308
0.008344615384615384
-0.03296123076923077
-0.040262769230769234
-0.024199384615384616
-0.022947692307692308
-0.02858030769230769
-0.02795446153846154
-0.017315076923076923
0.017315076923076923
0.029206153846153847
0.0043809230769230765
-0.037342153846153844
-0.08490646153846154
-0.09512861538461538
-0.09450276923076922
-0.0974233846153846
-0.1070196923076923
-0.14394461538461537
-0.13643446153846153
-0.08490646153846154
-0.015020307692307692
0.03504738461538461
0.026494153846153844
0.0018775384615384615
-0.027120000000000002
-0.02586830769230769
-0.015020307692307692
-0.004798153846153846
0.016480615384615385
0.026494153846153844
0.06300184615384616
0.09074769230769231
0.09596307692307693
0.07238953846153846
0.01043076923076923
-0.010848
-0.010639384615384617
0.006467076923076923
0.038176615384615385
0.03421292307692308
0.029414769230769227
0.029832
0.045895384615384616
0.07635323076923077
0.06613107692307692
0.025033846153846153
-0.02858030769230769
-0.03629907692307692
0.010013538461538461
0.048816000000000005
0.065088
0.03275261538461539
0.022947692307692308
0.046104
0.07781353846153846
0.09074769230769231
0.03483876923076923
-0.0014603076923076922
-0.026702769230769228
-0.02315630769230769
0.013768615384615384
0.03588184615384615
0.06362769230769232
0.06946892307692307
0.08490646153846154
0.11640738461538462
0.12788123076923075
0.0988836923076923
0.037967999999999995
-0.009804923076923077
-0.03212676923076923
-0.008970461538461538
0.029832
0.04193169230769231
0.03379569230769231
0.010013538461538461
0.0025033846153846152
0.02211323076923077
0.04130584615384615
0.033169846153846154
-0.007927384615384614
-0.03066646153846154
-0.027745846153846152
-0.01710646153846154
-0.004589538461538461
-0.015437538461538461
-0.014811692307692307
-0.010848
0.014185846153846153
0.05716061538461538
0.05277969230769231
0.03713353846153846
0.014185846153846153
0.00855323076923077
