0.12850707692307692
0.09909230769230769
0.016897846153846156
-0.05277969230769231
-0.08720123076923077
-0.08720123076923077
-0.054240000000000003
-0.0077187692307692304
0.05528307692307692
0.10117846153846152
0.13497415384615385
0.15604430769230768
0.14081538461538462
0.08219446153846154
-0.009387692307692307
-0.07697907692307693
-0.10514215384615383
-0.09158215384615384
-0.06028984615384615
-0.03337846153846154
0.019609846153846155
0.08198584615384615
0.13455692307692307
0.1543753846153846
0.11494707692307692
0.05277969230769231
-0.009804923076923077
-0.04693846153846153
-0.03713353846153846
-0.02545107692307692
-0.02482523076923077
-0.027328615384615382
-0.006258461538461538
0.03400430769230769
0.06446215384615385
0.08574092307692306
0.06195876923076923
0.013768615384615384
-0.03838523076923077
-0.0717636923076923
-0.05298830769230769
-0.02795446153846154
0.0
0.037342153846153844
0.06592246153846154
0.09804923076923076
0.103056
0.06341907692307691
-0.005215384615384615
-0.07885661538461539
-0.10493353846153847
-0.09179076923076923
-0.06926030769230769
-0.053405538461538456
-0.013768615384615384
0.04714707692307692
0.09137353846153846
0.130176
0.11891076923076922
0.07510153846153846
0.023782153846153845
-0.015020307692307692
-0.009387692307692307
-0.015646153846153844
-0.017940923076923077
-0.02023569230769231
-0.012934153846153845
0.029414769230769227
0.07072061538461538
0.09408553846153846
0.059038153846153844
0.0008344615384615384
-0.04652123076923077
-0.06946892307692307
-0.058829538461538454
-0.05194523076923077
-0.03963692307692308
-0.023990769230769232
0.023782153846153845
0.08386338461538462
0.12329169230769231
0.13226215384615383
0.07885661538461539
0.02524246153846154
-0.01981846153846154
-0.05298830769230769
-0.06988615384615385
-0.09304246153846155
-0.07635323076923077
-0.03984553846153846
0.012308307692307691
0.08490646153846154
0.11640738461538462
0.0988836923076923
0.04819015384615385
0.005215384615384615
-0.005841230769230769
-0.010013538461538461
-0.006049846153846154
-0.003129230769230769
0.0070929230769230765
0.04631261538461538
0.09846646153846153
0.12704676923076924
0.1045163076923077
0.04839876923076923
-0.016063384615384615
-0.044435076923076924
-0.028371692307692306
-0.010848
0.011891076923076923
0.022947692307692308
0.04902461538461538
0.1045163076923077
0.13455692307692307
0.1358086153846154
0.08511507692307693
0.012099692307692308
-0.03755076923076923
-0.056951999999999996
-0.04902461538461538
-0.037967999999999995
-0.026702769230769228
-0.008136
0.03984553846153846
0.0934596923076923
0.12329169230769231
0.10347323076923076
0.04318338461538461
0.0012516923076923076
-0.02044430769230769
-0.02524246153846154
-0.03024923076923077
-0.046104
-0.04756430769230769
-0.03713353846153846
0.0008344615384615384
0.06028984615384615
0.07030338461538461
0.03942830769230769
-0.008136
-0.033169846153846154
-0.009804923076923077
0.015646153846153844
0.038176615384615385
0.04839876923076923
0.059872615384615385
0.07155507692307693
0.086784
0.07760492307692309
0.017940923076923077
-0.03713353846153846
-0.08615815384615384
-0.086784
-0.065088
-0.05236246153846154
-0.03442153846153846
-0.03483876923076923
-0.003129230769230769
0.04109723076923077
0.06675692307692307
0.06592246153846154
0.017315076923076923
-0.029414769230769227
-0.05277969230769231
-0.06383630769230769
-0.04902461538461538
-0.04714707692307692
-0.05069353846153846
-0.01272553846153846
0.02753723076923077
0.06425353846153846
0.05757784615384615
0.0022947692307692304
-0.05674338461538461
-0.09658892307692307
-0.08323753846153846
-0.04944184615384615
-0.003755076923076923
0.037967999999999995
0.0717636923076923
0.11578153846153846
0.15124615384615384
0.17398523076923075
0.143736
0.06362769230769232
-0.014811692307692307
-0.06738276923076922
-0.07364123076923076
-0.05799507692307692
-0.040054153846153843
-0.016063384615384615
0.02211323076923077
0.08177723076923075
0.1218313846153846
0.11432123076923076
0.07051199999999999
0.006884307692307692
-0.03880246153846154
-0.03859384615384615
-0.017940923076923077
0.0012516923076923076
0.0077187692307692304
0.0043809230769230765
0.017732307692307693
0.04902461538461538
0.06946892307692307
0.05736923076923077
0.023990769230769232
-0.003129230769230769
-0.0050067692307692304
0.001043076923076923
-0.003129230769230769
-0.01397723076923077
-0.03150092307692308
-0.018775384615384614
0.01981846153846154
0.04756430769230769
0.045060923076923075
-0.0022947692307692304
-0.03504738461538461
-0.03880246153846154
-0.018358153846153843
0.013560000000000001
0.004589538461538461
-0.01814953846153846
-0.037967999999999995
-0.029832
0.0016689230769230767
0.017940923076923077
0.021278769230769233
0.005215384615384615
-0.004589538461538461
-0.005215384615384615
0.010013538461538461
0.022947692307692308
0.001043076923076923
-0.014811692307692307
-0.01272553846153846
0.010222153846153844
0.03045784615384615
0.030040615384615384
0.013560000000000001
-0.01272553846153846
