-0.014603076923076923
-0.008970461538461538
-0.0014603076923076922
0.010222153846153844
0.0043809230769230765
-0.03483876923076923
-0.09241661538461539
-0.1358086153846154
-0.15208061538461537
-0.13372246153846154
-0.09846646153846153
-0.04088861538461538
0.023364923076923075
0.07697907692307693
0.12391753846153845
0.13476553846153844
0.08720123076923077
-0.0070929230769230765
-0.09304246153846155
-0.13852061538461538
-0.11745046153846153
-0.05403138461538461
0.011891076923076923
0.08115138461538463
0.13497415384615385
0.18066092307692305
0.20444307692307692
0.18399876923076922
0.1287156923076923
0.05653476923076922
-0.003755076923076923
-0.03275261538461539
-0.02232184615384615
0.020652923076923076
0.06467076923076923
0.09512861538461538
0.12433476923076923
0.14269292307692305
0.143736
0.10117846153846152
0.011682461538461537
-0.05945538461538461
-0.09533723076923077
-0.0798996923076923
-0.020652923076923076
0.030040615384615384
0.07155507692307693
0.09971815384615385
0.12287446153846153
0.13643446153846153
0.119328
0.06362769230769232
-0.024199384615384616
-0.08720123076923077
-0.11578153846153846
-0.10117846153846152
-0.056951999999999996
-0.01397723076923077
0.034630153846153845
0.05444861538461539
0.073224
0.0717636923076923
0.021696
-0.04693846153846153
-0.12516923076923075
-0.15354092307692307
-0.12913292307692306
-0.08386338461538462
-0.03629907692307692
-0.005424
0.021904615384615383
0.0446436923076923
0.0446436923076923
0.010848
-0.061124307692307686
-0.13372246153846154
-0.18149538461538461
-0.20110523076923076
-0.16897846153846155
-0.11265230769230769
-0.04944184615384615
0.0043809230769230765
0.043392
0.09074769230769231
0.0974233846153846
0.048816000000000005
-0.026285538461538457
-0.10368184615384615
-0.12245723076923076
-0.09012184615384615
-0.03963692307692308
0.02211323076923077
0.06300184615384616
0.0853236923076923
0.10076123076923077
0.09658892307692307
0.06216738461538462
0.0077187692307692304
-0.042557538461538466
-0.06550523076923077
-0.047772923076923074
-0.0077187692307692304
0.03483876923076923
0.062376
0.06633969230769231
0.07551876923076924
0.09095630769230768
0.0855323076923077
0.05611753846153846
0.008136
-0.01940123076923077
-0.008344615384615384
0.024616615384615383
0.0717636923076923
0.1097316923076923
0.12537784615384615
0.12850707692307692
0.14665661538461539
0.1395636923076923
0.08574092307692306
0.020652923076923076
-0.028371692307692306
-0.02545107692307692
-0.008761846153846153
0.021278769230769233
0.05799507692307692
0.0798996923076923
0.0974233846153846
0.09471138461538461
0.08761846153846153
0.06216738461538462
0.0025033846153846152
-0.07280676923076923
-0.11452984615384615
-0.10535076923076922
-0.08031692307692308
-0.03984553846153846
-0.011891076923076923
-0.006884307692307692
0.005215384615384615
0.007301538461538462
-0.007927384615384614
-0.04839876923076923
-0.11056615384615384
-0.14394461538461537
-0.13518276923076925
-0.084072
-0.02482523076923077
0.014811692307692307
0.03838523076923077
0.050067692307692306
0.06446215384615385
0.06258461538461538
0.040262769230769234
-0.014394461538461538
-0.07113784615384615
-0.07927384615384615
-0.04422646153846154
0.006884307692307692
0.040679999999999994
0.06300184615384616
0.07197230769230768
0.07197230769230768
0.07781353846153846
0.061124307692307686
0.007301538461538462
-0.054657230769230764
-0.09262523076923077
-0.07218092307692307
-0.02273907692307692
0.01272553846153846
0.042557538461538466
0.059872615384615385
0.07468430769230769
0.09179076923076923
0.09387692307692307
0.07072061538461538
0.020027076923076922
-0.02586830769230769
-0.04422646153846154
-0.045895384615384616
-0.040262769230769234
-0.026911384615384615
-0.012516923076923077
0.004798153846153846
0.04214030769230769
0.08699261538461538
0.12016246153846154
0.09241661538461539
0.02586830769230769
-0.02023569230769231
-0.03129230769230769
0.003755076923076923
0.03337846153846154
0.05111076923076923
0.065088
0.06341907692307691
0.08135999999999999
0.08761846153846153
0.04672984615384615
-0.02044430769230769
-0.078648
-0.07572738461538461
-0.041514461538461535
0.0008344615384615384
0.03024923076923077
0.04088861538461538
0.06467076923076923
0.08094276923076923
0.09471138461538461
0.08031692307692308
0.03150092307692308
-0.028163076923076923
-0.06404492307692307
-0.04109723076923077
-0.010222153846153844
0.016272
0.02545107692307692
0.03692492307692308
0.07426707692307692
0.10576799999999999
0.12788123076923075
0.1045163076923077
0.06195876923076923
0.035255999999999996
0.01668923076923077
0.028788923076923077
0.045060923076923075
0.0448523076923077
0.03942830769230769
0.042557538461538466
0.06529661538461538
0.07572738461538461
0.06446215384615385
0.03650769230769231
0.0022947692307692304
-0.009596307692307692
0.005424
0.04965046153846154
0.07384984615384615
0.06905169230769231
0.05444861538461539
0.051528
