-0.03942830769230769
-0.025659692307692307
0.005215384615384615
0.03921969230769231
0.06487938461538462
0.06633969230769231
0.04965046153846154
0.016063384615384615
-0.027328615384615382
-0.014811692307692307
0.017940923076923077
0.02858030769230769
0.022947692307692308
0.012099692307692308
0.022530461538461537
0.03650769230769231
0.052153846153846155
0.045895384615384616
-0.007510153846153846
-0.056326153846153845
-0.0717636923076923
-0.03859384615384615
0.02044430769230769
0.05799507692307692
0.08636676923076922
0.10138707692307691
0.12266584615384615
0.1435273846153846
0.12162276923076921
0.07301538461538462
0.002086153846153846
-0.04714707692307692
-0.043392
-0.018775384615384614
-0.015228923076923076
-0.025659692307692307
-0.022947692307692308
-0.009387692307692307
0.02795446153846154
0.052153846153846155
0.04568676923076923
0.021696
-0.010222153846153844
-0.013142769230769229
0.013351384615384614
0.03629907692307692
0.027745846153846152
0.006258461538461538
0.0035464615384615383
0.025033846153846153
0.054657230769230764
0.06341907692307691
0.042557538461538466
-0.0012516923076923076
-0.03379569230769231
-0.02524246153846154
-0.0077187692307692304
0.004798153846153846
0.015646153846153844
0.024408000000000003
0.07030338461538461
0.12955015384615384
0.1696043076923077
0.1779489230769231
0.12558646153846154
0.05653476923076922
0.0077187692307692304
-0.009596307692307692
-0.0077187692307692304
-0.02753723076923077
-0.03129230769230769
-0.003755076923076923
0.03233538461538461
0.07197230769230768
0.08219446153846154
0.051528
-0.0014603076923076922
-0.026494153846153844
-0.010222153846153844
0.005841230769230769
-0.0022947692307692304
-0.021278769230769233
-0.016897846153846156
-0.002086153846153846
0.014185846153846153
0.02753723076923077
0.010639384615384617
-0.031709538461538456
-0.06654830769230768
-0.07405846153846153
-0.06800861538461538
-0.06946892307692307
-0.07238953846153846
-0.05799507692307692
-0.025033846153846153
0.02273907692307692
0.06592246153846154
0.0717636923076923
0.020027076923076922
-0.04109723076923077
-0.08323753846153846
-0.12141415384615384
-0.14164984615384615
-0.15354092307692307
-0.14811692307692306
-0.13372246153846154
-0.09512861538461538
-0.037342153846153844
-0.014394461538461538
-0.027328615384615382
-0.06383630769230769
-0.07301538461538462
-0.06967753846153846
-0.07405846153846153
-0.06341907692307691
-0.06884307692307692
-0.07259815384615384
-0.051319384615384614
-0.0006258461538461538
0.04631261538461538
0.021487384615384613
-0.04047138461538462
-0.07969107692307692
-0.07948246153846153
-0.04714707692307692
-0.022530461538461537
-0.006467076923076923
0.019609846153846155
0.053614153846153846
0.0961716923076923
0.11599015384615384
0.11578153846153846
0.08386338461538462
0.015020307692307692
-0.020652923076923076
-0.02858030769230769
-0.02858030769230769
-0.043392
-0.04756430769230769
-0.01814953846153846
0.002086153846153846
0.04172307692307692
0.07134646153846153
0.056326153846153845
0.00855323076923077
-0.04276615384615385
-0.03024923076923077
-0.0035464615384615383
0.013768615384615384
0.03400430769230769
0.03233538461538461
0.05799507692307692
0.09095630769230768
0.11140061538461538
0.09199938461538461
0.024408000000000003
-0.015646153846153844
-0.03108369230769231
-0.023364923076923075
0.008136
0.027745846153846152
0.04047138461538462
0.06759138461538462
0.09825784615384614
0.10889723076923077
0.10096984615384616
0.06279323076923077
0.003755076923076923
-0.03609046153846154
-0.046104
-0.025033846153846153
-0.011891076923076923
-0.012516923076923077
-0.017940923076923077
-0.018983999999999997
0.013768615384615384
0.03901107692307692
0.028163076923076923
-0.0025033846153846152
-0.02232184615384615
-0.02044430769230769
0.005841230769230769
0.037967999999999995
0.03567323076923076
0.007927384615384614
-0.012308307692307691
-0.0012516923076923076
0.026702769230769228
0.030040615384615384
0.016272
0.008344615384615384
0.006049846153846154
0.02482523076923077
0.04526953846153846
0.05799507692307692
0.041514461538461535
0.006049846153846154
0.010013538461538461
0.041514461538461535
0.06863446153846153
0.059872615384615385
0.021904615384615383
-0.003755076923076923
-0.012308307692307691
-0.009596307692307692
-0.009179076923076922
-0.040679999999999994
-0.07760492307692309
-0.084072
-0.054240000000000003
-0.014185846153846153
0.01043076923076923
0.031709538461538456
0.05048492307692308
0.061750153846153844
0.05862092307692307
0.056951999999999996
0.05194523076923077
0.026702769230769228
0.004589538461538461
-0.0077187692307692304
0.012516923076923077
0.043600615384615383
0.0448523076923077
0.03650769230769231
0.04819015384615385
0.08073415384615384
0.08866153846153846
0.06675692307692307
0.01856676923076923
-0.03442153846153846
-0.052153846153846155
-0.026494153846153844
0.016063384615384615
0.040262769230769234
0.04526953846153846
0.04088861538461538
0.05716061538461538
0.07259815384615384
0.05382276923076923
0.0016689230769230767
-0.07677046153846154
-0.13267938461538462
-0.14790830769230767
