0.01940123076923077
0.018358153846153843
0.02586830769230769
0.012099692307692308
-0.03629907692307692
-0.08574092307692306
-0.143736
-0.1570873846153846
-0.12412615384615384
-0.07364123076923076
-0.03629907692307692
-0.021070153846153846
0.005841230769230769
0.037342153846153844
0.06529661538461538
0.06675692307692307
0.04652123076923077
0.0025033846153846152
-0.04819015384615385
-0.06863446153846153
-0.05924676923076923
-0.02482523076923077
0.008136
0.04130584615384615
0.07906523076923076
0.12308307692307692
0.16605784615384614
0.16271999999999998
0.11056615384615384
0.03838523076923077
-0.01668923076923077
-0.03442153846153846
-0.03379569230769231
-0.032544
-0.02858030769230769
-0.015228923076923076
0.01981846153846154
0.07051199999999999
0.09387692307692307
0.07259815384615384
0.012934153846153845
-0.05590892307692308
-0.08448923076923077
-0.07531015384615385
-0.06028984615384615
-0.03921969230769231
-0.015646153846153844
0.015646153846153844
0.058412307692307694
0.0744756923076923
0.045895384615384616
-0.013142769230769229
-0.08574092307692306
-0.11974523076923077
-0.10117846153846152
-0.07489292307692308
-0.05236246153846154
-0.03442153846153846
0.0018775384615384615
0.04902461538461538
0.08949599999999999
0.11181784615384616
0.07885661538461539
0.016063384615384615
-0.04756430769230769
-0.073224
-0.059872615384615385
-0.05236246153846154
-0.03296123076923077
-0.006884307692307692
0.031918153846153846
0.08761846153846153
0.1151556923076923
0.11202646153846153
0.06321046153846153
-0.004798153846153846
-0.04422646153846154
-0.04985907692307692
-0.026702769230769228
-0.006675692307692307
0.016272
0.04401784615384615
0.08991323076923076
0.13914646153846155
0.1422756923076923
0.10514215384615383
0.03108369230769231
-0.02357353846153846
-0.03400430769230769
-0.023990769230769232
-0.005215384615384615
-0.007927384615384614
0.0012516923076923076
0.04088861538461538
0.08761846153846153
0.12245723076923076
0.111192
0.058829538461538454
0.0
-0.02753723076923077
-0.017940923076923077
-0.002086153846153846
0.012934153846153845
0.023364923076923075
0.04109723076923077
0.07510153846153846
0.103056
0.09512861538461538
0.03567323076923076
-0.026911384615384615
-0.051528
-0.03692492307692308
-0.0050067692307692304
0.015646153846153844
0.03129230769230769
0.04568676923076923
0.07927384615384615
0.13101046153846155
0.16438892307692307
0.13351384615384615
0.05090215384615384
-0.019192615384615384
-0.054240000000000003
-0.04130584615384615
-0.010639384615384617
0.018775384615384614
0.0446436923076923
0.06800861538461538
0.10493353846153847
0.12120553846153845
0.10660246153846153
0.05799507692307692
-0.016063384615384615
-0.07051199999999999
-0.09095630769230768
-0.07051199999999999
-0.040054153846153843
-0.02044430769230769
0.023990769230769232
0.0771876923076923
0.12600369230769232
0.1476996923076923
0.11306953846153844
0.05111076923076923
-0.022530461538461537
-0.06675692307692307
-0.08240307692307691
-0.0880356923076923
-0.09033046153846153
-0.09575446153846154
-0.06258461538461538
-0.008344615384615384
0.0446436923076923
0.06487938461538462
0.04130584615384615
0.013768615384615384
-0.004589538461538461
0.006675692307692307
0.015854769230769228
0.017940923076923077
0.018775384615384614
0.008761846153846153
0.03442153846153846
0.06946892307692307
0.07739630769230768
0.059872615384615385
0.013351384615384614
-0.016897846153846156
-0.023990769230769232
-0.01710646153846154
-0.0029206153846153843
-0.002712
0.003963692307692307
0.022530461538461537
0.04526953846153846
0.05111076923076923
0.040054153846153843
0.01668923076923077
-0.018358153846153843
-0.022947692307692308
0.0008344615384615384
0.027328615384615382
0.03233538461538461
0.017940923076923077
0.012308307692307691
0.015437538461538461
0.03212676923076923
0.043600615384615383
0.029414769230769227
0.004589538461538461
-0.010848
-0.0043809230769230765
-0.003755076923076923
-0.02524246153846154
-0.051319384615384614
-0.05653476923076922
-0.017940923076923077
0.045060923076923075
0.07802215384615384
0.05799507692307692
0.005424
-0.045060923076923075
-0.073224
-0.08073415384615384
-0.084072
-0.10743692307692307
-0.12496061538461539
-0.116616
-0.08094276923076923
-0.03713353846153846
-0.029623384615384614
-0.037342153846153844
-0.05611753846153846
-0.06633969230769231
-0.05048492307692308
-0.04401784615384615
-0.058412307692307694
-0.09512861538461538
-0.10347323076923076
-0.08490646153846154
-0.06341907692307691
-0.026494153846153844
-0.015854769230769228
-0.026285538461538457
-0.027745846153846152
-0.005424
0.03150092307692308
0.03442153846153846
-0.0006258461538461538
-0.042557538461538466
-0.06675692307692307
-0.05048492307692308
-0.012934153846153845
0.007510153846153846
0.011056615384615385
0.018775384615384614
0.04985907692307692
0.09262523076923077
0.11765907692307691
0.09930092307692308
0.06404492307692307
0.040262769230769234
0.040054153846153843
0.061124307692307686
