0.06154153846153846
0.07551876923076924
0.059872615384615385
0.02858030769230769
0.004798153846153846
0.012516923076923077
0.02858030769230769
0.04401784615384615
0.027745846153846152
-0.014394461538461538
-0.044435076923076924
-0.0744756923076923
-0.06571384615384615
-0.05382276923076923
-0.06988615384615385
-0.07113784615384615
-0.04652123076923077
0.006049846153846154
0.010639384615384617
-0.03337846153846154
-0.07510153846153846
-0.11077476923076923
-0.11452984615384615
-0.09533723076923077
-0.06571384615384615
-0.05528307692307692
-0.06383630769230769
-0.04276615384615385
-0.009179076923076922
0.020027076923076922
0.029414769230769227
0.01272553846153846
-0.004172307692307692
-0.003963692307692307
0.03400430769230769
0.06446215384615385
0.07092923076923077
0.07030338461538461
0.06946892307692307
0.08323753846153846
0.08720123076923077
0.08761846153846153
0.054240000000000003
-0.010013538461538461
-0.04088861538461538
-0.03650769230769231
0.006258461538461538
0.04526953846153846
0.06738276923076922
0.09930092307692308
0.11327815384615383
0.12767261538461538
0.13309661538461537
0.11306953846153844
0.07051199999999999
0.013351384615384614
-0.0025033846153846152
0.016063384615384615
0.05674338461538461
0.09241661538461539
0.100344
0.11223507692307692
0.1356
0.14832553846153845
0.13267938461538462
0.09158215384615384
0.03108369230769231
-0.009596307692307692
-0.007510153846153846
0.03150092307692308
0.06842584615384616
0.07948246153846153
0.09471138461538461
0.1218313846153846
0.13810338461538463
0.12788123076923075
0.09158215384615384
0.026702769230769228
-0.03358707692307692
-0.05611753846153846
-0.035464615384615386
-0.0043809230769230765
0.013351384615384614
0.02858030769230769
0.04839876923076923
0.06341907692307691
0.058412307692307694
0.02795446153846154
-0.03692492307692308
-0.09763200000000001
-0.12496061538461539
-0.11160923076923077
-0.06487938461538462
-0.0070929230769230765
0.05486584615384615
0.09262523076923077
0.11891076923076922
0.1353913846153846
0.10576799999999999
0.030875076923076922
-0.06946892307692307
-0.14039815384615384
-0.15646153846153846
-0.13622584615384614
-0.07489292307692308
-0.015228923076923076
0.020652923076923076
0.06300184615384616
0.09471138461538461
0.09304246153846155
0.03275261538461539
-0.05653476923076922
-0.12725538461538463
-0.17169046153846151
-0.1543753846153846
-0.09971815384615385
-0.030875076923076922
0.03024923076923077
0.06738276923076922
0.09575446153846154
0.08323753846153846
0.05820369230769231
0.004798153846153846
-0.07280676923076923
-0.11202646153846153
-0.11014892307692307
-0.06571384615384615
-0.0014603076923076922
0.05924676923076923
0.10514215384615383
0.14457046153846154
0.16584923076923075
0.15291507692307693
0.09512861538461538
0.004172307692307692
-0.05820369230769231
-0.07218092307692307
-0.040054153846153843
0.026702769230769228
0.09053907692307692
0.13622584615384614
0.16271999999999998
0.16063384615384615
0.12350030769230769
0.045895384615384616
-0.047772923076923074
-0.12308307692307692
-0.1585476923076923
-0.14457046153846154
-0.09992676923076924
-0.04318338461538461
0.01710646153846154
0.06070707692307692
0.07739630769230768
0.07635323076923077
0.037967999999999995
-0.04526953846153846
-0.13059323076923077
-0.1846246153846154
-0.18066092307692305
-0.14394461538461537
-0.10472492307692308
-0.04693846153846153
-0.003129230769230769
0.02482523076923077
0.05444861538461539
0.06550523076923077
0.04735569230769231
-0.0077187692307692304
-0.06341907692307691
-0.09241661538461539
-0.09596307692307693
-0.053405538461538456
0.0008344615384615384
0.03755076923076923
0.06654830769230768
0.08574092307692306
0.08699261538461538
0.05444861538461539
-0.0008344615384615384
-0.06759138461538462
-0.11974523076923077
-0.1205796923076923
-0.08302892307692307
-0.03921969230769231
0.0008344615384615384
0.044435076923076924
0.08782707692307692
0.11348676923076922
0.09784061538461537
0.04860738461538461
-0.02023569230769231
-0.07969107692307692
-0.0988836923076923
-0.07614461538461538
-0.042557538461538466
-0.033169846153846154
-0.015020307692307692
0.023364923076923075
0.05736923076923077
0.07405846153846153
0.05611753846153846
0.015437538461538461
-0.026702769230769228
-0.045060923076923075
-0.023990769230769232
-0.009804923076923077
0.0016689230769230767
0.03483876923076923
0.05736923076923077
0.09784061538461537
0.13747753846153846
0.15249784615384615
0.12391753846153845
0.050067692307692306
-0.0077187692307692304
-0.03692492307692308
-0.016897846153846156
-0.0016689230769230767
0.005841230769230769
0.029832
0.054657230769230764
0.1151556923076923
0.1635544615384615
0.157296
0.103056
0.02586830769230769
-0.026494153846153844
-0.03671630769230769
-0.028163076923076923
-0.017940923076923077
-0.010222153846153844
0.004798153846153846
0.031918153846153846
0.07280676923076923
0.09679753846153846
0.06675692307692307
0.011473846153846154
-0.04735569230769231
-0.07656184615384615
-0.07572738461538461
-0.06216738461538462
-0.03713353846153846
-0.010848
