-0.049233230769230765
0.018775384615384614
0.07489292307692308
0.10201292307692307
0.11140061538461538
0.10868861538461538
0.08302892307692307
0.0006258461538461538
-0.10222153846153846
-0.165432
-0.1783661538461538
-0.1449876923076923
-0.08657538461538461
-0.030040615384615384
0.015854769230769228
0.06008123076923077
0.09846646153846153
0.09491999999999999
0.04819015384615385
-0.021070153846153846
-0.08594953846153845
-0.11056615384615384
-0.0936683076923077
-0.03233538461538461
0.02795446153846154
0.0609156923076923
0.10597661538461538
0.1424843076923077
0.146448
0.10889723076923077
0.03024923076923077
-0.05048492307692308
-0.10597661538461538
-0.09283384615384616
-0.034630153846153845
0.02524246153846154
0.09679753846153846
0.15562707692307692
0.1883796923076923
0.1867107692307692
0.14728246153846153
0.07051199999999999
-0.03650769230769231
-0.130176
-0.14164984615384615
-0.09012184615384615
-0.01856676923076923
0.05820369230769231
0.0974233846153846
0.11390399999999999
0.116616
0.11223507692307692
0.084072
0.01814953846153846
-0.04088861538461538
-0.07572738461538461
-0.056326153846153845
-0.0012516923076923076
0.04819015384615385
0.08657538461538461
0.09241661538461539
0.10222153846153846
0.10201292307692307
0.06404492307692307
-0.0035464615384615383
-0.07906523076923076
-0.12141415384615384
-0.13080184615384613
-0.084072
-0.018983999999999997
0.02899753846153846
0.06633969230769231
0.08782707692307692
0.10201292307692307
0.08887015384615385
0.029832
-0.06028984615384615
-0.14874276923076923
-0.17961784615384613
-0.13476553846153844
-0.06216738461538462
0.01272553846153846
0.07259815384615384
0.10660246153846153
0.10764553846153846
0.0897046153846154
0.065088
0.003755076923076923
-0.06821723076923077
-0.12496061538461539
-0.12621230769230768
-0.06633969230769231
-0.0008344615384615384
0.06216738461538462
0.09512861538461538
0.11494707692307692
0.12245723076923076
0.10681107692307691
0.06800861538461538
-0.0050067692307692304
-0.06592246153846154
-0.09867507692307692
-0.09012184615384615
-0.05382276923076923
-0.010013538461538461
0.047772923076923074
0.09241661538461539
0.1136953846153846
0.11348676923076922
0.08156861538461539
0.02232184615384615
-0.037967999999999995
-0.06467076923076923
-0.04047138461538462
0.006049846153846154
0.05194523076923077
0.09700615384615385
0.14519630769230768
0.17315076923076922
0.16626646153846153
0.1424843076923077
0.08073415384615384
0.007510153846153846
-0.033169846153846154
-0.020652923076923076
0.03024923076923077
0.06154153846153846
0.08866153846153846
0.1207883076923077
0.14749107692307692
0.15124615384615384
0.12725538461538463
0.08302892307692307
0.014603076923076923
-0.04172307692307692
-0.07092923076923077
-0.06738276923076922
-0.032544
-0.0004172307692307692
0.034630153846153845
0.07489292307692308
0.09283384615384616
0.103056
0.08386338461538462
0.033169846153846154
-0.019609846153846155
-0.058829538461538454
-0.06487938461538462
-0.056951999999999996
-0.04214030769230769
-0.03859384615384615
-0.02586830769230769
0.010013538461538461
0.040262769230769234
0.05590892307692308
0.02586830769230769
-0.031709538461538456
-0.07593599999999999
-0.0744756923076923
-0.03504738461538461
-0.010222153846153844
-0.0043809230769230765
-0.0029206153846153843
0.015854769230769228
0.04547815384615384
0.05799507692307692
0.03942830769230769
-0.00855323076923077
-0.05236246153846154
-0.07218092307692307
-0.04714707692307692
-0.0014603076923076922
0.015854769230769228
0.012516923076923077
0.0016689230769230767
0.0043809230769230765
0.020027076923076922
0.024616615384615383
-0.003963692307692307
-0.05528307692307692
-0.08156861538461539
-0.07072061538461538
-0.05048492307692308
-0.03024923076923077
-0.015854769230769228
-0.003755076923076923
0.018775384615384614
0.04902461538461538
0.07259815384615384
0.06154153846153846
0.032544
-0.007510153846153846
-0.03984553846153846
-0.030875076923076922
-0.012099692307692308
0.003963692307692307
0.0004172307692307692
0.006049846153846154
0.042974769230769226
0.065088
0.07343261538461537
0.04047138461538462
-0.021278769230769233
-0.06654830769230768
-0.07656184615384615
-0.04214030769230769
-0.019192615384615384
-0.02211323076923077
-0.023990769230769232
-0.009387692307692307
0.02753723076923077
0.04944184615384615
0.03129230769230769
-0.006049846153846154
-0.03775938461538462
-0.04380923076923077
-0.02524246153846154
-0.0018775384615384615
0.008970461538461538
0.0070929230769230765
0.021487384615384613
0.05277969230769231
0.086784
0.09533723076923077
0.05611753846153846
-0.0016689230769230767
-0.03588184615384615
-0.024408000000000003
-0.013560000000000001
-0.009804923076923077
-0.001043076923076923
-0.007510153846153846
0.01272553846153846
0.05799507692307692
0.08073415384615384
0.06321046153846153
0.0077187692307692304
-0.031918153846153846
-0.03984553846153846
-0.02273907692307692
-0.0016689230769230767
0.004589538461538461
0.01710646153846154
0.030040615384615384
