0.07426707692307692
0.11452984615384615
0.16418030769230768
0.17398523076923075
0.12391753846153845
0.041514461538461535
-0.04735569230769231
-0.07781353846153846
-0.06300184615384616
-0.03671630769230769
-0.009179076923076922
0.023990769230769232
0.07134646153846153
0.09804923076923076
0.10827138461538462
0.08323753846153846
0.014603076923076923
-0.04714707692307692
-0.07969107692307692
-0.054657230769230764
-0.033169846153846154
-0.04401784615384615
-0.04985907692307692
-0.05444861538461539
-0.029832
-0.007301538461538462
0.017523692307692306
0.013560000000000001
-0.04109723076923077
-0.07238953846153846
-0.08365476923076923
-0.05236246153846154
-0.03504738461538461
-0.045895384615384616
-0.04276615384615385
-0.03942830769230769
0.009804923076923077
0.040054153846153843
0.010222153846153844
-0.05298830769230769
-0.12725538461538463
-0.16334584615384617
-0.16000799999999998
-0.12850707692307692
-0.10117846153846152
-0.09304246153846155
-0.07677046153846154
-0.04944184615384615
-0.023990769230769232
-0.027120000000000002
-0.07802215384615384
-0.14916
-0.1927606153846154
-0.19588984615384614
-0.16710092307692306
-0.12162276923076921
-0.09909230769230769
-0.084072
-0.04860738461538461
-0.0022947692307692304
0.03713353846153846
0.02273907692307692
-0.03567323076923076
-0.06946892307692307
-0.06383630769230769
-0.016897846153846156
0.026076923076923077
0.026702769230769228
0.023990769230769232
0.011473846153846154
0.024408000000000003
0.07092923076923077
0.08490646153846154
0.06446215384615385
0.026285538461538457
0.005632615384615384
0.0035464615384615383
0.011056615384615385
0.026285538461538457
0.03838523076923077
0.04756430769230769
0.07197230769230768
0.11578153846153846
0.1178676923076923
0.08344615384615384
0.031709538461538456
0.0002086153846153846
0.009804923076923077
0.028163076923076923
0.06070707692307692
0.058829538461538454
0.03984553846153846
0.04819015384615385
0.06133292307692308
0.07885661538461539
0.05799507692307692
0.014603076923076923
-0.019609846153846155
-0.02586830769230769
0.017315076923076923
0.06467076923076923
0.10472492307692308
0.10535076923076922
0.09471138461538461
0.10493353846153847
0.11140061538461538
0.11724184615384614
0.08490646153846154
0.03775938461538462
0.010013538461538461
0.003755076923076923
0.017315076923076923
0.015228923076923076
-0.0043809230769230765
-0.025659692307692307
-0.019609846153846155
0.03400430769230769
0.09325107692307691
0.11745046153846153
0.10889723076923077
0.09533723076923077
0.09658892307692307
0.10138707692307691
0.09846646153846153
0.06738276923076922
0.0077187692307692304
-0.023364923076923075
-0.010013538461538461
0.024616615384615383
0.03984553846153846
0.015228923076923076
-0.014603076923076923
-0.03045784615384615
0.0008344615384615384
0.061124307692307686
0.10076123076923077
0.10368184615384615
0.06675692307692307
0.04985907692307692
0.04860738461538461
0.038176615384615385
0.028163076923076923
-0.0077187692307692304
-0.03609046153846154
-0.03379569230769231
-0.005215384615384615
0.021696
-0.005215384615384615
-0.06404492307692307
-0.10681107692307691
-0.1070196923076923
-0.07781353846153846
-0.04631261538461538
-0.03901107692307692
-0.04735569230769231
-0.05027630769230769
-0.04214030769230769
-0.03379569230769231
-0.06279323076923077
-0.1151556923076923
-0.1422756923076923
-0.132888
-0.0880356923076923
-0.021070153846153846
0.021696
0.040262769230769234
0.049233230769230765
0.05757784615384615
0.05820369230769231
0.03400430769230769
-0.008344615384615384
-0.065088
-0.10222153846153846
-0.09450276923076922
-0.04714707692307692
0.003755076923076923
0.04109723076923077
0.07030338461538461
0.09387692307692307
0.11390399999999999
0.11098338461538461
0.061750153846153844
-0.015437538461538461
-0.07364123076923076
-0.08761846153846153
-0.06738276923076922
-0.031918153846153846
0.021487384615384613
0.05653476923076922
0.08156861538461539
0.11223507692307692
0.12621230769230768
0.11202646153846153
0.04860738461538461
-0.01856676923076923
-0.06571384615384615
-0.07197230769230768
-0.04088861538461538
0.004798153846153846
0.06341907692307691
0.092208
0.11494707692307692
0.1287156923076923
0.111192
0.0609156923076923
-0.01043076923076923
-0.05027630769230769
-0.04318338461538461
-0.0035464615384615383
0.03400430769230769
0.06028984615384615
0.07030338461538461
0.0826116923076923
0.09721476923076922
0.08907876923076924
0.04652123076923077
-0.017523692307692306
-0.06946892307692307
-0.09158215384615384
-0.04902461538461538
0.012934153846153845
0.0678
0.11077476923076923
0.13309661538461537
0.157296
0.15291507692307693
0.11473846153846154
0.03609046153846154
-0.05799507692307692
-0.11411261538461538
-0.12955015384615384
-0.08302892307692307
-0.014185846153846153
0.04652123076923077
0.10785415384615385
0.15187199999999998
0.1908830769230769
0.18900553846153845
0.13518276923076925
0.04714707692307692
-0.05027630769230769
-0.09700615384615385
-0.08657538461538461
-0.04756430769230769
