-0.059664
-0.043392
-0.016063384615384615
-0.012308307692307691
0.011265230769230769
0.04172307692307692
0.04193169230769231
0.020652923076923076
-0.052153846153846155
-0.11265230769230769
-0.13518276923076925
-0.11891076923076922
-0.0853236923076923
-0.07280676923076923
-0.02586830769230769
0.023364923076923075
0.053614153846153846
0.07134646153846153
0.04631261538461538
0.003755076923076923
-0.07405846153846153
-0.12412615384615384
-0.09053907692307692
-0.02795446153846154
0.038176615384615385
0.07927384615384615
0.12329169230769231
0.15896492307692306
0.16730953846153845
0.15124615384615384
0.06258461538461538
-0.026494153846153844
-0.084072
-0.10347323076923076
-0.06633969230769231
-0.02586830769230769
0.029414769230769227
0.07635323076923077
0.12642092307692307
0.1927606153846154
0.22029784615384615
0.18337292307692307
0.08156861538461539
-0.01043076923076923
-0.06195876923076923
-0.07051199999999999
-0.037342153846153844
0.005632615384615384
0.07009476923076922
0.13372246153846154
0.1829556923076923
0.20298276923076922
0.16000799999999998
0.07134646153846153
-0.03024923076923077
-0.09491999999999999
-0.09930092307692308
-0.05382276923076923
-0.0016689230769230767
0.03233538461538461
0.07781353846153846
0.11724184615384614
0.13476553846153844
0.11682461538461539
0.04693846153846153
-0.05653476923076922
-0.15291507692307693
-0.1802436923076923
-0.13601723076923075
-0.07405846153846153
-0.022947692307692308
0.01043076923076923
0.03421292307692308
0.06049846153846154
0.07134646153846153
0.0446436923076923
-0.017940923076923077
-0.09179076923076923
-0.13768615384615385
-0.12287446153846153
-0.07572738461538461
-0.02044430769230769
0.03859384615384615
0.07823076923076923
0.12600369230769232
0.16793538461538463
0.15813046153846153
0.09137353846153846
-0.01043076923076923
-0.09596307692307693
-0.13434830769230768
-0.10201292307692307
-0.03588184615384615
0.018358153846153843
0.05382276923076923
0.07969107692307692
0.11745046153846153
0.1341396923076923
0.10994030769230768
0.03275261538461539
-0.06049846153846154
-0.10743692307692307
-0.10868861538461538
-0.05945538461538461
-0.003755076923076923
0.030040615384615384
0.051319384615384614
0.06467076923076923
0.08615815384615384
0.084072
0.04714707692307692
-0.009387692307692307
-0.05319692307692307
-0.05674338461538461
-0.03921969230769231
0.003129230769230769
0.04547815384615384
0.08031692307692308
0.10806276923076923
0.11286092307692308
0.10848000000000001
0.06467076923076923
-0.005841230769230769
-0.06070707692307692
-0.08365476923076923
-0.06383630769230769
-0.01856676923076923
0.035255999999999996
0.086784
0.12808984615384614
0.15667015384615385
0.1462393846153846
0.10263876923076923
0.03901107692307692
-0.040054153846153843
-0.08845292307692308
-0.09825784615384614
-0.07051199999999999
-0.028163076923076923
-0.003755076923076923
0.02482523076923077
0.052571076923076915
0.06842584615384616
0.059038153846153844
0.014394461538461538
-0.047981538461538464
-0.11035753846153845
-0.13351384615384615
-0.11849353846153846
-0.08991323076923076
-0.06425353846153846
-0.04401784615384615
-0.008761846153846153
0.04172307692307692
0.07635323076923077
0.05757784615384615
0.01981846153846154
-0.01668923076923077
-0.045895384615384616
-0.045060923076923075
-0.03775938461538462
-0.006049846153846154
0.01856676923076923
0.03358707692307692
0.06842584615384616
0.073224
0.05528307692307692
0.011265230769230769
-0.04109723076923077
-0.07384984615384615
-0.08094276923076923
-0.07572738461538461
-0.08010830769230769
-0.07426707692307692
-0.0609156923076923
-0.026285538461538457
0.009387692307692307
0.031918153846153846
0.037967999999999995
-0.006884307692307692
-0.058412307692307694
-0.0855323076923077
-0.09158215384615384
-0.07697907692307693
-0.06425353846153846
-0.03629907692307692
0.008970461538461538
0.04547815384615384
0.0744756923076923
0.07510153846153846
0.04526953846153846
-0.0035464615384615383
-0.04130584615384615
-0.03859384615384615
-0.02795446153846154
-0.015020307692307692
-0.011891076923076923
0.002086153846153846
0.051319384615384614
0.09784061538461537
0.12537784615384615
0.0974233846153846
0.03859384615384615
-0.015228923076923076
-0.0446436923076923
-0.04422646153846154
-0.051528
-0.05507446153846154
-0.04860738461538461
-0.015437538461538461
0.03400430769230769
0.06654830769230768
0.06529661538461538
0.031709538461538456
-0.003129230769230769
-0.023364923076923075
-0.00855323076923077
0.010848
0.018983999999999997
0.029623384615384614
0.03984553846153846
0.06863446153846153
0.092208
0.0963803076923077
0.07468430769230769
0.023782153846153845
-0.001043076923076923
-0.0029206153846153843
0.009596307692307692
0.026285538461538457
0.027120000000000002
0.03921969230769231
0.056951999999999996
0.0974233846153846
0.1358086153846154
0.1207883076923077
0.07614461538461538
0.021904615384615383
0.007510153846153846
0.016897846153846156
0.009804923076923077
-0.0012516923076923076
-0.017523692307692306
0.00855323076923077
