-0.08699261538461538
-0.029832
0.015020307692307692
0.005424
0.009804923076923077
0.01940123076923077
0.03671630769230769
0.03880246153846154
0.012934153846153845
0.005215384615384615
0.0022947692307692304
0.020027076923076922
0.045895384615384616
0.06070707692307692
0.05444861538461539
0.029832
0.024199384615384616
0.040679999999999994
0.059664
0.03337846153846154
-0.008761846153846153
-0.03233538461538461
-0.01814953846153846
0.026702769230769228
0.06133292307692308
0.0880356923076923
0.07739630769230768
0.06300184615384616
0.07489292307692308
0.07218092307692307
0.05236246153846154
0.013768615384615384
-0.012308307692307691
0.003129230769230769
0.017732307692307693
0.03921969230769231
0.061750153846153844
0.05924676923076923
0.05653476923076922
0.05319692307692307
0.07656184615384615
0.10347323076923076
0.09658892307692307
0.07823076923076923
0.0717636923076923
0.09763200000000001
0.11703323076923078
0.11432123076923076
0.07009476923076922
0.014811692307692307
0.002086153846153846
0.0014603076923076922
0.014603076923076923
0.014185846153846153
0.0012516923076923076
-0.0016689230769230767
0.005841230769230769
0.03901107692307692
0.05945538461538461
0.04214030769230769
-0.0018775384615384615
-0.042557538461538466
-0.04902461538461538
-0.04130584615384615
-0.03692492307692308
-0.05736923076923077
-0.08302892307692307
-0.09116492307692307
-0.08094276923076923
-0.051319384615384614
-0.052571076923076915
-0.08761846153846153
-0.13768615384615385
-0.14164984615384615
-0.09450276923076922
-0.055491692307692304
-0.011473846153846154
0.017523692307692306
0.034630153846153845
0.04902461538461538
0.04985907692307692
0.040054153846153843
-0.0035464615384615383
-0.065088
-0.09533723076923077
-0.08115138461538463
-0.03775938461538462
0.006884307692307692
0.03504738461538461
0.04819015384615385
0.06675692307692307
0.08949599999999999
0.09158215384615384
0.06258461538461538
-0.007510153846153846
-0.06592246153846154
-0.09033046153846153
-0.07405846153846153
-0.02086153846153846
0.013351384615384614
0.03963692307692308
0.06341907692307691
0.07802215384615384
0.08344615384615384
0.041514461538461535
-0.03129230769230769
-0.10159569230769232
-0.14477907692307693
-0.12370892307692308
-0.04714707692307692
0.04839876923076923
0.11098338461538461
0.1449876923076923
0.16876984615384616
0.17565415384615385
0.1597993846153846
0.0936683076923077
0.014394461538461538
-0.04672984615384615
-0.05507446153846154
-0.005632615384615384
0.044435076923076924
0.0961716923076923
0.138312
0.16438892307692307
0.18858830769230767
0.18858830769230767
0.14039815384615384
0.05111076923076923
-0.024616615384615383
-0.056951999999999996
-0.04172307692307692
0.011473846153846154
0.06717415384615384
0.10013538461538461
0.11160923076923077
0.12642092307692307
0.1353913846153846
0.11160923076923077
0.04985907692307692
-0.025659692307692307
-0.07635323076923077
-0.07635323076923077
-0.035464615384615386
0.021070153846153846
0.08323753846153846
0.12767261538461538
0.15416676923076922
0.1635544615384615
0.13101046153846155
0.059872615384615385
-0.029832
-0.10117846153846152
-0.13309661538461537
-0.11035753846153845
-0.03921969230769231
0.026702769230769228
0.0717636923076923
0.0974233846153846
0.11703323076923078
0.13330523076923076
0.10201292307692307
0.018358153846153843
-0.08448923076923077
-0.15625292307692307
-0.15145476923076923
-0.1070196923076923
-0.05736923076923077
-0.0002086153846153846
0.051319384615384614
0.09554584615384615
0.11974523076923077
0.12162276923076921
0.07802215384615384
-0.0014603076923076922
-0.050067692307692306
-0.06821723076923077
-0.053405538461538456
-0.023782153846153845
0.010639384615384617
0.06070707692307692
0.09804923076923076
0.1287156923076923
0.13476553846153844
0.10597661538461538
0.026285538461538457
-0.051319384615384614
-0.08511507692307693
-0.09325107692307691
-0.05298830769230769
-0.0035464615384615383
0.05111076923076923
0.0897046153846154
0.11578153846153846
0.13601723076923075
0.09930092307692308
0.03421292307692308
-0.054657230769230764
-0.12642092307692307
-0.14749107692307692
-0.12454338461538461
-0.05570030769230769
0.0
0.07030338461538461
0.13706030769230768
0.16063384615384615
0.16167692307692308
0.09325107692307691
0.0022947692307692304
-0.07760492307692309
-0.10931446153846153
-0.07572738461538461
-0.05507446153846154
-0.022947692307692308
-0.011265230769230769
0.003755076923076923
0.054240000000000003
0.07510153846153846
0.092208
0.06967753846153846
0.02023569230769231
-0.02044430769230769
-0.05277969230769231
-0.03984553846153846
-0.04401784615384615
-0.05590892307692308
-0.042557538461538466
-0.02899753846153846
0.007301538461538462
0.019609846153846155
-0.0025033846153846152
-0.04422646153846154
-0.09262523076923077
-0.11181784615384616
-0.1097316923076923
-0.08135999999999999
-0.05716061538461538
-0.031918153846153846
0.011891076923076923
0.05653476923076922
0.10576799999999999
0.11640738461538462
0.07238953846153846
-0.026285538461538457
