0.03296123076923077
0.07092923076923077
0.10096984615384616
0.10535076923076922
0.055491692307692304
-0.00855323076923077
-0.06946892307692307
-0.10138707692307691
-0.09679753846153846
-0.08615815384615384
-0.073224
-0.062376
-0.021696
0.02482523076923077
0.04401784615384615
0.03045784615384615
-0.02753723076923077
-0.08490646153846154
-0.11056615384615384
-0.10514215384615383
-0.09304246153846155
-0.0934596923076923
-0.07885661538461539
-0.04422646153846154
-0.0018775384615384615
0.047981538461538464
0.05757784615384615
0.02795446153846154
-0.016897846153846156
-0.058412307692307694
-0.05319692307692307
-0.05277969230769231
-0.05277969230769231
-0.03713353846153846
-0.027745846153846152
0.01272553846153846
0.06738276923076922
0.11202646153846153
0.11202646153846153
0.06362769230769232
0.018358153846153843
-0.003755076923076923
0.01940123076923077
0.04714707692307692
0.05444861538461539
0.05194523076923077
0.054240000000000003
0.08302892307692307
0.09930092307692308
0.09950953846153845
0.058412307692307694
-0.006049846153846154
-0.030875076923076922
-0.025033846153846153
0.01043076923076923
0.022947692307692308
0.023364923076923075
0.05069353846153846
0.084072
0.13205353846153844
0.13852061538461538
0.08866153846153846
0.010639384615384617
-0.06905169230769231
-0.09053907692307692
-0.08949599999999999
-0.08323753846153846
-0.06487938461538462
-0.049233230769230765
-0.008761846153846153
0.04088861538461538
0.08365476923076923
0.08907876923076924
0.05757784615384615
0.03108369230769231
0.004798153846153846
0.0008344615384615384
0.002086153846153846
-0.006049846153846154
-0.019609846153846155
-0.03838523076923077
-0.017315076923076923
0.015646153846153844
0.020652923076923076
-0.009804923076923077
-0.05486584615384615
-0.07489292307692308
-0.06008123076923077
-0.013560000000000001
0.023782153846153845
0.035464615384615386
0.03609046153846154
0.047772923076923074
0.07781353846153846
0.09241661538461539
0.06905169230769231
0.009179076923076922
-0.04819015384615385
-0.07092923076923077
-0.05820369230769231
-0.025659692307692307
-0.019192615384615384
-0.014185846153846153
0.014603076923076923
0.047981538461538464
0.09867507692307692
0.10430769230769231
0.058829538461538454
0.006675692307692307
-0.04902461538461538
-0.04985907692307692
-0.017315076923076923
0.004172307692307692
0.016272
0.03108369230769231
0.06362769230769232
0.09596307692307693
0.09825784615384614
0.05590892307692308
-0.0035464615384615383
-0.05277969230769231
-0.06362769230769232
-0.03713353846153846
0.0008344615384615384
0.016063384615384615
0.006049846153846154
0.01043076923076923
0.030875076923076922
0.058412307692307694
0.07885661538461539
0.07113784615384615
0.03942830769230769
0.01814953846153846
0.014811692307692307
0.018983999999999997
0.01814953846153846
0.006049846153846154
0.010848
0.02044430769230769
0.043600615384615383
0.07009476923076922
0.04902461538461538
0.00855323076923077
-0.023364923076923075
-0.024199384615384616
0.005215384615384615
0.027328615384615382
0.03108369230769231
0.012099692307692308
0.003755076923076923
0.016272
0.03838523076923077
0.03755076923076923
-0.0043809230769230765
-0.03588184615384615
-0.06133292307692308
-0.06550523076923077
-0.05194523076923077
-0.058829538461538454
-0.06759138461538462
-0.06821723076923077
-0.03859384615384615
0.011265230769230769
0.033169846153846154
0.03400430769230769
0.01668923076923077
-0.002086153846153846
0.006049846153846154
0.014394461538461538
0.021904615384615383
0.004589538461538461
-0.021904615384615383
-0.01981846153846154
-0.009596307692307692
0.014603076923076923
0.024408000000000003
0.013351384615384614
0.012934153846153845
0.03901107692307692
0.07426707692307692
0.08428061538461538
0.06571384615384615
0.021070153846153846
-0.015020307692307692
-0.01710646153846154
0.005841230769230769
0.03880246153846154
0.040262769230769234
0.028163076923076923
0.049233230769230765
0.0744756923076923
0.09909230769230769
0.1097316923076923
0.0717636923076923
0.03775938461538462
0.017940923076923077
0.018983999999999997
0.02858030769230769
0.014394461538461538
0.019192615384615384
0.032544
0.06446215384615385
0.11619876923076923
0.13998092307692306
0.12162276923076921
0.062376
0.02211323076923077
0.017940923076923077
0.021278769230769233
0.03671630769230769
0.04130584615384615
0.035464615384615386
0.04047138461538462
0.051528
0.06154153846153846
0.03504738461538461
-0.018983999999999997
-0.06821723076923077
-0.09784061538461537
-0.086784
-0.05382276923076923
-0.0022947692307692304
0.042348923076923076
0.08073415384615384
0.119328
0.1218313846153846
0.08720123076923077
0.0016689230769230767
-0.08615815384615384
-0.12704676923076924
-0.11599015384615384
-0.06487938461538462
-0.005632615384615384
0.042348923076923076
0.06946892307692307
0.09909230769230769
0.11828492307692307
0.11327815384615383
0.06550523076923077
-0.0012516923076923076
-0.04214030769230769
-0.06905169230769231
-0.06028984615384615
-0.026702769230769228
