-0.0070929230769230765
0.052153846153846155
0.10368184615384615
0.132888
0.14999446153846155
0.1449876923076923
0.09053907692307692
0.0043809230769230765
-0.0892873846153846
-0.14477907692307693
-0.15750461538461538
-0.119328
-0.033169846153846154
0.04401784615384615
0.09930092307692308
0.1358086153846154
0.1424843076923077
0.10889723076923077
0.02586830769230769
-0.06717415384615384
-0.14957723076923077
-0.18754523076923074
-0.15687876923076924
-0.092208
-0.03150092307692308
0.001043076923076923
0.03045784615384615
0.049233230769230765
0.05090215384615384
0.024408000000000003
-0.042557538461538466
-0.1097316923076923
-0.15124615384615384
-0.14060676923076923
-0.10222153846153846
-0.04276615384615385
0.03775938461538462
0.09387692307692307
0.14832553846153845
0.1760713846153846
0.15208061538461537
0.07092923076923077
-0.037967999999999995
-0.10389046153846154
-0.13330523076923076
-0.116616
-0.06800861538461538
-0.006675692307692307
0.06946892307692307
0.1353913846153846
0.1710646153846154
0.16230276923076925
0.10243015384615384
0.015854769230769228
-0.061124307692307686
-0.09283384615384616
-0.06946892307692307
-0.02795446153846154
0.02357353846153846
0.06028984615384615
0.08740984615384616
0.12016246153846154
0.12642092307692307
0.11286092307692308
0.05611753846153846
-0.031918153846153846
-0.10076123076923077
-0.11265230769230769
-0.06258461538461538
-0.005215384615384615
0.05048492307692308
0.10138707692307691
0.14832553846153845
0.1860849230769231
0.18921415384615384
0.15187199999999998
0.07238953846153846
-0.0077187692307692304
-0.04401784615384615
-0.031918153846153846
0.0025033846153846152
0.05194523076923077
0.09241661538461539
0.11870215384615385
0.15187199999999998
0.15792184615384616
0.12496061538461539
0.04985907692307692
-0.027328615384615382
-0.06571384615384615
-0.07885661538461539
-0.06633969230769231
-0.03609046153846154
0.003129230769230769
0.03880246153846154
0.08448923076923077
0.12016246153846154
0.10535076923076922
0.046104
-0.03275261538461539
-0.09533723076923077
-0.124752
-0.11870215384615385
-0.09867507692307692
-0.05611753846153846
0.005841230769230769
0.054657230769230764
0.09554584615384615
0.11473846153846154
0.09679753846153846
0.037967999999999995
-0.040262769230769234
-0.0855323076923077
-0.07134646153846153
-0.04276615384615385
-0.018983999999999997
0.014185846153846153
0.04526953846153846
0.08010830769230769
0.09491999999999999
0.08302892307692307
0.029414769230769227
-0.043392
-0.09304246153846155
-0.11578153846153846
-0.09596307692307693
-0.073224
-0.040262769230769234
0.0008344615384615384
0.04631261538461538
0.09325107692307691
0.08949599999999999
0.04380923076923077
-0.03588184615384615
-0.10389046153846154
-0.12642092307692307
-0.10514215384615383
-0.06049846153846154
-0.024199384615384616
0.005632615384615384
0.03337846153846154
0.07948246153846153
0.10368184615384615
0.078648
0.02858030769230769
-0.03150092307692308
-0.06008123076923077
-0.06821723076923077
-0.06842584615384616
-0.040262769230769234
-0.015854769230769228
0.01710646153846154
0.06717415384615384
0.09429415384615383
0.08428061538461538
0.021487384615384613
-0.05319692307692307
-0.10117846153846152
-0.11098338461538461
-0.07572738461538461
-0.04214030769230769
-0.019192615384615384
-0.003755076923076923
0.022530461538461537
0.06592246153846154
0.07739630769230768
0.054240000000000003
0.008344615384615384
-0.034630153846153845
-0.053614153846153846
-0.03838523076923077
-0.003755076923076923
-0.0035464615384615383
0.0014603076923076922
0.03650769230769231
0.073224
0.1136953846153846
0.10743692307692307
0.07280676923076923
0.037967999999999995
0.01043076923076923
0.03045784615384615
0.04088861538461538
0.041514461538461535
0.038176615384615385
0.029414769230769227
0.058412307692307694
0.08845292307692308
0.10535076923076922
0.08219446153846154
0.022947692307692308
-0.024408000000000003
-0.052571076923076915
-0.040054153846153843
-0.01940123076923077
-0.004589538461538461
0.0035464615384615383
0.014394461538461538
0.07677046153846154
0.12037107692307693
0.12412615384615384
0.09325107692307691
0.03483876923076923
0.01043076923076923
-0.0022947692307692304
0.005632615384615384
0.009804923076923077
0.002086153846153846
0.02524246153846154
0.06341907692307691
0.11181784615384616
0.13059323076923077
0.09804923076923076
0.033169846153846154
-0.03150092307692308
-0.041514461538461535
-0.02086153846153846
-0.010013538461538461
-0.017940923076923077
-0.028788923076923077
-0.015020307692307692
0.008970461538461538
0.031709538461538456
0.017315076923076923
-0.03483876923076923
-0.09241661538461539
-0.12245723076923076
-0.09325107692307691
-0.06279323076923077
-0.07343261538461537
-0.09596307692307693
-0.09325107692307691
-0.05736923076923077
-0.023782153846153845
-0.006884307692307692
-0.019609846153846155
-0.06279323076923077
-0.10138707692307691
-0.09554584615384615
-0.058412307692307694
-0.062376
-0.07510153846153846
-0.07343261538461537
-0.06049846153846154
