0.07656184615384615
0.11828492307692307
0.14102399999999998
0.15875630769230767
0.17461107692307692
0.208824
0.24574892307692306
0.24095076923076922
0.19672430769230767
0.12496061538461539
0.06195876923076923
0.04672984615384615
0.059038153846153844
0.059664
0.053405538461538456
0.05757784615384615
0.09283384615384616
0.1395636923076923
0.16626646153846153
0.13893784615384613
0.061124307692307686
-0.014603076923076923
-0.053405538461538456
-0.03859384615384615
-0.037967999999999995
-0.03233538461538461
0.0012516923076923076
0.03337846153846154
0.0828203076923077
0.11181784615384616
0.10117846153846152
0.021070153846153846
-0.08448923076923077
-0.14039815384615384
-0.15124615384615384
-0.11870215384615385
-0.09450276923076922
-0.08469784615384615
-0.06529661538461538
-0.03379569230769231
0.0070929230769230765
0.015646153846153844
-0.017940923076923077
-0.08699261538461538
-0.14749107692307692
-0.15938215384615384
-0.14686523076923075
-0.119328
-0.10326461538461539
-0.10138707692307691
-0.06613107692307692
-0.015646153846153844
0.017523692307692306
0.0070929230769230765
-0.046104
-0.09241661538461539
-0.11807630769230769
-0.10535076923076922
-0.058412307692307694
-0.029414769230769227
-0.021070153846153846
-0.003963692307692307
0.03671630769230769
0.09199938461538461
0.119328
0.09658892307692307
0.046104
0.021070153846153846
0.028371692307692306
0.05298830769230769
0.0892873846153846
0.09700615384615385
0.09074769230769231
0.09074769230769231
0.11223507692307692
0.15166338461538462
0.14123261538461537
0.07802215384615384
0.016480615384615385
-0.004172307692307692
0.011473846153846154
0.026494153846153844
0.03400430769230769
0.05382276923076923
0.06341907692307691
0.07697907692307693
0.11411261538461538
0.11348676923076922
0.062376
0.0006258461538461538
-0.026911384615384615
-0.021904615384615383
-0.004172307692307692
0.023364923076923075
0.03337846153846154
0.030875076923076922
0.047772923076923074
0.07218092307692307
0.08824430769230769
0.07781353846153846
0.02899753846153846
-0.011473846153846154
-0.04401784615384615
-0.03921969230769231
-0.0022947692307692304
0.0002086153846153846
-0.0022947692307692304
-0.010848
0.003129230769230769
0.029414769230769227
0.03233538461538461
0.010013538461538461
-0.03588184615384615
-0.037967999999999995
-0.021904615384615383
-0.0012516923076923076
0.008344615384615384
-0.009596307692307692
-0.005632615384615384
-0.0025033846153846152
0.021278769230769233
0.03650769230769231
0.013142769230769229
-0.0025033846153846152
-0.03609046153846154
-0.043600615384615383
-0.011891076923076923
0.016480615384615385
0.03755076923076923
0.03567323076923076
0.05319692307692307
0.08135999999999999
0.09450276923076922
0.10472492307692308
0.086784
0.054657230769230764
0.02753723076923077
0.028163076923076923
0.045060923076923075
0.04172307692307692
0.03212676923076923
0.026076923076923077
0.04318338461538461
0.07030338461538461
0.06070707692307692
0.031709538461538456
-0.006884307692307692
-0.03275261538461539
-0.017940923076923077
0.003129230769230769
0.02795446153846154
0.03212676923076923
0.018358153846153843
0.038176615384615385
0.06592246153846154
0.08720123076923077
0.09074769230769231
0.07677046153846154
0.06321046153846153
0.051319384615384614
0.07551876923076924
0.103056
0.09471138461538461
0.0744756923076923
0.06967753846153846
0.1028473846153846
0.13768615384615385
0.13810338461538463
0.11056615384615384
0.07092923076923077
0.04526953846153846
0.027745846153846152
0.011891076923076923
0.0029206153846153843
-0.025659692307692307
-0.04568676923076923
-0.03442153846153846
-0.007927384615384614
0.0022947692307692304
-0.02315630769230769
-0.05674338461538461
-0.09325107692307691
-0.10222153846153846
-0.08469784615384615
-0.06863446153846153
-0.07927384615384615
-0.10889723076923077
-0.12767261538461538
-0.1314276923076923
-0.1045163076923077
-0.09095630769230768
-0.09012184615384615
-0.09304246153846155
-0.09199938461538461
-0.04944184615384615
-0.02357353846153846
-0.03838523076923077
-0.07489292307692308
-0.10681107692307691
-0.09784061538461537
-0.07259815384615384
-0.033169846153846154
-0.0025033846153846152
0.0006258461538461538
0.009804923076923077
0.016272
0.03588184615384615
0.03504738461538461
-0.02545107692307692
-0.08761846153846153
-0.10806276923076923
-0.07739630769230768
-0.029623384615384614
0.02086153846153846
0.06216738461538462
0.08323753846153846
0.100344
0.11181784615384616
0.11244369230769231
0.07885661538461539
0.016063384615384615
-0.03650769230769231
-0.05277969230769231
-0.03129230769230769
0.003963692307692307
0.05528307692307692
0.09283384615384616
0.11494707692307692
0.15291507692307693
0.17315076923076922
0.1597993846153846
0.09784061538461537
0.024199384615384616
-0.0070929230769230765
0.0014603076923076922
0.04839876923076923
0.09804923076923076
0.13393107692307693
0.15270646153846154
0.14853415384615384
0.1341396923076923
0.0897046153846154
0.017940923076923077
-0.04401784615384615
