0.0880356923076923
0.06675692307692307
0.010848
-0.016897846153846156
-0.01814953846153846
0.006049846153846154
0.03838523076923077
0.04401784615384615
0.035464615384615386
0.029206153846153847
0.06654830769230768
0.10722830769230769
0.09846646153846153
0.05674338461538461
-0.0070929230769230765
-0.04526953846153846
-0.04047138461538462
-0.016272
0.0004172307692307692
-0.009596307692307692
0.004589538461538461
0.04401784615384615
0.0771876923076923
0.1070196923076923
0.0828203076923077
0.01272553846153846
-0.06487938461538462
-0.09930092307692308
-0.07134646153846153
-0.04944184615384615
-0.038176615384615385
-0.024199384615384616
0.016897846153846156
0.061124307692307686
0.07802215384615384
0.09033046153846153
0.06738276923076922
0.030040615384615384
0.012308307692307691
0.03859384615384615
0.07906523076923076
0.07823076923076923
0.06863446153846153
0.054657230769230764
0.06195876923076923
0.07551876923076924
0.06550523076923077
0.03483876923076923
-0.025033846153846153
-0.04401784615384615
-0.02357353846153846
0.0043809230769230765
0.03692492307692308
0.04130584615384615
0.030875076923076922
0.04526953846153846
0.07760492307692309
0.09763200000000001
0.0678
0.0006258461538461538
-0.05069353846153846
-0.06571384615384615
-0.026702769230769228
0.008136
0.012934153846153845
0.011891076923076923
0.006884307692307692
0.047981538461538464
0.08720123076923077
0.08115138461538463
0.059038153846153844
0.023782153846153845
0.009596307692307692
0.021904615384615383
0.05403138461538461
0.07051199999999999
0.06821723076923077
0.07781353846153846
0.08845292307692308
0.08824430769230769
0.06571384615384615
0.034630153846153845
-0.009804923076923077
-0.03629907692307692
-0.017315076923076923
0.02482523076923077
0.06863446153846153
0.06446215384615385
0.018358153846153843
-0.023364923076923075
-0.03400430769230769
-0.017315076923076923
-0.021278769230769233
-0.04193169230769231
-0.05194523076923077
-0.03129230769230769
0.032544
0.09325107692307691
0.13038461538461538
0.11140061538461538
0.06842584615384616
0.053614153846153846
0.03150092307692308
0.011056615384615385
-0.037342153846153844
-0.08991323076923076
-0.1097316923076923
-0.10785415384615385
-0.05757784615384615
-0.015020307692307692
-0.005841230769230769
-0.017315076923076923
-0.013768615384615384
0.021904615384615383
0.03504738461538461
0.022530461538461537
-0.027120000000000002
-0.07280676923076923
-0.07635323076923077
-0.06070707692307692
-0.013768615384615384
0.015020307692307692
0.011265230769230769
0.011265230769230769
0.014811692307692307
0.04172307692307692
0.04193169230769231
0.007510153846153846
-0.016897846153846156
-0.03650769230769231
-0.015020307692307692
0.017732307692307693
0.03609046153846154
0.026494153846153844
-0.009179076923076922
-0.018983999999999997
0.007301538461538462
0.058412307692307694
0.08720123076923077
0.09930092307692308
0.10159569230769232
0.09137353846153846
0.08094276923076923
0.044435076923076924
-0.008970461538461538
-0.0717636923076923
-0.10868861538461538
-0.08720123076923077
-0.04401784615384615
0.0018775384615384615
0.02899753846153846
0.043600615384615383
0.058412307692307694
0.084072
0.12016246153846154
0.1218313846153846
0.07614461538461538
0.012934153846153845
-0.024616615384615383
-0.040262769230769234
-0.04088861538461538
-0.03984553846153846
-0.04672984615384615
-0.05111076923076923
-0.037967999999999995
0.005841230769230769
0.025659692307692307
0.017732307692307693
0.016480615384615385
0.022530461538461537
0.050067692307692306
0.08949599999999999
0.12621230769230768
0.14206707692307693
0.1353913846153846
0.13601723076923075
0.13914646153846155
0.12350030769230769
0.08490646153846154
0.015854769230769228
-0.042348923076923076
-0.04756430769230769
-0.012308307692307691
0.03483876923076923
0.056326153846153845
0.059038153846153844
0.06425353846153846
0.07489292307692308
0.08428061538461538
0.06633969230769231
0.019609846153846155
-0.02545107692307692
-0.03504738461538461
-0.011891076923076923
0.019609846153846155
0.05382276923076923
0.07072061538461538
0.06341907692307691
0.05069353846153846
0.04526953846153846
0.03504738461538461
-0.0077187692307692304
-0.058829538461538454
-0.08115138461538463
-0.06008123076923077
-0.015646153846153844
0.03775938461538462
0.09825784615384614
0.12850707692307692
0.14999446153846155
0.1718990769230769
0.16730953846153845
0.12308307692307692
0.029414769230769227
-0.06070707692307692
-0.11807630769230769
-0.11494707692307692
-0.06216738461538462
-0.019192615384615384
0.011891076923076923
0.034630153846153845
0.05778646153846154
0.05528307692307692
0.023364923076923075
-0.026076923076923077
-0.09387692307692307
-0.13205353846153844
-0.13664307692307692
-0.0936683076923077
-0.020652923076923076
0.011473846153846154
0.03609046153846154
0.0448523076923077
0.03150092307692308
0.007927384615384614
-0.059664
-0.13476553846153844
-0.20965846153846154
-0.22801661538461537
-0.17419384615384614
-0.09930092307692308
-0.013351384615384614
0.03859384615384615
0.0717636923076923
