-0.008970461538461538
0.061124307692307686
0.11619876923076923
0.15562707692307692
0.19839323076923077
0.20173107692307693
0.19192615384615386
0.13038461538461538
0.04693846153846153
-0.028163076923076923
-0.08866153846153846
-0.058829538461538454
-0.021696
0.027120000000000002
0.07551876923076924
0.08740984615384616
0.116616
0.09992676923076924
0.05736923076923077
-0.015228923076923076
-0.11098338461538461
-0.15938215384615384
-0.15646153846153846
-0.09992676923076924
-0.03713353846153846
0.018358153846153843
0.06863446153846153
0.10076123076923077
0.10722830769230769
0.058412307692307694
-0.02023569230769231
-0.10681107692307691
-0.1760713846153846
-0.18483323076923078
-0.14394461538461537
-0.078648
-0.01981846153846154
0.034630153846153845
0.08866153846153846
0.11995384615384615
0.1151556923076923
0.06133292307692308
-0.015646153846153844
-0.0855323076923077
-0.1356
-0.13914646153846155
-0.10764553846153846
-0.04985907692307692
0.02273907692307692
0.07885661538461539
0.11098338461538461
0.10931446153846153
0.07238953846153846
-0.0050067692307692304
-0.09408553846153846
-0.13998092307692306
-0.11807630769230769
-0.06154153846153846
0.0035464615384615383
0.06133292307692308
0.10222153846153846
0.13518276923076925
0.15124615384615384
0.14561353846153846
0.09053907692307692
-0.0006258461538461538
-0.07092923076923077
-0.084072
-0.05820369230769231
-0.01981846153846154
0.028371692307692306
0.056326153846153845
0.0744756923076923
0.09137353846153846
0.09512861538461538
0.07238953846153846
0.011056615384615385
-0.045895384615384616
-0.07656184615384615
-0.07635323076923077
-0.033169846153846154
0.0043809230769230765
0.019609846153846155
0.05048492307692308
0.07405846153846153
0.0798996923076923
0.06800861538461538
0.018775384615384614
-0.03233538461538461
-0.08031692307692308
-0.09971815384615385
-0.059664
-0.021487384615384613
0.013560000000000001
0.04735569230769231
0.08010830769230769
0.1341396923076923
0.1639716923076923
0.15625292307692307
0.10618523076923077
0.02795446153846154
-0.019609846153846155
-0.02524246153846154
0.0035464615384615383
0.037967999999999995
0.05090215384615384
0.06133292307692308
0.07113784615384615
0.07948246153846153
0.059038153846153844
0.014185846153846153
-0.008344615384615384
-0.02086153846153846
-0.018983999999999997
-0.0029206153846153843
0.012934153846153845
0.027120000000000002
0.040054153846153843
0.05945538461538461
0.08115138461538463
0.08115138461538463
0.031709538461538456
-0.03901107692307692
-0.09241661538461539
-0.12099692307692309
-0.11724184615384614
-0.08845292307692308
-0.06383630769230769
-0.030040615384615384
0.017523692307692306
0.051528
0.07551876923076924
0.07051199999999999
0.028371692307692306
-0.019192615384615384
-0.05090215384615384
-0.055491692307692304
-0.03337846153846154
-0.029414769230769227
-0.027745846153846152
-0.0043809230769230765
0.021904615384615383
0.046104
0.03421292307692308
0.0033378461538461535
-0.042974769230769226
-0.0798996923076923
-0.07489292307692308
-0.06028984615384615
-0.051319384615384614
-0.05090215384615384
-0.03859384615384615
-0.004172307692307692
0.042557538461538466
0.06592246153846154
0.04860738461538461
-0.010013538461538461
-0.06571384615384615
-0.08365476923076923
-0.08469784615384615
-0.05194523076923077
-0.03275261538461539
-0.024408000000000003
0.007510153846153846
0.0446436923076923
0.0936683076923077
0.09179076923076923
0.041514461538461535
-0.016480615384615385
-0.051528
-0.03567323076923076
-0.0002086153846153846
0.026285538461538457
0.03150092307692308
0.040054153846153843
0.06300184615384616
0.10326461538461539
0.12788123076923075
0.10806276923076923
0.059038153846153844
0.0014603076923076922
-0.021070153846153846
-0.012934153846153845
-0.0008344615384615384
-0.0029206153846153843
-0.016480615384615385
0.0
0.054657230769230764
0.1097316923076923
0.1356
0.11494707692307692
0.058412307692307694
0.01397723076923077
0.013560000000000001
0.04756430769230769
0.065088
0.056326153846153845
0.06759138461538462
0.09784061538461537
0.12308307692307692
0.14060676923076923
0.1178676923076923
0.06028984615384615
0.009387692307692307
-0.011891076923076923
0.006258461538461538
0.029414769230769227
0.03421292307692308
0.02899753846153846
0.026285538461538457
0.052571076923076915
0.07760492307692309
0.06759138461538462
0.03150092307692308
-0.013142769230769229
-0.032544
-0.03400430769230769
-0.03066646153846154
-0.035255999999999996
-0.06049846153846154
-0.07927384615384615
-0.06759138461538462
-0.0446436923076923
-0.026285538461538457
-0.028788923076923077
-0.04819015384615385
-0.051319384615384614
-0.040054153846153843
-0.02315630769230769
-0.024199384615384616
-0.028371692307692306
-0.04130584615384615
-0.04652123076923077
-0.0016689230769230767
0.030875076923076922
0.03609046153846154
0.008344615384615384
-0.03775938461538462
-0.05653476923076922
-0.05820369230769231
-0.05277969230769231
-0.06696553846153847
-0.08219446153846154
