0.006675692307692307
-0.005215384615384615
0.025033846153846153
0.05945538461538461
0.06821723076923077
0.047772923076923074
0.01043076923076923
0.0016689230769230767
0.023990769230769232
0.05924676923076923
0.07405846153846153
0.07739630769230768
0.0771876923076923
0.08469784615384615
0.12329169230769231
0.14519630769230768
0.12850707692307692
0.07927384615384615
0.03275261538461539
0.013560000000000001
0.021904615384615383
0.03609046153846154
0.03504738461538461
0.023990769230769232
0.015228923076923076
0.031709538461538456
0.03755076923076923
0.0077187692307692304
-0.046104
-0.08386338461538462
-0.08386338461538462
-0.06759138461538462
-0.03108369230769231
-0.006884307692307692
-0.012308307692307691
-0.021487384615384613
-0.022947692307692308
-0.014394461538461538
-0.022947692307692308
-0.0446436923076923
-0.06717415384615384
-0.09971815384615385
-0.10597661538461538
-0.08657538461538461
-0.0609156923076923
-0.0446436923076923
-0.03859384615384615
-0.007510153846153846
0.011056615384615385
0.013560000000000001
-0.01668923076923077
-0.09408553846153846
-0.16021661538461537
-0.20173107692307693
-0.19150892307692308
-0.16000799999999998
-0.1218313846153846
-0.06967753846153846
-0.03567323076923076
0.0012516923076923076
0.007301538461538462
-0.028788923076923077
-0.092208
-0.15625292307692307
-0.15938215384615384
-0.13247076923076923
-0.07134646153846153
0.0006258461538461538
0.034630153846153845
0.06487938461538462
0.09012184615384615
0.116616
0.10472492307692308
0.02795446153846154
-0.052153846153846155
-0.09387692307692307
-0.08031692307692308
-0.03942830769230769
0.017732307692307693
0.08636676923076922
0.14457046153846154
0.2008966153846154
0.22718215384615387
0.2073636923076923
0.13747753846153846
0.03650769230769231
-0.04819015384615385
-0.09992676923076924
-0.10535076923076922
-0.0744756923076923
-0.030040615384615384
0.010013538461538461
0.07635323076923077
0.15333230769230768
0.18754523076923074
0.18775384615384613
0.11599015384615384
0.011891076923076923
-0.059038153846153844
-0.09491999999999999
-0.07051199999999999
-0.02586830769230769
0.021696
0.06571384615384615
0.09596307692307693
0.12600369230769232
0.11202646153846153
0.055491692307692304
-0.02211323076923077
-0.07197230769230768
-0.06049846153846154
-0.016897846153846156
0.05590892307692308
0.119328
0.15228923076923076
0.1635544615384615
0.16751815384615384
0.1639716923076923
0.11286092307692308
0.023364923076923075
-0.07218092307692307
-0.13518276923076925
-0.14290153846153844
-0.111192
-0.06216738461538462
-0.03233538461538461
-0.002712
0.05069353846153846
0.07802215384615384
0.06905169230769231
0.029623384615384614
-0.03942830769230769
-0.10848000000000001
-0.13455692307692307
-0.10180430769230768
-0.05069353846153846
-0.011056615384615385
0.005215384615384615
0.01710646153846154
0.026494153846153844
0.01668923076923077
-0.010639384615384617
-0.07426707692307692
-0.13706030769230768
-0.16063384615384615
-0.14060676923076923
-0.07677046153846154
-0.015854769230769228
0.038176615384615385
0.09387692307692307
0.12808984615384614
0.1341396923076923
0.10180430769230768
0.03671630769230769
-0.037967999999999995
-0.09012184615384615
-0.08699261538461538
-0.04047138461538462
0.009179076923076922
0.0446436923076923
0.06654830769230768
0.0880356923076923
0.09930092307692308
0.07927384615384615
0.03421292307692308
-0.024408000000000003
-0.07238953846153846
-0.07343261538461537
-0.03358707692307692
0.005424
0.042557538461538466
0.07072061538461538
0.09784061538461537
0.13080184615384613
0.13184492307692308
0.09825784615384614
0.026494153846153844
-0.05194523076923077
-0.11140061538461538
-0.13706030769230768
-0.10597661538461538
-0.04526953846153846
0.02232184615384615
0.07635323076923077
0.12829846153846153
0.16981292307692308
0.16772676923076923
0.12266584615384615
0.04819015384615385
-0.021278769230769233
-0.06905169230769231
-0.07551876923076924
-0.0609156923076923
-0.04819015384615385
-0.02899753846153846
-0.0077187692307692304
0.03150092307692308
0.0609156923076923
0.05236246153846154
0.02858030769230769
0.004798153846153846
0.0029206153846153843
0.029206153846153847
0.05090215384615384
0.05945538461538461
0.049233230769230765
0.044435076923076924
0.059038153846153844
0.059664
0.04109723076923077
0.0050067692307692304
-0.02524246153846154
-0.03942830769230769
-0.021904615384615383
0.012308307692307691
0.023364923076923075
0.034630153846153845
0.05048492307692308
0.08115138461538463
0.12433476923076923
0.14916
0.13038461538461538
0.06946892307692307
0.029414769230769227
0.02023569230769231
0.03588184615384615
0.06571384615384615
0.07218092307692307
0.07677046153846154
0.08782707692307692
0.11140061538461538
0.1353913846153846
0.119328
0.07259815384615384
0.018358153846153843
-0.006258461538461538
0.009387692307692307
0.03984553846153846
0.07572738461538461
0.08323753846153846
0.07405846153846153
0.09283384615384616
0.12725538461538463
0.14999446153846155
