0.03588184615384615
-0.03692492307692308
-0.10472492307692308
-0.14957723076923077
-0.16251138461538459
-0.11160923076923077
-0.043392
0.012934153846153845
0.056951999999999996
0.07551876923076924
0.09325107692307691
0.09658892307692307
0.05924676923076923
-0.016897846153846156
-0.09179076923076923
-0.138312
-0.14749107692307692
-0.11056615384615384
-0.059038153846153844
-0.03108369230769231
-0.004172307692307692
0.03629907692307692
0.05486584615384615
0.04526953846153846
-0.003129230769230769
-0.07635323076923077
-0.13497415384615385
-0.15374953846153847
-0.12975876923076923
-0.0974233846153846
-0.06571384615384615
-0.03838523076923077
0.003963692307692307
0.03755076923076923
0.03963692307692308
0.02482523076923077
-0.05069353846153846
-0.11181784615384616
-0.1316363076923077
-0.12224861538461537
-0.07280676923076923
-0.034630153846153845
0.014603076923076923
0.05590892307692308
0.09930092307692308
0.13372246153846154
0.12329169230769231
0.08615815384615384
0.016480615384615385
-0.025033846153846153
-0.029414769230769227
-0.00855323076923077
0.04735569230769231
0.07510153846153846
0.08887015384615385
0.12287446153846153
0.15520984615384617
0.1597993846153846
0.1097316923076923
0.04172307692307692
-0.03066646153846154
-0.07301538461538462
-0.04756430769230769
-0.0025033846153846152
0.04819015384615385
0.06905169230769231
0.08469784615384615
0.11807630769230769
0.11286092307692308
0.10597661538461538
0.05757784615384615
-0.02357353846153846
-0.073224
-0.08740984615384616
-0.04819015384615385
0.0029206153846153843
0.061124307692307686
0.09241661538461539
0.10806276923076923
0.13309661538461537
0.13330523076923076
0.10472492307692308
0.02273907692307692
-0.04860738461538461
-0.07343261538461537
-0.05444861538461539
0.0008344615384615384
0.041514461538461535
0.07781353846153846
0.08010830769230769
0.08073415384615384
0.09763200000000001
0.06967753846153846
0.012934153846153845
-0.06759138461538462
-0.10722830769230769
-0.08115138461538463
-0.03984553846153846
0.011473846153846154
0.03859384615384615
0.04902461538461538
0.06884307692307692
0.07843938461538462
0.053614153846153846
0.0002086153846153846
-0.06487938461538462
-0.13101046153846155
-0.15813046153846153
-0.14081538461538462
-0.08949599999999999
-0.02858030769230769
0.003129230769230769
0.03483876923076923
0.06759138461538462
0.08010830769230769
0.06654830769230768
0.009596307692307692
-0.05277969230769231
-0.08344615384615384
-0.07760492307692309
-0.0448523076923077
-0.024408000000000003
-0.017315076923076923
-0.012099692307692308
-0.003755076923076923
0.010848
-0.0008344615384615384
-0.04401784615384615
-0.10597661538461538
-0.14811692307692306
-0.1506203076923077
-0.12829846153846153
-0.08115138461538463
-0.05069353846153846
-0.03400430769230769
-0.021904615384615383
0.002086153846153846
0.015228923076923076
-0.017940923076923077
-0.052571076923076915
-0.08907876923076924
-0.09867507692307692
-0.078648
-0.04526953846153846
-0.0022947692307692304
0.02044430769230769
0.05319692307692307
0.10472492307692308
0.14832553846153845
0.15917353846153848
0.11849353846153846
0.06133292307692308
0.02211323076923077
0.01814953846153846
0.02753723076923077
0.02795446153846154
0.03859384615384615
0.03567323076923076
0.05069353846153846
0.09658892307692307
0.11140061538461538
0.09179076923076923
0.026076923076923077
-0.03629907692307692
-0.04985907692307692
-0.050067692307692306
-0.02858030769230769
-0.015437538461538461
-0.006258461538461538
0.028788923076923077
0.06404492307692307
0.09533723076923077
0.08094276923076923
0.03400430769230769
-0.006049846153846154
-0.046104
-0.056326153846153845
-0.04318338461538461
-0.03421292307692308
-0.023990769230769232
0.010222153846153844
0.08115138461538463
0.1489513846153846
0.1712732307692308
0.14081538461538462
0.07238953846153846
0.0014603076923076922
-0.040679999999999994
-0.03963692307692308
-0.02753723076923077
-0.023782153846153845
-0.010848
0.013560000000000001
0.06821723076923077
0.10576799999999999
0.09533723076923077
0.05236246153846154
-0.008970461538461538
-0.02545107692307692
-0.021070153846153846
-0.005841230769230769
0.011473846153846154
0.008761846153846153
0.029623384615384614
0.05507446153846154
0.07364123076923076
0.06446215384615385
0.008970461538461538
-0.05778646153846154
-0.0988836923076923
-0.08219446153846154
-0.03504738461538461
0.012934153846153845
0.04547815384615384
0.06738276923076922
0.10201292307692307
0.13309661538461537
0.15938215384615384
0.1449876923076923
0.07927384615384615
0.01814953846153846
-0.025659692307692307
-0.02023569230769231
0.008970461538461538
0.01856676923076923
0.033169846153846154
0.042974769230769226
0.05528307692307692
0.06425353846153846
0.040679999999999994
-0.030875076923076922
-0.11891076923076922
-0.15395815384615386
-0.12537784615384615
-0.06195876923076923
0.0025033846153846152
0.032544
0.046104
0.0828203076923077
0.10576799999999999
0.0988836923076923
0.052153846153846155
-0.022530461538461537
-0.06717415384615384
