-0.09179076923076923
-0.06133292307692308
-0.029414769230769227
-0.023990769230769232
-0.05382276923076923
-0.10994030769230768
-0.13768615384615385
-0.12913292307692306
-0.09199938461538461
-0.044435076923076924
-0.03045784615384615
-0.014185846153846153
0.007927384615384614
0.03108369230769231
0.052153846153846155
0.03400430769230769
-0.010013538461538461
-0.06967753846153846
-0.10660246153846153
-0.1028473846153846
-0.07823076923076923
-0.04172307692307692
-0.021904615384615383
-0.017523692307692306
0.0004172307692307692
0.026702769230769228
0.03024923076923077
0.0
-0.045895384615384616
-0.07823076923076923
-0.078648
-0.062376
-0.02524246153846154
0.02858030769230769
0.05736923076923077
0.086784
0.124752
0.12955015384615384
0.10222153846153846
0.04568676923076923
-0.0002086153846153846
-0.006049846153846154
0.021696
0.06696553846153847
0.10263876923076923
0.12767261538461538
0.14206707692307693
0.16710092307692306
0.18399876923076922
0.1570873846153846
0.09074769230769231
0.01981846153846154
-0.0014603076923076922
0.01940123076923077
0.058412307692307694
0.0974233846153846
0.11703323076923078
0.12016246153846154
0.12537784615384615
0.1151556923076923
0.078648
0.028163076923076923
-0.04693846153846153
-0.09554584615384615
-0.07948246153846153
-0.015646153846153844
0.059664
0.116616
0.17169046153846151
0.2140393846153846
0.2436627692307692
0.24282830769230768
0.18399876923076922
0.08699261538461538
-0.021904615384615383
-0.09012184615384615
-0.09554584615384615
-0.06300184615384616
-0.02044430769230769
0.02086153846153846
0.07009476923076922
0.11306953846153844
0.1316363076923077
0.11494707692307692
0.051528
-0.03963692307692308
-0.11140061538461538
-0.12370892307692308
-0.09116492307692307
-0.03692492307692308
0.01043076923076923
0.034630153846153845
0.06258461538461538
0.0717636923076923
0.04172307692307692
-0.02586830769230769
-0.11911938461538461
-0.1829556923076923
-0.19672430769230767
-0.14811692307692306
-0.06633969230769231
0.012516923076923077
0.0826116923076923
0.13747753846153846
0.18900553846153845
0.19568123076923075
0.17481969230769231
0.10806276923076923
-0.0014603076923076922
-0.06341907692307691
-0.07218092307692307
-0.012934153846153845
0.04860738461538461
0.09033046153846153
0.11995384615384615
0.12224861538461537
0.14811692307692306
0.1397723076923077
0.07760492307692309
-0.0035464615384615383
-0.07051199999999999
-0.08031692307692308
-0.05590892307692308
0.0002086153846153846
0.047772923076923074
0.06863446153846153
0.09971815384615385
0.12558646153846154
0.12850707692307692
0.07635323076923077
-0.0002086153846153846
-0.07343261538461537
-0.13872923076923074
-0.13643446153846153
-0.09053907692307692
-0.024199384615384616
0.022530461538461537
0.054657230769230764
0.111192
0.11974523076923077
0.09679753846153846
0.04714707692307692
-0.017940923076923077
-0.048816000000000005
-0.053614153846153846
-0.0029206153846153843
0.046104
0.07781353846153846
0.12162276923076921
0.1397723076923077
0.1422756923076923
0.09992676923076924
0.031918153846153846
-0.04088861538461538
-0.1045163076923077
-0.10493353846153847
-0.08010830769230769
-0.029832
0.015020307692307692
0.03713353846153846
0.06633969230769231
0.07739630769230768
0.0934596923076923
0.08073415384615384
0.03108369230769231
-0.030040615384615384
-0.06863446153846153
-0.05820369230769231
-0.05862092307692307
-0.033169846153846154
0.0016689230769230767
0.022947692307692308
0.05298830769230769
0.06571384615384615
0.08010830769230769
0.04631261538461538
-0.02044430769230769
-0.06425353846153846
-0.0798996923076923
-0.04652123076923077
-0.01814953846153846
0.0014603076923076922
0.02211323076923077
0.04380923076923077
0.0771876923076923
0.08636676923076922
0.05444861538461539
-0.01981846153846154
-0.08469784615384615
-0.11306953846153844
-0.10576799999999999
-0.06654830769230768
-0.03921969230769231
-0.011682461538461537
0.020027076923076922
0.05757784615384615
0.09846646153846153
0.09804923076923076
0.06675692307692307
0.015437538461538461
-0.035464615384615386
-0.05507446153846154
-0.05382276923076923
-0.03901107692307692
-0.022947692307692308
-0.0004172307692307692
0.04318338461538461
0.08490646153846154
0.10952307692307692
0.09721476923076922
0.04756430769230769
-0.012099692307692308
-0.054240000000000003
-0.06049846153846154
-0.05528307692307692
-0.0448523076923077
-0.040679999999999994
-0.017523692307692306
0.03692492307692308
0.09491999999999999
0.12767261538461538
0.078648
0.0004172307692307692
-0.07656184615384615
-0.11807630769230769
-0.11619876923076923
-0.1151556923076923
-0.0988836923076923
-0.09387692307692307
-0.04735569230769231
0.02899753846153846
0.07051199999999999
0.06633969230769231
0.00855323076923077
-0.031918153846153846
-0.06446215384615385
-0.07092923076923077
-0.05194523076923077
-0.049233230769230765
-0.03233538461538461
-0.011891076923076923
0.041514461538461535
0.09763200000000001
0.11035753846153845
