-0.023364923076923075
-0.016063384615384615
-0.023990769230769232
-0.020652923076923076
0.012099692307692308
0.06300184615384616
0.11077476923076923
0.1136953846153846
0.0717636923076923
0.010013538461538461
-0.033169846153846154
-0.03483876923076923
-0.031709538461538456
-0.03650769230769231
-0.03567323076923076
-0.026911384615384615
0.005841230769230769
0.04631261538461538
0.04944184615384615
0.02545107692307692
-0.014603076923076923
-0.040262769230769234
-0.04568676923076923
-0.03400430769230769
0.006884307692307692
0.01940123076923077
0.020652923076923076
0.044435076923076924
0.08448923076923077
0.11056615384615384
0.09283384615384616
0.053614153846153846
0.007510153846153846
-0.017523692307692306
-0.021487384615384613
-0.005424
0.004798153846153846
0.0029206153846153843
0.01814953846153846
0.03066646153846154
0.052153846153846155
0.049233230769230765
0.005424
-0.028163076923076923
-0.03963692307692308
-0.017732307692307693
0.02545107692307692
0.04965046153846154
0.04401784615384615
0.029832
0.03129230769230769
0.05716061538461538
0.07030338461538461
0.04735569230769231
0.0043809230769230765
-0.04526953846153846
-0.06133292307692308
-0.03650769230769231
-0.0029206153846153843
0.014811692307692307
0.013142769230769229
0.03024923076923077
0.0678
0.09971815384615385
0.10764553846153846
0.08740984615384616
0.06675692307692307
0.05674338461538461
0.06446215384615385
0.07885661538461539
0.06717415384615384
0.037967999999999995
0.02357353846153846
0.03275261538461539
0.03984553846153846
0.03212676923076923
0.014394461538461538
-0.01043076923076923
-0.016480615384615385
0.015646153846153844
0.05027630769230769
0.054240000000000003
0.03233538461538461
-0.005632615384615384
-0.024616615384615383
-0.01814953846153846
-0.0006258461538461538
0.003755076923076923
-0.02357353846153846
-0.038176615384615385
-0.02315630769230769
0.009179076923076922
0.04839876923076923
0.05757784615384615
0.0448523076923077
0.029414769230769227
0.02357353846153846
0.035255999999999996
0.035255999999999996
0.02482523076923077
0.006884307692307692
-0.0022947692307692304
0.005424
0.01814953846153846
0.022947692307692308
-0.0077187692307692304
-0.03337846153846154
-0.030875076923076922
-0.0043809230769230765
0.044435076923076924
0.06446215384615385
0.06216738461538462
0.050067692307692306
0.04380923076923077
0.05528307692307692
0.037342153846153844
-0.010639384615384617
-0.08073415384615384
-0.1314276923076923
-0.12350030769230769
-0.07948246153846153
-0.027120000000000002
0.010848
0.051319384615384614
0.09512861538461538
0.124752
0.130176
0.07677046153846154
-0.009804923076923077
-0.08490646153846154
-0.11035753846153845
-0.08574092307692306
-0.05757784615384615
-0.02586830769230769
-0.014394461538461538
-0.0043809230769230765
0.02044430769230769
0.03567323076923076
0.038176615384615385
0.006884307692307692
-0.025659692307692307
-0.03212676923076923
-0.022947692307692308
0.0077187692307692304
0.03942830769230769
0.06133292307692308
0.05528307692307692
0.040262769230769234
0.042557538461538466
0.017523692307692306
-0.03504738461538461
-0.10514215384615383
-0.16584923076923075
-0.17023015384615386
-0.11891076923076922
-0.03838523076923077
0.030875076923076922
0.08031692307692308
0.12496061538461539
0.1395636923076923
0.11953661538461538
0.052571076923076915
-0.06633969230769231
-0.16209415384615386
-0.19818461538461538
-0.157296
-0.07113784615384615
0.0035464615384615383
0.06487938461538462
0.09784061538461537
0.11140061538461538
0.12391753846153845
0.12204
0.06759138461538462
-0.02273907692307692
-0.09325107692307691
-0.10201292307692307
-0.06967753846153846
-0.03045784615384615
0.019609846153846155
0.05444861538461539
0.08094276923076923
0.09658892307692307
0.09304246153846155
0.059664
-0.005424
-0.06467076923076923
-0.09533723076923077
-0.08073415384615384
-0.029206153846153847
0.045895384615384616
0.0961716923076923
0.1178676923076923
0.15208061538461537
0.16251138461538459
0.12808984615384614
0.042557538461538466
-0.0678
-0.13768615384615385
-0.15500123076923078
-0.10368184615384615
-0.01043076923076923
0.07051199999999999
0.13518276923076925
0.17544553846153846
0.18232984615384615
0.1506203076923077
0.08031692307692308
-0.024199384615384616
-0.11599015384615384
-0.143736
-0.11703323076923078
-0.051319384615384614
0.03337846153846154
0.10514215384615383
0.15625292307692307
0.17523692307692307
0.1612596923076923
0.1178676923076923
0.03921969230769231
-0.03379569230769231
-0.07697907692307693
-0.08031692307692308
-0.051528
-0.0077187692307692304
0.05027630769230769
0.08907876923076924
0.13080184615384613
0.1704387692307692
0.16251138461538459
0.11181784615384616
0.03775938461538462
-0.017732307692307693
-0.04672984615384615
-0.04839876923076923
-0.006049846153846154
0.043392
0.07802215384615384
0.10618523076923077
0.13455692307692307
0.14415323076923076
0.09909230769230769
0.013768615384615384
-0.06487938461538462
