0.0826116923076923
0.08386338461538462
0.08219446153846154
0.08720123076923077
0.0897046153846154
0.06550523076923077
0.017315076923076923
-0.026285538461538457
-0.035464615384615386
-0.004798153846153846
0.04214030769230769
0.06550523076923077
0.08469784615384615
0.10785415384615385
0.12558646153846154
0.14582215384615385
0.13664307692307692
0.09053907692307692
0.030875076923076922
-0.021904615384615383
-0.04714707692307692
-0.04860738461538461
-0.053614153846153846
-0.061124307692307686
-0.05820369230769231
-0.0446436923076923
-0.011891076923076923
0.0033378461538461535
-0.01814953846153846
-0.07259815384615384
-0.13518276923076925
-0.15354092307692307
-0.14707384615384617
-0.11745046153846153
-0.07405846153846153
-0.034630153846153845
0.014811692307692307
0.037342153846153844
0.035464615384615386
-0.0006258461538461538
-0.08907876923076924
-0.1760713846153846
-0.23093723076923076
-0.22676492307692306
-0.18858830769230767
-0.1353913846153846
-0.07030338461538461
-0.03337846153846154
0.010848
0.05194523076923077
0.05736923076923077
0.02211323076923077
-0.05486584615384615
-0.11181784615384616
-0.12537784615384615
-0.10493353846153847
-0.07426707692307692
-0.05507446153846154
-0.02899753846153846
0.011891076923076923
0.06529661538461538
0.08344615384615384
0.05757784615384615
-0.0050067692307692304
-0.08636676923076922
-0.12350030769230769
-0.11035753846153845
-0.04902461538461538
0.010848
0.06258461538461538
0.12329169230769231
0.16647507692307692
0.18775384615384613
0.1476996923076923
0.056326153846153845
-0.03504738461538461
-0.09804923076923076
-0.09909230769230769
-0.051528
0.009804923076923077
0.08198584615384615
0.13852061538461538
0.17377661538461536
0.1858763076923077
0.16334584615384617
0.11202646153846153
0.017940923076923077
-0.06946892307692307
-0.0936683076923077
-0.05486584615384615
0.0033378461538461535
0.05486584615384615
0.09137353846153846
0.10868861538461538
0.11995384615384615
0.10430769230769231
0.05716061538461538
-0.022947692307692308
-0.10472492307692308
-0.1424843076923077
-0.13267938461538462
-0.07510153846153846
-0.0029206153846153843
0.06425353846153846
0.11181784615384616
0.14561353846153846
0.16084246153846155
0.11494707692307692
0.03609046153846154
-0.07030338461538461
-0.15813046153846153
-0.17565415384615385
-0.1506203076923077
-0.08428061538461538
-0.01856676923076923
0.03421292307692308
0.0826116923076923
0.09992676923076924
0.0936683076923077
0.04109723076923077
-0.043392
-0.12204
-0.16084246153846155
-0.12537784615384615
-0.07280676923076923
-0.016897846153846156
0.03755076923076923
0.0678
0.07405846153846153
0.048816000000000005
0.02586830769230769
-0.013351384615384614
-0.06467076923076923
-0.084072
-0.0717636923076923
-0.021278769230769233
0.03504738461538461
0.08365476923076923
0.12329169230769231
0.15291507692307693
0.1785747692307692
0.17398523076923075
0.14123261538461537
0.07843938461538462
0.031709538461538456
0.026494153846153844
0.04088861538461538
0.07781353846153846
0.10409907692307692
0.130176
0.16313723076923078
0.18921415384615384
0.2125790769230769
0.19004861538461537
0.1287156923076923
0.06300184615384616
0.01814953846153846
0.021278769230769233
0.03629907692307692
0.050067692307692306
0.058829538461538454
0.07656184615384615
0.10848000000000001
0.11098338461538461
0.09387692307692307
0.03504738461538461
-0.056951999999999996
-0.12308307692307692
-0.14477907692307693
-0.09950953846153845
-0.05757784615384615
-0.033169846153846154
0.011056615384615385
0.03880246153846154
0.06675692307692307
0.06633969230769231
0.04088861538461538
-0.0006258461538461538
-0.05319692307692307
-0.07656184615384615
-0.07802215384615384
-0.051528
-0.047981538461538464
-0.059872615384615385
-0.05319692307692307
-0.03859384615384615
-0.0022947692307692304
0.018983999999999997
-0.0012516923076923076
-0.043392
-0.08198584615384615
-0.10681107692307691
-0.0988836923076923
-0.07739630769230768
-0.08135999999999999
-0.07948246153846153
-0.05653476923076922
-0.009596307692307692
0.040262769230769234
0.029623384615384614
-0.01981846153846154
-0.08094276923076923
-0.11286092307692308
-0.0897046153846154
-0.07009476923076922
-0.056951999999999996
-0.047981538461538464
-0.015646153846153844
0.040679999999999994
0.08344615384615384
0.09950953846153845
0.06800861538461538
0.02858030769230769
0.0018775384615384615
0.012934153846153845
0.04902461538461538
0.06529661538461538
0.07739630769230768
0.073224
0.08240307692307691
0.1097316923076923
0.11891076923076922
0.10159569230769232
0.05382276923076923
0.012934153846153845
-0.003963692307692307
0.00855323076923077
0.037967999999999995
0.050067692307692306
0.07092923076923077
0.11306953846153844
0.1585476923076923
0.1990190769230769
0.19672430769230767
0.16647507692307692
0.11348676923076922
0.040054153846153843
0.011891076923076923
0.0070929230769230765
0.008761846153846153
0.021696
0.06279323076923077
0.1353913846153846
0.19526400000000002
