-0.03421292307692308
-0.11202646153846153
-0.15145476923076923
-0.14290153846153844
-0.08845292307692308
-0.02482523076923077
-0.0006258461538461538
0.020652923076923076
0.04088861538461538
0.07134646153846153
0.09971815384615385
0.086784
0.05027630769230769
-0.0077187692307692304
-0.022530461538461537
0.0008344615384615384
0.028788923076923077
0.053614153846153846
0.03650769230769231
0.049233230769230765
0.07948246153846153
0.11327815384615383
0.13080184615384613
0.07948246153846153
0.026702769230769228
-0.01981846153846154
-0.02273907692307692
0.02023569230769231
0.06905169230769231
0.12662953846153846
0.15562707692307692
0.1804523076923077
0.19046584615384615
0.17294215384615383
0.12454338461538461
0.026494153846153844
-0.05674338461538461
-0.09450276923076922
-0.07823076923076923
-0.014185846153846153
0.041514461538461535
0.08115138461538463
0.11181784615384616
0.13455692307692307
0.14290153846153844
0.11014892307692307
0.027328615384615382
-0.06425353846153846
-0.11160923076923077
-0.09491999999999999
-0.017940923076923077
0.06487938461538462
0.12913292307692306
0.17648861538461538
0.18107815384615383
0.16334584615384617
0.132888
0.05820369230769231
-0.051528
-0.14290153846153844
-0.1639716923076923
-0.119328
-0.05277969230769231
0.02023569230769231
0.09116492307692307
0.1489513846153846
0.18629353846153843
0.1881710769230769
0.146448
0.04526953846153846
-0.07635323076923077
-0.1504116923076923
-0.16021661538461537
-0.11807630769230769
-0.059872615384615385
0.0008344615384615384
0.04714707692307692
0.07343261538461537
0.06988615384615385
0.02482523076923077
-0.06070707692307692
-0.15833907692307692
-0.20548615384615385
-0.20277415384615383
-0.15103753846153847
-0.05674338461538461
0.016480615384615385
0.06049846153846154
0.08991323076923076
0.10076123076923077
0.078648
0.00855323076923077
-0.06717415384615384
-0.12266584615384615
-0.13330523076923076
-0.09909230769230769
-0.05716061538461538
-0.012934153846153845
0.015020307692307692
0.040262769230769234
0.06571384615384615
0.07739630769230768
0.07280676923076923
0.013768615384615384
-0.05027630769230769
-0.07843938461538462
-0.07155507692307693
-0.008136
0.054240000000000003
0.10806276923076923
0.14123261538461537
0.15374953846153847
0.1712732307692308
0.146448
0.08824430769230769
0.003755076923076923
-0.06884307692307692
-0.08574092307692306
-0.05799507692307692
0.0004172307692307692
0.05090215384615384
0.10243015384615384
0.14832553846153845
0.17628
0.17628
0.111192
0.010222153846153844
-0.08782707692307692
-0.12642092307692307
-0.07426707692307692
-0.004798153846153846
0.05090215384615384
0.07823076923076923
0.06216738461538462
0.06529661538461538
0.07426707692307692
0.07259815384615384
0.06154153846153846
0.006258461538461538
-0.03275261538461539
-0.032544
0.0008344615384615384
0.05194523076923077
0.09158215384615384
0.11327815384615383
0.12454338461538461
0.16063384615384615
0.16105107692307694
0.12788123076923075
0.06592246153846154
-0.016063384615384615
-0.04172307692307692
-0.04380923076923077
-0.0014603076923076922
0.047772923076923074
0.055491692307692304
0.06926030769230769
0.07802215384615384
0.09825784615384614
0.09867507692307692
0.054657230769230764
0.006675692307692307
-0.05194523076923077
-0.06717415384615384
-0.04547815384615384
-0.010848
0.04318338461538461
0.07030338461538461
0.09387692307692307
0.10952307692307692
0.10994030769230768
0.07051199999999999
-0.023364923076923075
-0.10117846153846152
-0.1395636923076923
-0.12308307692307692
-0.06279323076923077
-0.004589538461538461
0.04965046153846154
0.09074769230769231
0.11974523076923077
0.13518276923076925
0.11035753846153845
0.05799507692307692
-0.021904615384615383
-0.08448923076923077
-0.08699261538461538
-0.06341907692307691
-0.013351384615384614
0.027745846153846152
0.05799507692307692
0.09533723076923077
0.12204
0.1289243076923077
0.08448923076923077
0.009596307692307692
-0.07155507692307693
-0.11098338461538461
-0.09471138461538461
-0.06216738461538462
-0.014185846153846153
0.026702769230769228
0.07802215384615384
0.11286092307692308
0.11536430769230768
0.0934596923076923
0.023364923076923075
-0.04672984615384615
-0.09199938461538461
-0.09471138461538461
-0.08740984615384616
-0.07781353846153846
-0.0446436923076923
-0.023990769230769232
0.02273907692307692
0.06800861538461538
0.07510153846153846
0.046104
-0.016897846153846156
-0.05924676923076923
-0.08866153846153846
-0.09179076923076923
-0.06258461538461538
-0.04819015384615385
-0.034630153846153845
-0.01043076923076923
0.01940123076923077
0.03358707692307692
-0.006675692307692307
-0.05799507692307692
-0.0988836923076923
-0.11828492307692307
-0.09471138461538461
-0.06800861538461538
-0.045895384615384616
-0.037342153846153844
-0.013142769230769229
0.026494153846153844
0.04276615384615385
0.03588184615384615
-0.024199384615384616
-0.08469784615384615
-0.12558646153846154
-0.1314276923076923
