-0.015646153846153844
-0.06425353846153846
-0.09012184615384615
-0.06905169230769231
-0.05611753846153846
-0.0609156923076923
-0.06008123076923077
-0.03504738461538461
0.018775384615384614
0.06154153846153846
0.06738276923076922
0.03129230769230769
-0.020027076923076922
-0.056326153846153845
-0.06383630769230769
-0.0446436923076923
-0.022947692307692308
-0.0022947692307692304
0.01814953846153846
0.047772923076923074
0.08302892307692307
0.08219446153846154
0.04714707692307692
-0.011473846153846154
-0.06362769230769232
-0.06988615384615385
-0.054240000000000003
-0.04088861538461538
-0.033169846153846154
-0.025659692307692307
0.002086153846153846
0.04839876923076923
0.08094276923076923
0.06425353846153846
0.0077187692307692304
-0.04380923076923077
-0.06550523076923077
-0.04839876923076923
-0.023990769230769232
-0.015020307692307692
-0.0070929230769230765
0.006467076923076923
0.04276615384615385
0.09033046153846153
0.1151556923076923
0.10597661538461538
0.07551876923076924
0.043600615384615383
0.03150092307692308
0.052153846153846155
0.03921969230769231
-0.0006258461538461538
-0.0014603076923076922
0.02273907692307692
0.07489292307692308
0.11953661538461538
0.13330523076923076
0.111192
0.05757784615384615
0.037342153846153844
0.04172307692307692
0.04318338461538461
0.030875076923076922
-0.0014603076923076922
-0.011473846153846154
0.003755076923076923
0.03212676923076923
0.03045784615384615
-0.030040615384615384
-0.08428061538461538
-0.10159569230769232
-0.08240307692307691
-0.04088861538461538
-0.011473846153846154
-0.022530461538461537
-0.06341907692307691
-0.058829538461538454
-0.02524246153846154
-0.011891076923076923
-0.024616615384615383
-0.06738276923076922
-0.08636676923076922
-0.08344615384615384
-0.06425353846153846
-0.040054153846153843
-0.03567323076923076
-0.03483876923076923
-0.016272
0.0446436923076923
0.10430769230769231
0.11828492307692307
0.07405846153846153
0.004798153846153846
-0.0448523076923077
-0.07259815384615384
-0.07259815384615384
-0.06529661538461538
-0.06592246153846154
-0.03713353846153846
0.016480615384615385
0.0609156923076923
0.08636676923076922
0.06529661538461538
0.005632615384615384
-0.06571384615384615
-0.10263876923076923
-0.08761846153846153
-0.07843938461538462
-0.07781353846153846
-0.06571384615384615
-0.06133292307692308
-0.024616615384615383
0.03421292307692308
0.045895384615384616
0.023990769230769232
-0.02023569230769231
-0.0448523076923077
-0.017315076923076923
0.0002086153846153846
0.007510153846153846
0.006258461538461538
0.003129230769230769
0.028163076923076923
0.03921969230769231
0.03483876923076923
0.0012516923076923076
-0.04860738461538461
-0.06258461538461538
-0.06425353846153846
-0.051319384615384614
-0.042348923076923076
-0.05507446153846154
-0.06154153846153846
-0.04547815384615384
-0.010013538461538461
0.01272553846153846
-0.001043076923076923
-0.04422646153846154
-0.08782707692307692
-0.10076123076923077
-0.07489292307692308
-0.040054153846153843
-0.02545107692307692
-0.02545107692307692
-0.009179076923076922
0.015020307692307692
0.03400430769230769
0.03629907692307692
0.001043076923076923
-0.03609046153846154
-0.054240000000000003
-0.03838523076923077
-0.015020307692307692
-0.004589538461538461
0.003963692307692307
0.0022947692307692304
0.02086153846153846
0.05319692307692307
0.06946892307692307
0.05590892307692308
0.015437538461538461
-0.012308307692307691
-0.0025033846153846152
0.035464615384615386
0.06279323076923077
0.04839876923076923
0.021070153846153846
0.014394461538461538
0.026285538461538457
0.047981538461538464
0.049233230769230765
0.02482523076923077
-0.011891076923076923
-0.029832
-0.0012516923076923076
0.02211323076923077
0.017940923076923077
0.006049846153846154
0.011265230769230769
0.04109723076923077
0.08115138461538463
0.12913292307692306
0.14394461538461537
0.12496061538461539
0.11327815384615383
0.11411261538461538
0.12496061538461539
0.12996738461538462
0.10722830769230769
0.08428061538461538
0.07051199999999999
0.07134646153846153
0.09325107692307691
0.10764553846153846
0.11765907692307691
0.11891076923076922
0.14018953846153845
0.1637630769230769
0.16188553846153847
0.14060676923076923
0.08219446153846154
0.041514461538461535
0.029414769230769227
0.05590892307692308
0.09971815384615385
0.11223507692307692
0.11327815384615383
0.1178676923076923
0.11765907692307691
0.10827138461538462
0.07113784615384615
-0.006675692307692307
-0.06863446153846153
-0.0892873846153846
-0.06321046153846153
-0.012934153846153845
0.03942830769230769
0.09554584615384615
0.13747753846153846
0.165432
0.1639716923076923
0.12537784615384615
0.04965046153846154
-0.05069353846153846
-0.12788123076923075
-0.14603076923076924
-0.11849353846153846
-0.050067692307692306
0.007301538461538462
0.029623384615384614
0.05924676923076923
0.07927384615384615
0.07614461538461538
0.018983999999999997
-0.06967753846153846
-0.14123261538461537
-0.1794092307692308
-0.16063384615384615
-0.116616
-0.053405538461538456
-0.005841230769230769
0.025033846153846153
0.06905169230769231
