-0.10138707692307691
-0.06842584615384616
-0.045895384615384616
-0.016480615384615385
0.014603076923076923
0.043600615384615383
0.03921969230769231
0.01814953846153846
-0.02524246153846154
-0.09137353846153846
-0.12412615384615384
-0.10743692307692307
-0.061124307692307686
-0.013351384615384614
0.028788923076923077
0.06279323076923077
0.0963803076923077
0.11390399999999999
0.10117846153846152
0.06800861538461538
0.014185846153846153
-0.02524246153846154
-0.04860738461538461
-0.05820369230769231
-0.044435076923076924
-0.03838523076923077
-0.022530461538461537
0.009596307692307692
0.06759138461538462
0.11745046153846153
0.1097316923076923
0.07030338461538461
0.007510153846153846
-0.03421292307692308
-0.04088861538461538
-0.03233538461538461
-0.010013538461538461
-0.0035464615384615383
0.0018775384615384615
0.01814953846153846
0.016480615384615385
0.0035464615384615383
-0.029414769230769227
-0.08302892307692307
-0.11035753846153845
-0.08490646153846154
-0.03024923076923077
-0.0043809230769230765
0.007927384615384614
0.03400430769230769
0.06049846153846154
0.0988836923076923
0.13351384615384615
0.13184492307692308
0.08010830769230769
0.013351384615384614
-0.021278769230769233
-0.029414769230769227
-0.03880246153846154
-0.06258461538461538
-0.06216738461538462
-0.038176615384615385
0.0043809230769230765
0.059664
0.08469784615384615
0.07343261538461537
0.02545107692307692
-0.01043076923076923
-0.016897846153846156
-0.014185846153846153
-0.0018775384615384615
-0.005215384615384615
-0.006467076923076923
0.010848
0.03379569230769231
0.04401784615384615
0.008761846153846153
-0.04276615384615385
-0.0717636923076923
-0.08344615384615384
-0.06446215384615385
-0.03129230769230769
0.005632615384615384
0.02753723076923077
0.04714707692307692
0.09825784615384614
0.13747753846153846
0.15520984615384617
0.12120553846153845
0.07405846153846153
0.04526953846153846
0.029832
0.04109723076923077
0.017315076923076923
0.005424
0.010013538461538461
0.031709538461538456
0.09137353846153846
0.11599015384615384
0.10368184615384615
0.06633969230769231
0.021696
-0.00855323076923077
-0.019609846153846155
-0.02273907692307692
-0.02586830769230769
-0.019609846153846155
0.005215384615384615
0.045895384615384616
0.0855323076923077
0.10347323076923076
0.07802215384615384
0.030040615384615384
-0.005841230769230769
0.0008344615384615384
0.003963692307692307
-0.0022947692307692304
0.0014603076923076922
0.001043076923076923
0.018983999999999997
0.04276615384615385
0.05799507692307692
0.040054153846153843
0.015228923076923076
-0.013142769230769229
-0.03650769230769231
-0.021278769230769233
-0.026285538461538457
-0.043600615384615383
-0.04965046153846154
-0.023990769230769232
0.022947692307692308
0.04214030769230769
0.02211323076923077
-0.03129230769230769
-0.07259815384615384
-0.11181784615384616
-0.13080184615384613
-0.124752
-0.1395636923076923
-0.13184492307692308
-0.09575446153846154
-0.034630153846153845
0.042557538461538466
0.050067692307692306
0.010848
-0.03588184615384615
-0.07489292307692308
-0.07218092307692307
-0.06717415384615384
-0.04819015384615385
-0.037967999999999995
-0.03609046153846154
-0.0006258461538461538
0.035464615384615386
0.06717415384615384
0.05570030769230769
0.02273907692307692
-0.005424
-0.015228923076923076
0.03400430769230769
0.05507446153846154
0.04672984615384615
0.03775938461538462
0.031918153846153846
0.05820369230769231
0.08386338461538462
0.08991323076923076
0.059872615384615385
0.02545107692307692
0.011682461538461537
0.021696
0.04902461538461538
0.05611753846153846
0.05173661538461538
0.046104
0.05924676923076923
0.09450276923076922
0.11724184615384614
0.11911938461538461
0.08469784615384615
0.06487938461538462
0.09304246153846155
0.11974523076923077
0.14102399999999998
0.1289243076923077
0.09971815384615385
0.10013538461538461
0.12496061538461539
0.15520984615384617
0.14206707692307693
0.0936683076923077
0.03567323076923076
0.005215384615384615
0.03129230769230769
0.04839876923076923
0.058412307692307694
0.05570030769230769
0.041514461538461535
0.06988615384615385
0.08761846153846153
0.10535076923076922
0.11035753846153845
0.06362769230769232
0.028788923076923077
0.013560000000000001
0.025659692307692307
0.03212676923076923
0.005424
-0.00855323076923077
0.001043076923076923
0.04631261538461538
0.09679753846153846
0.11035753846153845
0.0892873846153846
0.054657230769230764
0.03838523076923077
0.03379569230769231
0.02044430769230769
-0.015020307692307692
-0.06049846153846154
-0.07531015384615385
-0.04902461538461538
0.013351384615384614
0.06216738461538462
0.06425353846153846
0.04380923076923077
0.024199384615384616
0.03442153846153846
0.03963692307692308
0.02044430769230769
-0.02086153846153846
-0.06404492307692307
-0.07885661538461539
-0.07572738461538461
-0.05236246153846154
-0.05298830769230769
-0.07572738461538461
-0.08845292307692308
-0.07259815384615384
-0.04819015384615385
-0.03045784615384615
-0.029623384615384614
-0.049233230769230765
