-0.03504738461538461
0.01940123076923077
0.07030338461538461
0.07531015384615385
0.051528
-0.001043076923076923
-0.05611753846153846
-0.07739630769230768
-0.06884307692307692
-0.05611753846153846
-0.06654830769230768
-0.05590892307692308
-0.013351384615384614
0.03483876923076923
0.07823076923076923
0.07468430769230769
0.040054153846153843
0.00855323076923077
0.003755076923076923
0.02858030769230769
0.043600615384615383
0.040054153846153843
0.026285538461538457
0.03108369230769231
0.06675692307692307
0.10535076923076922
0.12350030769230769
0.08699261538461538
0.034630153846153845
-0.010222153846153844
-0.034630153846153845
-0.01043076923076923
0.007510153846153846
0.011473846153846154
0.023990769230769232
0.05319692307692307
0.09158215384615384
0.1178676923076923
0.11348676923076922
0.06216738461538462
-0.005841230769230769
-0.042557538461538466
-0.04214030769230769
-0.042557538461538466
-0.058829538461538454
-0.06529661538461538
-0.042348923076923076
0.010848
0.06467076923076923
0.08636676923076922
0.07134646153846153
0.03129230769230769
0.0008344615384615384
0.0006258461538461538
0.018358153846153843
0.016063384615384615
-0.006884307692307692
-0.019609846153846155
-0.011056615384615385
0.02753723076923077
0.05194523076923077
0.027120000000000002
-0.02524246153846154
-0.07697907692307693
-0.0988836923076923
-0.11181784615384616
-0.12099692307692309
-0.11536430769230768
-0.11703323076923078
-0.10222153846153846
-0.06613107692307692
-0.028163076923076923
-0.013768615384615384
-0.052153846153846155
-0.09283384615384616
-0.11160923076923077
-0.11849353846153846
-0.09700615384615385
-0.08323753846153846
-0.08448923076923077
-0.07030338461538461
-0.0446436923076923
-0.0025033846153846152
0.03400430769230769
0.012308307692307691
-0.04214030769230769
-0.07113784615384615
-0.055491692307692304
-0.015646153846153844
0.0018775384615384615
0.013768615384615384
0.0446436923076923
0.07551876923076924
0.10514215384615383
0.11348676923076922
0.09137353846153846
0.040054153846153843
-0.02211323076923077
-0.042348923076923076
-0.03880246153846154
-0.028371692307692306
-0.02482523076923077
-0.019192615384615384
0.018775384615384614
0.056951999999999996
0.10117846153846152
0.12016246153846154
0.0855323076923077
0.019609846153846155
-0.02795446153846154
-0.02482523076923077
-0.008344615384615384
0.003755076923076923
-0.0006258461538461538
-0.006258461538461538
0.01043076923076923
0.03921969230769231
0.06863446153846153
0.05319692307692307
0.0033378461538461535
-0.009179076923076922
0.0004172307692307692
0.029623384615384614
0.054240000000000003
0.0446436923076923
0.046104
0.06362769230769232
0.09658892307692307
0.12162276923076921
0.10660246153846153
0.04985907692307692
-0.030040615384615384
-0.07384984615384615
-0.06863446153846153
-0.03921969230769231
-0.003129230769230769
0.01272553846153846
0.021696
0.04735569230769231
0.09387692307692307
0.11995384615384615
0.0897046153846154
0.0446436923076923
0.015854769230769228
0.0002086153846153846
0.012099692307692308
0.03838523076923077
0.03838523076923077
0.02315630769230769
0.022947692307692308
0.054240000000000003
0.0855323076923077
0.08761846153846153
0.07885661538461539
0.07113784615384615
0.06592246153846154
0.08219446153846154
0.11098338461538461
0.1356
0.12099692307692309
0.07009476923076922
0.06279323076923077
0.06070707692307692
0.04860738461538461
0.02315630769230769
-0.01668923076923077
-0.021696
-0.015646153846153844
0.009804923076923077
0.024199384615384616
-0.002086153846153846
-0.029623384615384614
-0.04652123076923077
-0.018775384615384614
0.021070153846153846
0.03379569230769231
0.052153846153846155
0.05924676923076923
0.06946892307692307
0.061124307692307686
0.04965046153846154
0.042348923076923076
0.006258461538461538
-0.009596307692307692
-0.013142769230769229
0.021278769230769233
0.043600615384615383
0.02232184615384615
0.020652923076923076
0.028163076923076923
0.059664
0.07927384615384615
0.07510153846153846
0.06425353846153846
0.03233538461538461
0.02899753846153846
0.05590892307692308
0.06425353846153846
0.06133292307692308
0.03984553846153846
0.021904615384615383
0.01668923076923077
0.011056615384615385
0.008136
-0.037967999999999995
-0.08907876923076924
-0.11411261538461538
-0.10368184615384615
-0.06258461538461538
-0.03880246153846154
-0.010639384615384617
-0.009596307692307692
-0.013142769230769229
0.010013538461538461
0.014185846153846153
0.0012516923076923076
-0.05570030769230769
-0.09241661538461539
-0.06905169230769231
-0.045895384615384616
-0.0016689230769230767
0.03692492307692308
0.06633969230769231
0.10055261538461538
0.10660246153846153
0.100344
0.07760492307692309
0.02795446153846154
-0.03400430769230769
-0.06988615384615385
-0.05799507692307692
-0.019609846153846155
0.03609046153846154
0.07155507692307693
0.08574092307692306
0.10347323076923076
0.10514215384615383
0.10409907692307692
0.07030338461538461
-0.010013538461538461
-0.06529661538461538
-0.06675692307692307
-0.024408000000000003
0.026702769230769228
