0.138312
0.10430769230769231
0.05277969230769231
0.012516923076923077
0.02023569230769231
0.03921969230769231
0.05862092307692307
0.061124307692307686
0.06487938461538462
0.0974233846153846
0.11995384615384615
0.1287156923076923
0.06863446153846153
-0.017940923076923077
-0.06258461538461538
-0.08198584615384615
-0.051319384615384614
-0.030875076923076922
-0.03066646153846154
-0.006884307692307692
0.017940923076923077
0.059664
0.09596307692307693
0.10764553846153846
0.06884307692307692
-0.010013538461538461
-0.05611753846153846
-0.08115138461538463
-0.09846646153846153
-0.10889723076923077
-0.10055261538461538
-0.06759138461538462
-0.024408000000000003
0.03045784615384615
0.06487938461538462
0.048816000000000005
0.003963692307692307
-0.029414769230769227
-0.04047138461538462
-0.029206153846153847
-0.03233538461538461
-0.04819015384615385
-0.04735569230769231
-0.02524246153846154
0.04109723076923077
0.092208
0.10117846153846152
0.09763200000000001
0.07280676923076923
0.059664
0.06216738461538462
0.06946892307692307
0.05653476923076922
0.015437538461538461
0.015437538461538461
0.06592246153846154
0.11306953846153844
0.12204
0.10076123076923077
0.06717415384615384
0.026076923076923077
0.011056615384615385
0.025659692307692307
0.04130584615384615
0.04944184615384615
0.047772923076923074
0.06028984615384615
0.09283384615384616
0.11432123076923076
0.09596307692307693
0.03859384615384615
0.004172307692307692
0.0025033846153846152
0.01272553846153846
0.031918153846153846
0.02232184615384615
-0.002086153846153846
-0.018358153846153843
-0.005215384615384615
0.035464615384615386
0.037967999999999995
0.0008344615384615384
-0.030040615384615384
-0.03442153846153846
-0.024408000000000003
-0.004589538461538461
0.0006258461538461538
-0.014603076923076923
-0.019609846153846155
-0.006675692307692307
0.01668923076923077
0.027120000000000002
0.0004172307692307692
-0.055491692307692304
-0.11181784615384616
-0.13622584615384614
-0.12099692307692309
-0.09825784615384614
-0.07134646153846153
-0.059872615384615385
-0.03650769230769231
0.03045784615384615
0.07760492307692309
0.08240307692307691
0.042348923076923076
-0.01668923076923077
-0.04756430769230769
-0.04318338461538461
-0.02524246153846154
-0.019609846153846155
-0.026494153846153844
-0.02858030769230769
-0.015646153846153844
0.010013538461538461
0.03859384615384615
0.04214030769230769
0.012516923076923077
-0.0014603076923076922
0.012308307692307691
0.016480615384615385
0.016897846153846156
0.005841230769230769
0.0022947692307692304
0.022947692307692308
0.041514461538461535
0.07218092307692307
0.07843938461538462
0.04756430769230769
0.022530461538461537
0.008136
0.011056615384615385
0.006258461538461538
-0.029623384615384614
-0.06070707692307692
-0.06195876923076923
-0.02482523076923077
0.03379569230769231
0.06884307692307692
0.08240307692307691
0.0826116923076923
0.07823076923076923
0.1028473846153846
0.12516923076923075
0.11327815384615383
0.08386338461538462
0.056951999999999996
0.07134646153846153
0.10764553846153846
0.14832553846153845
0.17169046153846151
0.15291507692307693
0.13080184615384613
0.10868861538461538
0.10889723076923077
0.09992676923076924
0.043600615384615383
-0.003963692307692307
-0.01043076923076923
0.014185846153846153
0.035464615384615386
0.047772923076923074
0.061124307692307686
0.056951999999999996
0.06529661538461538
0.07677046153846154
0.06821723076923077
0.03963692307692308
-0.03755076923076923
-0.08824430769230769
-0.10994030769230768
-0.10576799999999999
-0.05611753846153846
-0.04172307692307692
-0.02753723076923077
-0.0008344615384615384
0.02482523076923077
0.05403138461538461
0.031918153846153846
-0.014185846153846153
-0.07593599999999999
-0.11348676923076922
-0.0855323076923077
-0.048816000000000005
-0.005424
0.0002086153846153846
0.0043809230769230765
0.04693846153846153
0.07259815384615384
0.073224
0.026285538461538457
-0.024408000000000003
-0.08010830769230769
-0.10764553846153846
-0.07593599999999999
-0.03275261538461539
0.021278769230769233
0.026911384615384615
0.03775938461538462
0.07113784615384615
0.06487938461538462
0.056951999999999996
0.009804923076923077
-0.04672984615384615
-0.06571384615384615
-0.07092923076923077
-0.03504738461538461
0.0002086153846153846
0.022530461538461537
0.05236246153846154
0.08219446153846154
0.11014892307692307
0.09533723076923077
0.04214030769230769
-0.02524246153846154
-0.06675692307692307
-0.06425353846153846
-0.029414769230769227
0.030875076923076922
0.07426707692307692
0.09909230769230769
0.11557292307692307
0.12808984615384614
0.11557292307692307
0.04985907692307692
-0.03963692307692308
-0.11140061538461538
-0.12955015384615384
-0.10389046153846154
-0.06383630769230769
-0.021696
0.011682461538461537
0.03108369230769231
0.04631261538461538
0.046104
0.018983999999999997
-0.049233230769230765
-0.12558646153846154
-0.15520984615384617
-0.1395636923076923
-0.078648
-0.013560000000000001
0.030040615384615384
0.05674338461538461
0.06926030769230769
