-0.061124307692307686
-0.11014892307692307
-0.10389046153846154
-0.09283384615384616
-0.08365476923076923
-0.06258461538461538
-0.03108369230769231
0.024408000000000003
0.06133292307692308
0.06279323076923077
0.018775384615384614
-0.05048492307692308
-0.09158215384615384
-0.0880356923076923
-0.06028984615384615
-0.04985907692307692
-0.05319692307692307
-0.03755076923076923
0.003755076923076923
0.04965046153846154
0.07969107692307692
0.06759138461538462
0.010013538461538461
-0.037967999999999995
-0.05507446153846154
-0.05111076923076923
-0.03775938461538462
-0.03212676923076923
-0.03108369230769231
-0.013560000000000001
0.025659692307692307
0.0609156923076923
0.07030338461538461
0.040262769230769234
-0.0006258461538461538
-0.03212676923076923
-0.04672984615384615
-0.03296123076923077
-0.016897846153846156
-0.0008344615384615384
0.026911384615384615
0.0771876923076923
0.11640738461538462
0.12204
0.084072
0.013768615384615384
-0.03671630769230769
-0.054240000000000003
-0.03942830769230769
-0.029623384615384614
-0.02753723076923077
-0.01043076923076923
0.024408000000000003
0.07697907692307693
0.12683815384615382
0.12350030769230769
0.06571384615384615
-0.003963692307692307
-0.04839876923076923
-0.04693846153846153
-0.04652123076923077
-0.04088861538461538
-0.027120000000000002
-0.012099692307692308
0.022530461538461537
0.05716061538461538
0.07927384615384615
0.04819015384615385
-0.009179076923076922
-0.05069353846153846
-0.06967753846153846
-0.05757784615384615
-0.05236246153846154
-0.042557538461538466
-0.024408000000000003
0.02232184615384615
0.08907876923076924
0.11140061538461538
0.09012184615384615
0.018358153846153843
-0.051319384615384614
-0.08344615384615384
-0.09325107692307691
-0.07364123076923076
-0.07030338461538461
-0.05924676923076923
-0.016897846153846156
0.031918153846153846
0.08761846153846153
0.0826116923076923
0.04401784615384615
0.0043809230769230765
-0.03650769230769231
-0.017523692307692306
0.0035464615384615383
0.01981846153846154
0.027120000000000002
0.02044430769230769
0.04631261538461538
0.06258461538461538
0.06800861538461538
0.03755076923076923
-0.026702769230769228
-0.06487938461538462
-0.07259815384615384
-0.043600615384615383
-0.015020307692307692
0.009179076923076922
0.03296123076923077
0.040054153846153843
0.07343261538461537
0.09429415384615383
0.07656184615384615
0.03024923076923077
-0.03671630769230769
-0.059664
-0.04714707692307692
-0.01710646153846154
0.0077187692307692304
0.016480615384615385
0.030040615384615384
0.05444861538461539
0.09429415384615383
0.09867507692307692
0.05799507692307692
-0.007301538461538462
-0.05653476923076922
-0.06154153846153846
-0.0446436923076923
-0.016480615384615385
-0.0029206153846153843
0.015228923076923076
0.037342153846153844
0.07739630769230768
0.1314276923076923
0.11494707692307692
0.05069353846153846
-0.02211323076923077
-0.07092923076923077
-0.06133292307692308
-0.03421292307692308
-0.00855323076923077
0.005215384615384615
0.008136
0.02482523076923077
0.042974769230769226
0.053405538461538456
0.03483876923076923
0.004589538461538461
-0.0006258461538461538
-0.0033378461538461535
0.010848
0.009804923076923077
-0.024199384615384616
-0.04547815384615384
-0.0448523076923077
-0.01814953846153846
0.0006258461538461538
0.006675692307692307
0.013560000000000001
0.007510153846153846
0.013768615384615384
0.03609046153846154
0.04401784615384615
0.021070153846153846
-0.019192615384615384
-0.029414769230769227
-0.023364923076923075
-0.0043809230769230765
0.020027076923076922
0.01710646153846154
0.009387692307692307
-0.003755076923076923
0.008136
0.02482523076923077
0.020652923076923076
0.012516923076923077
-0.009179076923076922
-0.0018775384615384615
0.032544
0.07343261538461537
0.09804923076923076
0.09930092307692308
0.10868861538461538
0.11974523076923077
0.12767261538461538
0.12975876923076923
0.10055261538461538
0.054657230769230764
0.032544
0.04193169230769231
0.08010830769230769
0.11473846153846154
0.13747753846153846
0.16188553846153847
0.18399876923076922
0.20632061538461538
0.20632061538461538
0.16584923076923075
0.09241661538461539
0.03212676923076923
0.00855323076923077
0.009387692307692307
0.03713353846153846
0.05298830769230769
0.056951999999999996
0.06341907692307691
0.06133292307692308
0.07238953846153846
0.05403138461538461
0.00855323076923077
-0.02524246153846154
-0.04944184615384615
-0.041514461538461535
-0.022530461538461537
-0.008344615384615384
-0.015228923076923076
-0.027120000000000002
-0.008136
0.013142769230769229
0.03337846153846154
0.011891076923076923
-0.05319692307692307
-0.10994030769230768
-0.1422756923076923
-0.12767261538461538
-0.10368184615384615
-0.08094276923076923
-0.04172307692307692
-0.0029206153846153843
0.04130584615384615
0.06195876923076923
0.03692492307692308
-0.020027076923076922
-0.08636676923076922
-0.11494707692307692
-0.10389046153846154
-0.07238953846153846
-0.03755076923076923
-0.013560000000000001
0.003755076923076923
0.010639384615384617
0.016063384615384615
0.003755076923076923
